0 0.0421875 0.0609375 0.04453125 0.0296875
2 0.2234375 0.059375 0.26328125 0.02265625
0 0.96015625 0.06171875 0.06953125 0.034375
4 0.4984375 0.24453125 0.99453125 0.3046875
2 0.50234375 0.4390625 0.31875 0.0390625
4 0.17578125 0.50546875 0.2453125 0.15859375
7 0.43359375 0.484375 0.18125 0.0484375
7 0.1578125 0.60546875 0.24375 0.0234375
7 0.50234375 0.78203125 0.6296875 0.02734375
7 0.25078125 0.88515625 0.28203125 0.05078125
4 0.0609375 0.8671875 0.04453125 0.0265625
0 0.49296875 0.56953125 0.29453125 0.03828125
0 0.81328125 0.56796875 0.2921875 0.0375
4 0.26015625 0.67265625 0.12578125 0.08515625
4 0.41875 0.67109375 0.1265625 0.0796875
4 0.5796875 0.6703125 0.1234375 0.08203125
4 0.7390625 0.6734375 0.128125 0.08125
7 0.2609375 0.72890625 0.10234375 0.01796875
7 0.421875 0.728125 0.10546875 0.015625
7 0.5796875 0.7296875 0.0875 0.01953125
7 0.740625 0.72890625 0.06953125 0.01796875