0 0.078125 0.0640625 0.09609375 0.06015625
0 0.17421875 0.0640625 0.0953125 0.06171875
0 0.26328125 0.0640625 0.08046875 0.06171875
0 0.36171875 0.06484375 0.11328125 0.0625
0 0.9515625 0.065625 0.0328125 0.02890625
1 0.4625 0.13515625 0.88515625 0.04140625
5 0.11796875 0.1375 0.09296875 0.02265625
0 0.04921875 0.1359375 0.0453125 0.0265625
0 0.95546875 0.134375 0.03125 0.0375
7 0.30859375 0.35234375 0.36640625 0.028125
2 0.30859375 0.55625 0.14765625 0.0296875
3 0.50078125 0.88828125 0.9984375 0.12421875
6 0.2671875 0.76484375 0.2140625 0.02265625
6 0.73515625 0.7453125 0.30390625 0.02421875
7 0.26640625 0.7015625 0.26953125 0.0640625
7 0.73125 0.68671875 0.20625 0.02734375
7 0.73125 0.62734375 0.43671875 0.02265625
4 0.734375 0.5625 0.4421875 0.1859375
0 0.7328125 0.628125 0.4453125 0.321875
0 0.26796875 0.628125 0.45 0.32265625