0 0.06171875 0.06171875 0.06796875 0.0359375
2 0.21484375 0.06015625 0.17421875 0.0265625
0 0.82109375 0.0625 0.1875 0.0375
0 0.94921875 0.0546875 0.0390625 0.03203125
4 0.09765625 0.196875 0.125 0.09765625
4 0.90234375 0.1953125 0.16953125 0.09375
7 0.2546875 0.11875 0.23359375 0.03125
7 0.7453125 0.11875 0.190625 0.028125
7 0.47109375 0.32421875 0.7578125 0.1328125
7 0.47578125 0.45234375 0.77109375 0.10078125
7 0.475 0.5234375 0.76484375 0.03515625
7 0.4796875 0.559375 0.7640625 0.03515625
7 0.4796875 0.60546875 0.75859375 0.0546875
7 0.48125 0.65 0.7578125 0.025
7 0.48203125 0.69375 0.75859375 0.059375
7 0.4828125 0.740625 0.7546875 0.03515625
7 0.48125 0.77734375 0.753125 0.0390625
7 0.48125 0.821875 0.75234375 0.046875
7 0.48359375 0.87890625 0.75703125 0.0671875
3 0.4984375 0.925 0.53203125 0.05390625
4 0.2421875 0.32421875 0.0546875 0.03984375
4 0.825 0.4515625 0.0546875 0.03203125
4 0.23828125 0.52109375 0.06171875 0.0390625
4 0.23984375 0.55859375 0.059375 0.03203125
4 0.81796875 0.60078125 0.07578125 0.0296875
4 0.2390625 0.64609375 0.0390625 0.03359375
4 0.81875 0.69375 0.06796875 0.021875
4 0.240625 0.7390625 0.04140625 0.03125
4 0.8203125 0.775 0.040625 0.0375
4 0.240625 0.82109375 0.07109375 0.01796875
4 0.821875 0.88125 0.06015625 0.01875