2 0.47578125 0.06171875 0.19765625 0.03359375
0 0.9609375 0.05859375 0.0328125 0.03359375
0 0.07890625 0.265625 0.04453125 0.3515625
0 0.50234375 0.26953125 0.29375 0.1875
0 0.30390625 0.68203125 0.046875 0.22109375
0 0.40078125 0.6828125 0.059375 0.22578125
0 0.4984375 0.68125 0.06640625 0.22265625
0 0.596875 0.68359375 0.0578125 0.221875
0 0.6953125 0.6828125 0.05859375 0.22265625
0 0.4796875 0.49765625 0.19453125 0.03203125
7 0.04375 0.275 0.03359375 0.103125
7 0.11171875 0.49375 0.11796875 0.02421875
7 0.303125 0.81875 0.03046875 0.01953125
7 0.4 0.81953125 0.046875 0.01796875
7 0.49921875 0.81875 0.0484375 0.01875
7 0.59921875 0.8203125 0.0484375 0.01796875
7 0.69921875 0.81953125 0.04375 0.01796875