0 0.06015625 0.0609375 0.04375 0.02890625
0 0.95234375 0.06171875 0.03046875 0.03515625
4 0.51015625 0.06015625 0.190625 0.0453125
4 0.50078125 0.26875 0.9984375 0.3546875
4 0.50390625 0.26953125 0.69453125 0.3296875
2 0.2890625 0.52578125 0.5109375 0.0265625
7 0.12734375 0.48203125 0.16875 0.01796875
7 0.1046875 0.5640625 0.14921875 0.01796875
7 0.25078125 0.60859375 0.4421875 0.0453125
4 0.4625 0.8109375 0.9015625 0.2828125
7 0.19375 0.70546875 0.2078125 0.0234375
7 0.2015625 0.73125 0.215625 0.0171875
7 0.2125 0.75078125 0.24140625 0.015625
7 0.17890625 0.78125 0.18203125 0.01875
7 0.19921875 0.80625 0.2015625 0.01796875
7 0.215625 0.82734375 0.2375 0.01328125
7 0.49375 0.721875 0.19765625 0.0171875
7 0.49765625 0.79921875 0.2125 0.0171875
7 0.48203125 0.76171875 0.15390625 0.02890625
7 0.7203125 0.7515625 0.19453125 0.0328125