4 0.5015625 0.48671875 0.95625 0.921875
1 0.4984375 0.0578125 0.9328125 0.03984375
5 0.10859375 0.05625 0.1171875 0.0265625
0 0.92734375 0.0578125 0.0359375 0.0265625
0 0.103125 0.14375 0.1171875 0.0921875
0 0.25859375 0.14453125 0.1421875 0.09140625
0 0.41796875 0.1453125 0.13828125 0.09296875
0 0.73984375 0.76484375 0.1078125 0.09140625
0 0.90390625 0.76484375 0.13515625 0.09375
0 0.09765625 0.9 0.08515625 0.0546875
0 0.23203125 0.9 0.0890625 0.04921875
0 0.36640625 0.8984375 0.0796875 0.04921875
0 0.5 0.90078125 0.0859375 0.05
0 0.63359375 0.9 0.0921875 0.05078125
0 0.76640625 0.9 0.078125 0.05703125
0 0.90078125 0.9015625 0.0984375 0.04921875
4 0.74140625 0.75546875 0.1046875 0.06796875
4 0.90078125 0.75625 0.1078125 0.06640625
7 0.740625 0.80234375 0.075 0.01640625
7 0.90078125 0.803125 0.09921875 0.015625
7 0.41796875 0.178125 0.1390625 0.01640625
7 0.2609375 0.178125 0.12734375 0.01640625
7 0.103125 0.17890625 0.0875 0.01484375
4 0.1015625 0.13125 0.09453125 0.059375
4 0.26171875 0.1296875 0.0703125 0.046875
4 0.41640625 0.13203125 0.11953125 0.059375