0 0.059375 0.05859375 0.0484375 0.0453125
0 0.7953125 0.059375 0.065625 0.04609375
0 0.87890625 0.0625 0.065625 0.05
0 0.95546875 0.0625 0.065625 0.05
0 0.15703125 0.146875 0.159375 0.11640625
0 0.85546875 0.15 0.2109375 0.1078125
4 0.14765625 0.12890625 0.09921875 0.06484375
4 0.8515625 0.12890625 0.11484375 0.06015625
7 0.14765625 0.18203125 0.11953125 0.015625
7 0.85546875 0.1859375 0.20625 0.02265625
7 0.49921875 0.159375 0.26953125 0.08359375
0 0.17734375 0.22734375 0.34609375 0.04375
0 0.5109375 0.228125 0.3171875 0.04765625
0 0.83359375 0.22578125 0.3296875 0.0453125
7 0.17421875 0.22734375 0.14375 0.02265625
7 0.4953125 0.22890625 0.10703125 0.0234375
7 0.81640625 0.23203125 0.17421875 0.01953125
7 0.30234375 0.31015625 0.5375 0.07265625