4 0.0828125 0.059375 0.06953125 0.05078125
2 0.196875 0.059375 0.1546875 0.03203125
0 0.79765625 0.0609375 0.0625 0.03671875
0 0.875 0.06171875 0.06640625 0.03984375
0 0.94921875 0.059375 0.04453125 0.03828125
0 0.384375 0.1203125 0.22265625 0.04765625
0 0.65078125 0.11796875 0.31015625 0.04921875
0 0.16640625 0.30703125 0.2828125 0.284375
0 0.50078125 0.309375 0.28515625 0.29453125
0 0.8359375 0.309375 0.28125 0.2984375
4 0.165625 0.284375 0.2546875 0.234375
4 0.49921875 0.2859375 0.2578125 0.23828125
4 0.83359375 0.2828125 0.2578125 0.23671875
7 0.16875 0.42734375 0.26796875 0.03515625
7 0.4984375 0.4296875 0.27109375 0.040625
7 0.8328125 0.4296875 0.26328125 0.03828125