4 0.0625 0.0546875 0.0828125 0.0515625
0 0.05 0.05859375 0.1 0.0578125
0 0.31953125 0.05390625 0.39375 0.05546875
7 0.234375 0.05390625 0.21796875 0.0296875
0 0.83828125 0.05234375 0.05546875 0.046875
0 0.946875 0.05390625 0.03515625 0.04296875
0 0.96953125 0.11015625 0.04375 0.04140625
4 0.034375 0.1078125 0.05234375 0.04140625
2 0.29765625 0.26640625 0.4984375 0.03203125
5 0.15078125 0.29921875 0.209375 0.01953125
5 0.37578125 0.3 0.18515625 0.02109375
7 0.4890625 0.45390625 0.878125 0.075
0 0.746875 0.16484375 0.1609375 0.0328125
0 0.9078125 0.165625 0.1359375 0.0390625
0 0.353125 0.165625 0.0890625 0.0234375
0 0.25625 0.165625 0.07890625 0.0265625
0 0.17890625 0.16484375 0.0703125 0.0203125
0 0.08515625 0.165625 0.11640625 0.02421875
7 0.17890625 0.52734375 0.2578125 0.04140625
7 0.25546875 0.57265625 0.40703125 0.02265625
7 0.128125 0.60390625 0.16875 0.0203125
7 0.296875 0.6578125 0.50625 0.05859375
7 0.33125 0.73828125 0.57109375 0.075
7 0.29375 0.828125 0.48359375 0.06796875
3 0.50078125 0.9140625 0.99765625 0.075
0 0.8890625 0.91328125 0.16640625 0.0390625
0 0.0296875 0.9140625 0.03046875 0.0203125