4 0.09140625 0.39296875 0.0453125 0.02578125
2 0.203125 0.39140625 0.16484375 0.03046875
0 0.1046875 0.4640625 0.03828125 0.02734375
5 0.2640625 0.46484375 0.265625 0.02109375
1 0.50078125 0.51171875 0.83515625 0.04609375
7 0.140625 0.515625 0.0984375 0.03359375
0 0.50078125 0.5875 0.909375 0.0546875
0 0.021875 0.059375 0.04296875 0.03828125
0 0.7375 0.0578125 0.0453125 0.0421875
0 0.83984375 0.05703125 0.0546875 0.04609375
0 0.9484375 0.05546875 0.04296875 0.040625
2 0.21015625 0.05703125 0.18671875 0.03046875
4 0.078125 0.05625 0.0578125 0.0390625
2 0.11796875 0.103125 0.22421875 0.028125
1 0.49921875 0.15 0.9984375 0.0609375
1 0.496875 0.2171875 0.99375 0.059375
1 0.503125 0.284375 0.99375 0.05078125
1 0.50078125 0.69765625 0.99765625 0.06171875
5 0.07890625 0.13359375 0.15234375 0.0234375
5 0.04765625 0.19921875 0.0953125 0.0234375
5 0.05546875 0.26953125 0.10234375 0.0203125
5 0.0375 0.33125 0.05390625 0.01953125
5 0.03046875 0.68046875 0.059375 0.01953125
7 0.16171875 0.165625 0.29765625 0.03203125
7 0.06640625 0.2328125 0.0953125 0.02578125
7 0.0921875 0.296875 0.1671875 0.02109375