2 0.221875 0.05703125 0.23515625 0.03359375
4 0.06171875 0.05546875 0.0734375 0.05078125
0 0.0109375 0.0578125 0.021875 0.04765625
0 0.72734375 0.05703125 0.08046875 0.04375
0 0.84140625 0.0546875 0.06953125 0.03671875
0 0.94765625 0.06015625 0.0875 0.05546875
2 0.11796875 0.1125 0.20625 0.03046875
2 0.13203125 0.62421875 0.2234375 0.0296875
6 0.94609375 0.62734375 0.09140625 0.02109375
4 0.1453125 0.2125 0.215625 0.1359375
4 0.62578125 0.21484375 0.20625 0.13515625
4 0.14765625 0.36796875 0.2109375 0.13671875
4 0.625 0.3703125 0.2125 0.1359375
4 0.14375 0.52265625 0.209375 0.134375
4 0.62734375 0.525 0.209375 0.13671875
4 0.146875 0.765625 0.21015625 0.2078125
4 0.61953125 0.76171875 0.21875 0.20234375
4 0.14375 0.91484375 0.21328125 0.071875
4 0.62578125 0.91953125 0.2140625 0.07578125
7 0.34296875 0.2125 0.14921875 0.06875
7 0.8265625 0.21328125 0.1609375 0.06484375
7 0.35625 0.3703125 0.1796875 0.06875
7 0.81171875 0.36875 0.1328125 0.071875
7 0.33671875 0.525 0.1484375 0.07109375
7 0.84375 0.5265625 0.20078125 0.07421875
7 0.38359375 0.70390625 0.2375 0.04609375
7 0.85625 0.70078125 0.21640625 0.046875
7 0.3765625 0.9171875 0.2359375 0.053125
7 0.8515625 0.9171875 0.21953125 0.0484375
0 0.325 0.8234375 0.1 0.03828125
0 0.8046875 0.825 0.096875 0.0375