1 0.49921875 0.15234375 0.52109375 0.01953125
5 0.271875 0.15234375 0.05390625 0.01328125
0 0.78828125 0.15234375 0.0578125 0.0171875
0 0.875 0.15234375 0.01953125 0.01484375
0 0.93984375 0.153125 0.06953125 0.0203125
0 0.27578125 0.18515625 0.15625 0.03046875
0 0.3890625 0.1859375 0.06953125 0.02734375
0 0.4671875 0.18515625 0.0875 0.028125
0 0.56796875 0.184375 0.10859375 0.02890625
0 0.4953125 0.27578125 0.075 0.02265625
0 0.61953125 0.2765625 0.15859375 0.0234375
7 0.2765625 0.184375 0.07578125 0.01328125
7 0.39296875 0.18515625 0.040625 0.0109375
7 0.4703125 0.18359375 0.07421875 0.01484375
7 0.56953125 0.184375 0.08984375 0.01328125
2 0.1390625 0.153125 0.1390625 0.0234375
0 0.09921875 0.1859375 0.1921875 0.03046875
0 0.1015625 0.21328125 0.1890625 0.025
0 0.10234375 0.23671875 0.184375 0.02109375
4 0.340625 0.27578125 0.20390625 0.1265625
2 0.625 0.225 0.3390625 0.021875
7 0.5484375 0.2484375 0.1859375 0.0234375
4 0.3265625 0.465625 0.16171875 0.1765625
4 0.49140625 0.46484375 0.1546875 0.178125
4 0.659375 0.4640625 0.1578125 0.17421875
4 0.8234375 0.46484375 0.1546875 0.17578125
4 0.93125 0.46328125 0.04375 0.1734375
0 0.97578125 0.46875 0.0328125 0.046875
2 0.30859375 0.65234375 0.1390625 0.01953125
7 0.5984375 0.771875 0.7296875 0.20625
0 0.28828125 0.8859375 0.0953125 0.01953125
2 0.29375 0.93515625 0.11015625 0.0234375
7 0.49765625 0.60703125 0.384375 0.0125
0 0.88828125 0.6078125 0.08203125 0.01796875
0 0.01171875 0.26328125 0.02265625 0.0359375
0 0.11015625 0.27109375 0.1625 0.02265625
0 0.11328125 0.2921875 0.165625 0.015625
0 0.1078125 0.3125 0.15703125 0.02421875
0 0.0984375 0.3359375 0.19609375 0.021875
0 0.09765625 0.35625 0.1953125 0.01875
0 0.096875 0.3765625 0.19375 0.015625
0 0.09765625 0.39609375 0.19296875 0.01640625
0 0.0984375 0.4140625 0.19453125 0.015625
0 0.1 0.4328125 0.19453125 0.01640625
7 0.63046875 0.275 0.096875 0.0140625
4 0.0421875 0.15234375 0.0421875 0.02421875