4 0.05078125 0.05234375 0.04296875 0.0296875
2 0.1890625 0.05234375 0.2078125 0.0359375
0 0.96953125 0.05234375 0.06015625 0.03515625
0 0.2515625 0.2234375 0.46953125 0.26484375
0 0.74375 0.22421875 0.4671875 0.2640625
0 0.2546875 0.50546875 0.4671875 0.265625
0 0.74609375 0.50546875 0.46328125 0.26875
0 0.25546875 0.78828125 0.46953125 0.27109375
0 0.74765625 0.7875 0.46640625 0.26796875
4 0.246875 0.20859375 0.13203125 0.06484375
4 0.74375 0.2125 0.13671875 0.05546875
4 0.25234375 0.4890625 0.1265625 0.06171875
4 0.74453125 0.49375 0.13515625 0.0578125
4 0.25234375 0.7734375 0.125 0.0671875
4 0.746875 0.76953125 0.10625 0.06328125
7 0.2546875 0.25625 0.109375 0.025
7 0.7484375 0.25546875 0.0765625 0.0234375
7 0.2546875 0.5375 0.109375 0.0234375
7 0.746875 0.5375 0.09765625 0.0203125
7 0.2546875 0.81953125 0.15 0.02421875
7 0.74765625 0.815625 0.11171875 0.01875