2 0.50078125 0.45234375 0.3515625 0.028125
4 0.50078125 0.50546875 0.30078125 0.0484375
0 0.03828125 0.0515625 0.0609375 0.03203125
2 0.1109375 0.05234375 0.06015625 0.03046875
7 0.95078125 0.053125 0.0890625 0.02578125
7 0.32734375 0.09921875 0.62109375 0.0203125
2 0.24609375 0.13125 0.421875 0.02421875
7 0.44921875 0.19296875 0.421875 0.05859375
7 0.909375 0.17265625 0.09453125 0.0296875
0 0.2953125 0.2515625 0.103125 0.028125
7 0.13125 0.31015625 0.1671875 0.0390625
0 0.8671875 0.30859375 0.16171875 0.02578125
4 0.14296875 0.20546875 0.18203125 0.08046875
7 0.17734375 0.7421875 0.2734375 0.02890625
7 0.49921875 0.80234375 0.9546875 0.0203125
7 0.5 0.828125 0.95625 0.02265625
7 0.5015625 0.8578125 0.9546875 0.02109375
0 0.46328125 0.9078125 0.8640625 0.04921875
0 0.9421875 0.909375 0.05625 0.0484375