0 0.18359375 0.84453125 0.3671875 0.0703125
0 0.18515625 0.9203125 0.3703125 0.08046875
0 0.515625 0.846875 0.2984375 0.0734375
0 0.83046875 0.846875 0.33203125 0.07421875
0 0.51796875 0.92109375 0.29375 0.0796875
4 0.8328125 0.9234375 0.334375 0.071875
4 0.49609375 0.45859375 0.52109375 0.27109375
4 0.50234375 0.11171875 0.496875 0.046875
7 0.41171875 0.059375 0.32734375 0.0484375
0 0.7265625 0.0546875 0.06484375 0.059375
7 0.16796875 0.86796875 0.140625 0.025
7 0.1671875 0.93828125 0.1296875 0.02265625
7 0.5 0.86875 0.11640625 0.02578125
7 0.496875 0.93984375 0.0765625 0.0234375
7 0.83203125 0.86953125 0.096875 0.02578125
7 0.83046875 0.94140625 0.07421875 0.01875
4 0.1703125 0.8375 0.053125 0.02109375
4 0.4984375 0.83359375 0.06015625 0.03125
4 0.828125 0.83515625 0.06875 0.02890625
4 0.83125 0.90625 0.0625 0.028125
4 0.49921875 0.90546875 0.03671875 0.03046875
4 0.16875 0.90546875 0.05390625 0.02890625