2 0.10625 0.05703125 0.15859375 0.025
7 0.05546875 0.115625 0.06484375 0.0234375
7 0.46484375 0.1140625 0.09375 0.028125
0 0.915625 0.0484375 0.046875 0.03046875
0 0.2671875 0.171875 0.53203125 0.05
0 0.265625 0.22578125 0.528125 0.05078125
0 0.26640625 0.27734375 0.53046875 0.04140625
0 0.26640625 0.3265625 0.53125 0.04609375
0 0.2671875 0.396875 0.53203125 0.04765625
0 0.26640625 0.45 0.53046875 0.040625
0 0.2671875 0.5125 0.52734375 0.0453125
0 0.26484375 0.58359375 0.5296875 0.03984375
0 0.2671875 0.63125 0.53125 0.03515625
0 0.26640625 0.68203125 0.5296875 0.03984375
0 0.26484375 0.73046875 0.5296875 0.040625
0 0.26328125 0.80234375 0.5265625 0.04140625
0 0.26484375 0.84921875 0.528125 0.03671875
0 0.26640625 0.9015625 0.525 0.03828125
7 0.23203125 0.17734375 0.20859375 0.025
7 0.2109375 0.228125 0.16484375 0.02421875
7 0.225 0.27890625 0.19296875 0.0203125
7 0.1921875 0.32890625 0.12734375 0.0203125
7 0.1953125 0.39765625 0.12734375 0.0234375
7 0.159375 0.4484375 0.06015625 0.01953125
7 0.1765625 0.515625 0.10078125 0.0203125
7 0.23984375 0.5828125 0.22421875 0.01953125
7 0.22265625 0.6328125 0.196875 0.01953125
7 0.22109375 0.68359375 0.17890625 0.01953125
7 0.22734375 0.7296875 0.1921875 0.0171875
7 0.24453125 0.8015625 0.23671875 0.0265625
7 0.20859375 0.85 0.16484375 0.021875
7 0.15703125 0.90078125 0.06171875 0.0234375
4 0.059375 0.178125 0.0390625 0.0203125
4 0.06015625 0.22890625 0.03984375 0.02578125
4 0.0609375 0.27734375 0.03984375 0.01875
4 0.06015625 0.328125 0.03984375 0.02734375
4 0.059375 0.39609375 0.046875 0.028125
4 0.06015625 0.446875 0.0421875 0.02578125
4 0.05859375 0.5140625 0.034375 0.025
4 0.06015625 0.58203125 0.0328125 0.01953125
4 0.06015625 0.63203125 0.03515625 0.02265625
4 0.059375 0.6828125 0.04453125 0.0234375
4 0.0609375 0.73125 0.034375 0.0203125
4 0.06015625 0.79921875 0.03515625 0.021875
4 0.05859375 0.8484375 0.0421875 0.02578125
4 0.059375 0.9 0.03671875 0.02421875
4 0.703125 0.71796875 0.1015625 0.05546875
4 0.903125 0.71796875 0.09375 0.0625
4 0.58125 0.9265625 0.0484375 0.03203125
4 0.75 0.92890625 0.053125 0.034375
4 0.91640625 0.92578125 0.0734375 0.03515625
4 0.90625 0.1546875 0.15234375 0.09296875