2 0.50078125 0.07890625 0.15625 0.0234375
4 0.5 0.13671875 1 0.22109375
0 0.03671875 0.08046875 0.028125 0.0265625
0 0.9671875 0.07890625 0.04375 0.02734375
2 0.09375 0.26875 0.15234375 0.02890625
0 0.5 0.3109375 1 0.05
0 0.4984375 0.36328125 0.9921875 0.04453125
0 0.4984375 0.41328125 0.996875 0.0484375
0 0.5 0.465625 0.99453125 0.05
0 0.5 0.5171875 0.99453125 0.046875
0 0.4984375 0.56640625 0.99609375 0.0484375
7 0.10390625 0.31171875 0.153125 0.0296875
7 0.06953125 0.3609375 0.084375 0.025
7 0.13671875 0.4125 0.22265625 0.02578125
7 0.0625 0.4625 0.075 0.025
7 0.1328125 0.5140625 0.20625 0.028125
7 0.10078125 0.56328125 0.15625 0.02734375
0 0.1078125 0.92421875 0.12578125 0.05078125
0 0.2984375 0.9234375 0.1515625 0.053125
0 0.4984375 0.92265625 0.10703125 0.05078125
0 0.70546875 0.92421875 0.10078125 0.05078125
0 0.903125 0.92421875 0.11171875 0.05078125