3 0.50078125 0.92734375 0.5328125 0.053125
2 0.134375 0.06328125 0.2046875 0.03359375
0 0.78046875 0.0625 0.06640625 0.05078125
0 0.8640625 0.06015625 0.02578125 0.03984375
0 0.94765625 0.0578125 0.0640625 0.0390625
0 0.20078125 0.11796875 0.29765625 0.04765625
0 0.50625 0.11796875 0.2625 0.04765625
0 0.80859375 0.1171875 0.2296875 0.046875
0 0.5 0.18359375 0.99453125 0.08671875
0 0.4984375 0.2671875 0.996875 0.07890625
0 0.50078125 0.35234375 0.99609375 0.08203125
0 0.49765625 0.4359375 0.9953125 0.0875
0 0.49765625 0.521875 0.9953125 0.08125
0 0.5 0.6046875 1 0.08125
0 0.49140625 0.68828125 0.98203125 0.08671875
0 0.49765625 0.7734375 0.9953125 0.0875
0 0.5 0.86015625 1 0.0828125
4 0.1046875 0.184375 0.16484375 0.071875
4 0.0984375 0.26875 0.17265625 0.07578125
4 0.09765625 0.353125 0.18125 0.0671875
4 0.09765625 0.43515625 0.175 0.065625
4 0.09765625 0.52109375 0.17578125 0.06796875
4 0.1 0.60234375 0.17578125 0.0640625
4 0.10234375 0.68828125 0.17421875 0.06640625
4 0.1 0.77578125 0.17578125 0.06171875
4 0.0984375 0.8609375 0.17265625 0.06953125
2 0.3203125 0.15625 0.24609375 0.02265625
2 0.34140625 0.24140625 0.2828125 0.02421875
2 0.290625 0.3234375 0.17578125 0.02421875
2 0.30390625 0.409375 0.20390625 0.0234375
2 0.42890625 0.49296875 0.453125 0.02265625
2 0.315625 0.5765625 0.22109375 0.025
2 0.35078125 0.66171875 0.2921875 0.02421875
2 0.509375 0.746875 0.609375 0.021875
2 0.3359375 0.8296875 0.26640625 0.021875
7 0.27734375 0.19375 0.14921875 0.0421875
7 0.275 0.278125 0.15546875 0.04765625
7 0.27734375 0.3609375 0.14921875 0.046875
7 0.27890625 0.4453125 0.153125 0.0421875
7 0.27734375 0.52890625 0.1546875 0.04609375
7 0.2765625 0.61484375 0.14921875 0.0453125
7 0.278125 0.7 0.146875 0.04921875
7 0.2765625 0.7828125 0.14375 0.0453125
7 0.278125 0.8671875 0.15703125 0.05390625