2 0.128125 0.04453125 0.11953125 0.02421875
4 0.0328125 0.04296875 0.04921875 0.03359375
7 0.89609375 0.046875 0.17578125 0.02578125
7 0.16953125 0.13203125 0.15546875 0.01953125
7 0.1484375 0.17265625 0.10859375 0.02265625
7 0.196875 0.2125 0.21015625 0.0234375
7 0.19765625 0.253125 0.2125 0.01953125
7 0.034375 0.084375 0.0484375 0.025
7 0.103125 0.084375 0.04765625 0.025
7 0.16796875 0.0859375 0.053125 0.0234375
7 0.2390625 0.0859375 0.05 0.025
7 0.30390625 0.08515625 0.04453125 0.025
7 0.36875 0.08515625 0.05859375 0.02734375
7 0.440625 0.08359375 0.05703125 0.03203125
7 0.51328125 0.08515625 0.05546875 0.0265625
7 0.58359375 0.084375 0.0546875 0.03046875
7 0.64765625 0.084375 0.05 0.02734375
7 0.71640625 0.0859375 0.053125 0.03125
7 0.78125 0.08671875 0.0421875 0.02421875
7 0.85546875 0.08515625 0.0640625 0.028125
7 0.91796875 0.0859375 0.040625 0.028125
7 0.9828125 0.08359375 0.034375 0.0265625