0 0.0609375 0.06171875 0.05546875 0.0328125
2 0.184375 0.06328125 0.14765625 0.0296875
0 0.2015625 0.121875 0.29453125 0.03828125
0 0.5140625 0.121875 0.26953125 0.040625
0 0.8109375 0.121875 0.25078125 0.04296875
1 0.253125 0.1828125 0.4859375 0.0609375
1 0.74921875 0.18125 0.4859375 0.0625
1 0.2546875 0.253125 0.48046875 0.05859375
1 0.74609375 0.25390625 0.49609375 0.06015625
1 0.4953125 0.325 0.9828125 0.05546875
0 0.046875 0.39765625 0.05234375 0.0328125
0 0.740625 0.4 0.47734375 0.06796875
7 0.16484375 0.1828125 0.2875 0.053125
7 0.65 0.18125 0.27109375 0.05234375
5 0.1296875 0.25390625 0.209375 0.0265625
5 0.553125 0.240625 0.0984375 0.0203125
5 0.08671875 0.3140625 0.13125 0.02109375
5 0.55 0.38203125 0.07421875 0.01953125
7 0.5875 0.26328125 0.15 0.02109375
7 0.1953125 0.33359375 0.3484375 0.01796875
7 0.55625 0.4125 0.0625 0.028125
0 0.50234375 0.47421875 0.8875 0.0453125