2 0.2125 0.0625 0.16171875 0.03125
0 0.0625 0.059375 0.04765625 0.028125
7 0.35546875 0.1109375 0.17734375 0.02578125
7 0.62265625 0.11015625 0.2421875 0.02421875
0 0.95234375 0.0609375 0.021875 0.03515625
2 0.1125 0.1453125 0.19453125 0.0234375
2 0.10234375 0.22265625 0.175 0.0203125
2 0.24296875 0.3 0.45625 0.025
2 0.25234375 0.37421875 0.47109375 0.01953125
2 0.29375 0.45078125 0.5546875 0.02109375
2 0.30546875 0.52578125 0.58046875 0.01875
2 0.3453125 0.60234375 0.66015625 0.021875
2 0.365625 0.67890625 0.7046875 0.02265625
2 0.21484375 0.75546875 0.396875 0.01875
2 0.4296875 0.83046875 0.8328125 0.02109375
2 0.403125 0.90546875 0.77265625 0.0203125
7 0.05625 0.165625 0.08515625 0.01796875
7 0.15859375 0.18828125 0.12109375 0.01875
0 0.5 0.16484375 1 0.07578125
0 0.49921875 0.23984375 0.9984375 0.0734375
0 0.49921875 0.31796875 0.9984375 0.0734375
0 0.4984375 0.39375 0.996875 0.071875
0 0.49921875 0.46953125 0.9984375 0.0703125
0 0.50078125 0.54609375 0.99765625 0.0734375
0 0.5 0.621875 0.99375 0.0734375
0 0.5 0.69765625 0.99375 0.07421875
0 0.5015625 0.7734375 0.996875 0.075
0 0.5015625 0.85078125 0.996875 0.0734375
0 0.50078125 0.92109375 0.9984375 0.06015625
4 0.9625 0.15703125 0.03046875 0.0265625
4 0.9640625 0.2328125 0.04140625 0.02578125
4 0.96328125 0.309375 0.0328125 0.02265625
4 0.96484375 0.3859375 0.03046875 0.021875
4 0.96328125 0.4609375 0.03359375 0.02421875
4 0.9640625 0.53671875 0.0421875 0.0234375
4 0.9625 0.6125 0.04140625 0.025
4 0.96328125 0.68984375 0.04375 0.0265625
4 0.96484375 0.7640625 0.03671875 0.02421875
4 0.9640625 0.84140625 0.04140625 0.02421875
4 0.965625 0.9171875 0.034375 0.02109375
7 0.0703125 0.24140625 0.1078125 0.01640625
7 0.16015625 0.265625 0.12890625 0.0171875
7 0.10390625 0.31953125 0.17734375 0.01328125
7 0.15859375 0.33984375 0.1265625 0.0203125
7 0.0859375 0.39453125 0.14453125 0.015625
7 0.15703125 0.41796875 0.1234375 0.01640625
7 0.078125 0.46953125 0.12890625 0.015625
7 0.15859375 0.49453125 0.12421875 0.01640625
7 0.071875 0.54609375 0.1140625 0.01484375
7 0.15859375 0.5703125 0.1203125 0.01875
7 0.0609375 0.62265625 0.09140625 0.01484375
7 0.15859375 0.6453125 0.12421875 0.01796875
7 0.0859375 0.7 0.1375 0.01328125
7 0.0875 0.77421875 0.1421875 0.01484375
7 0.159375 0.79765625 0.125 0.01796875
7 0.06875 0.8515625 0.103125 0.01328125
7 0.16015625 0.8734375 0.121875 0.01796875
7 0.10078125 0.9265625 0.16875 0.01640625
4 0.04921875 0.1890625 0.06796875 0.0171875
4 0.04921875 0.26484375 0.07109375 0.01875
4 0.04921875 0.33984375 0.06875 0.01953125
4 0.04765625 0.41640625 0.06484375 0.01640625
4 0.04921875 0.49296875 0.065625 0.0171875
4 0.04921875 0.56875 0.06796875 0.01875
4 0.04921875 0.64609375 0.0625 0.01875
4 0.05 0.72109375 0.0625 0.01953125
4 0.04921875 0.79765625 0.06171875 0.01640625
4 0.05 0.87421875 0.0640625 0.01953125