3 0.5 0.32578125 1 0.08984375
4 0.5125 0.2171875 0.25390625 0.12734375
4 0.5421875 0.46484375 0.915625 0.0828125
0 0.96171875 0.09609375 0.05703125 0.0390625
0 0.2046875 0.1 0.07109375 0.03046875
0 0.953125 0.87578125 0.0734375 0.03984375
6 0.3390625 0.88515625 0.26953125 0.0328125
6 0.33359375 0.93046875 0.2703125 0.03828125
2 0.48671875 0.596875 0.79375 0.0734375
7 0.50234375 0.82109375 0.9625 0.07265625
7 0.2953125 0.66328125 0.4203125 0.03515625
6 0.36875 0.66484375 0.26328125 0.03046875
0 0.04140625 0.35546875 0.0828125 0.0421875
0 0.040625 0.40703125 0.08125 0.05546875
0 0.0421875 0.46171875 0.084375 0.05
0 0.04140625 0.5125 0.0828125 0.0484375
0 0.04375 0.5640625 0.0828125 0.05234375
0 0.0421875 0.615625 0.08359375 0.0515625
0 0.04453125 0.66875 0.08046875 0.05625
0 0.0453125 0.72265625 0.0859375 0.0515625
0 0.0421875 0.77265625 0.08046875 0.04609375
7 0.0828125 0.9125 0.11953125 0.0171875
7 0.55546875 0.1 0.48515625 0.0203125
7 0.1140625 0.04921875 0.0921875 0.01796875
7 0.425 0.05 0.1609375 0.0171875
7 0.74375 0.05 0.1703125 0.02265625
0 0.1578125 0.04921875 0.27578125 0.03828125
0 0.43984375 0.05078125 0.26328125 0.03984375
0 0.7296875 0.05078125 0.29296875 0.03984375
0 0.26484375 0.046875 0.0375 0.01875
0 0.54140625 0.05 0.03984375 0.021875
0 0.85390625 0.04921875 0.03515625 0.02109375
0 0.8953125 0.1 0.059375 0.028125
0 0.1203125 0.09765625 0.053125 0.0328125