0 0.06328125 0.0609375 0.04609375 0.03203125
2 0.50546875 0.06015625 0.73828125 0.028125
0 0.9484375 0.0609375 0.0328125 0.02890625
4 0.5015625 0.32265625 0.99609375 0.4609375
2 0.33828125 0.59140625 0.6453125 0.04453125
0 0.94140625 0.59140625 0.07109375 0.075
7 0.053125 0.62578125 0.0734375 0.0125
7 0.18359375 0.76328125 0.30703125 0.025
7 0.2953125 0.8234375 0.2625 0.02109375
7 0.3921875 0.865625 0.4515625 0.02421875
7 0.265625 0.90703125 0.19921875 0.02109375
7 0.246875 0.9453125 0.165625 0.015625
7 0.87265625 0.76328125 0.06875 0.03359375
4 0.1109375 0.66796875 0.08515625 0.05078125
4 0.3046875 0.66640625 0.08125 0.05078125
4 0.503125 0.66796875 0.0828125 0.0484375
4 0.69765625 0.66640625 0.08046875 0.0484375
7 0.11171875 0.70703125 0.0765625 0.02265625
7 0.30703125 0.70703125 0.071875 0.02265625
7 0.5015625 0.70703125 0.0546875 0.0234375
7 0.6953125 0.70625 0.05703125 0.021875