4 0.5015625 0.4859375 0.996875 0.92578125
2 0.5015625 0.040625 0.11796875 0.028125
7 0.17578125 0.07265625 0.33515625 0.04765625
7 0.41171875 0.12265625 0.8171875 0.03984375
7 0.46171875 0.178125 0.9125 0.04296875
7 0.45703125 0.22890625 0.9046875 0.040625
7 0.24765625 0.2828125 0.48671875 0.040625
7 0.459375 0.33515625 0.9109375 0.03984375
7 0.46015625 0.38671875 0.90625 0.04140625
7 0.4578125 0.440625 0.90390625 0.0390625
7 0.45703125 0.49140625 0.9078125 0.03984375
7 0.1515625 0.54609375 0.29765625 0.03828125
7 0.45625 0.59765625 0.90078125 0.04375
7 0.45703125 0.64921875 0.89765625 0.0421875
7 0.45234375 0.703125 0.89375 0.04140625
7 0.45390625 0.75625 0.896875 0.04609375
7 0.45625 0.8078125 0.9046875 0.04375
7 0.2328125 0.8578125 0.45703125 0.04296875
7 0.425 0.90625 0.84375 0.03671875
0 0.9609375 0.0796875 0.05234375 0.03125
0 0.95859375 0.13203125 0.05625 0.0359375
0 0.959375 0.18359375 0.05703125 0.0359375
0 0.96015625 0.234375 0.0609375 0.03203125
0 0.95859375 0.28828125 0.05546875 0.03515625
0 0.95859375 0.33828125 0.05859375 0.03125
0 0.96015625 0.39296875 0.0640625 0.034375
0 0.959375 0.44453125 0.06015625 0.03125
0 0.959375 0.4984375 0.05703125 0.03125
0 0.9625 0.55078125 0.06015625 0.03359375
0 0.959375 0.60234375 0.06015625 0.0328125
0 0.96171875 0.6546875 0.05859375 0.0328125
0 0.95859375 0.70625 0.06171875 0.03203125
0 0.959375 0.76015625 0.0546875 0.03046875
0 0.9609375 0.8125 0.0546875 0.02890625
0 0.96171875 0.8640625 0.05234375 0.03203125
0 0.95859375 0.91640625 0.05625 0.0328125