0 0.05390625 0.05859375 0.04140625 0.0234375
2 0.21484375 0.0609375 0.18671875 0.025
0 0.7875 0.059375 0.04140625 0.0359375
0 0.865625 0.0609375 0.05078125 0.0390625
0 0.9421875 0.05859375 0.04765625 0.03515625
2 0.1765625 0.1453125 0.30625 0.02578125
1 0.49765625 0.20078125 0.9453125 0.0375
1 0.4984375 0.25 0.953125 0.03828125
0 0.0609375 0.3078125 0.0625 0.028125
6 0.8734375 0.30859375 0.203125 0.0234375
5 0.20703125 0.3078125 0.19453125 0.01875
5 0.11328125 0.2078125 0.17578125 0.01875
5 0.08984375 0.25703125 0.13359375 0.01953125
0 0.5 0.36484375 0.94296875 0.0421875
7 0.3265625 0.4453125 0.440625 0.05
7 0.2875 0.51953125 0.37109375 0.053125
7 0.33828125 0.59375 0.4671875 0.05390625
4 0.05234375 0.44765625 0.0609375 0.03671875
4 0.05390625 0.52109375 0.06171875 0.03984375
4 0.05625 0.59609375 0.065625 0.040625
7 0.27265625 0.6734375 0.4984375 0.046875
6 0.27421875 0.66015625 0.12421875 0.0171875