4 0.196875 0.12109375 0.32734375 0.0390625
2 0.19453125 0.05859375 0.26796875 0.03046875
0 0.9265625 0.059375 0.09140625 0.03359375
2 0.29453125 0.3453125 0.4890625 0.02890625
7 0.28359375 0.3859375 0.471875 0.01953125
1 0.3140625 0.8640625 0.5203125 0.03515625
5 0.12109375 0.86484375 0.12109375 0.02109375
0 0.0453125 0.9265625 0.0578125 0.040625
0 0.93828125 0.928125 0.059375 0.0390625
7 0.49765625 0.928125 0.2171875 0.03359375
7 0.80390625 0.67578125 0.21953125 0.22734375
2 0.76171875 0.51796875 0.1484375 0.0421875
6 0.2453125 0.41953125 0.40703125 0.01953125
6 0.82734375 0.4203125 0.32109375 0.02265625
2 0.253125 0.4921875 0.40625 0.021875
2 0.3140625 0.66875 0.5328125 0.01875
2 0.3453125 0.7703125 0.5953125 0.02265625
0 0.0671875 0.52578125 0.04296875 0.028125
0 0.06796875 0.5578125 0.04375 0.0296875
0 0.0671875 0.5921875 0.05078125 0.0328125
0 0.0671875 0.70078125 0.0421875 0.03125
0 0.0671875 0.73515625 0.04296875 0.025
0 0.12109375 0.80390625 0.1328125 0.03125
5 0.1953125 0.5234375 0.203125 0.02109375
5 0.17421875 0.5578125 0.153125 0.02421875
5 0.196875 0.59140625 0.19765625 0.02421875
5 0.21171875 0.69921875 0.25078125 0.0203125
5 0.24453125 0.734375 0.29921875 0.01875
2 0.7234375 0.8890625 0.071875 0.01953125
7 0.15546875 0.45390625 0.21171875 0.015625
7 0.5640625 0.11796875 0.32890625 0.028125
7 0.51484375 0.1578125 0.246875 0.03125
4 0.5015625 0.23125 0.915625 0.0203125
4 0.07265625 0.26171875 0.04921875 0.0328125
4 0.29765625 0.25546875 0.04921875 0.0296875
4 0.5203125 0.26015625 0.053125 0.028125
4 0.74453125 0.2609375 0.05234375 0.03203125
7 0.18359375 0.26015625 0.16796875 0.01953125
7 0.40859375 0.26171875 0.1625 0.01640625
7 0.6078125 0.2609375 0.1203125 0.01875
7 0.840625 0.26015625 0.134375 0.0203125