0 0.065625 0.0546875 0.05234375 0.0359375
2 0.215625 0.05703125 0.1890625 0.02890625
0 0.8640625 0.05625 0.04921875 0.046875
0 0.94765625 0.0546875 0.05859375 0.034375
1 0.5015625 0.1046875 0.9609375 0.03828125
1 0.49921875 0.1546875 0.965625 0.04296875
5 0.08203125 0.1078125 0.11484375 0.0203125
5 0.0828125 0.15625 0.1171875 0.021875
0 0.5 0.20625 0.96171875 0.040625
0 0.0546875 0.2515625 0.0296875 0.0203125
5 0.2 0.25390625 0.2375 0.01796875
6 0.88125 0.259375 0.1921875 0.0203125
2 0.13515625 0.30625 0.225 0.0203125
7 0.05234375 0.340625 0.06796875 0.01953125
7 0.409375 0.3390625 0.10625 0.025
7 0.74296875 0.340625 0.10234375 0.0171875
7 0.090625 0.41484375 0.14375 0.096875
7 0.415625 0.41015625 0.13046875 0.0890625
7 0.7515625 0.4140625 0.12890625 0.0984375
4 0.5 0.5921875 1 0.15546875
7 0.09765625 0.86015625 0.153125 0.02265625
7 0.2546875 0.89453125 0.47109375 0.021875
7 0.40625 0.77109375 0.79140625 0.0546875
7 0.40078125 0.715625 0.80078125 0.021875
7 0.20546875 0.8171875 0.365625 0.03671875
0 0.040625 0.928125 0.06484375 0.03671875
0 0.93671875 0.928125 0.0609375 0.03828125
7 0.50390625 0.93203125 0.2125 0.0375