0 0.0484375 0.06015625 0.0421875 0.02890625
2 0.221875 0.05703125 0.26875 0.03125
0 0.9609375 0.05859375 0.0390625 0.03671875
4 0.5 0.2515625 1 0.31875
2 0.61171875 0.44609375 0.53984375 0.03828125
4 0.17421875 0.5046875 0.26953125 0.1625
7 0.42421875 0.4875 0.16171875 0.0453125
0 0.93984375 0.43671875 0.0296875 0.0328125
0 0.83515625 0.56796875 0.2625 0.046875
4 0.18046875 0.67109375 0.12734375 0.08125
4 0.34140625 0.671875 0.12265625 0.07578125
4 0.496875 0.671875 0.11484375 0.078125
4 0.659375 0.67109375 0.12265625 0.07890625
4 0.81953125 0.66875 0.121875 0.0796875
7 0.18203125 0.7296875 0.10078125 0.015625
7 0.33984375 0.7265625 0.059375 0.01875
7 0.50078125 0.728125 0.134375 0.0203125
7 0.66015625 0.728125 0.078125 0.01796875
7 0.8203125 0.72890625 0.0703125 0.01484375
7 0.790625 0.603125 0.34453125 0.01875
7 0.5015625 0.7796875 0.7703125 0.02578125
6 0.5015625 0.828125 0.153125 0.02109375
4 0.5015625 0.9046875 0.996875 0.090625