2 0.20234375 0.29140625 0.25078125 0.03828125
0 0.49921875 0.3375 0.896875 0.0390625
0 0.49765625 0.3828125 0.9 0.0421875
0 0.49921875 0.43359375 0.89921875 0.04765625
0 0.50078125 0.48671875 0.90625 0.04296875
0 0.49921875 0.5375 0.9078125 0.04375
0 0.49921875 0.5859375 0.90703125 0.040625
0 0.4984375 0.6328125 0.91015625 0.04375
0 0.50078125 0.6859375 0.90546875 0.05390625
2 0.1609375 0.0625 0.28359375 0.0359375
0 0.86875 0.06171875 0.05390625 0.03984375
0 0.9484375 0.06015625 0.06796875 0.04296875
0 0.16796875 0.115625 0.3109375 0.0515625
0 0.54140625 0.115625 0.3125 0.04921875
0 0.8375 0.1171875 0.19609375 0.0515625
2 0.06171875 0.159375 0.12265625 0.025
2 0.55546875 0.15859375 0.0953125 0.02109375
7 0.0421875 0.18125 0.065625 0.01796875
7 0.54921875 0.18046875 0.08515625 0.0203125
4 0.5 0.884375 1 0.1359375