0 0.06171875 0.0671875 0.0515625 0.0296875
2 0.33984375 0.07265625 0.41953125 0.0265625
2 0.5015625 0.265625 0.4140625 0.03125
7 0.4984375 0.23046875 0.29921875 0.01875
4 0.50078125 0.1734375 0.0875 0.04921875
0 0.49921875 0.32578125 0.19921875 0.0484375
7 0.5015625 0.37578125 0.02890625 0.01640625
6 0.5015625 0.4 0.21015625 0.01875
2 0.1953125 0.4484375 0.2921875 0.0203125
7 0.51015625 0.50859375 0.73125 0.05078125
7 0.33359375 0.57265625 0.36171875 0.0453125
7 0.2984375 0.63671875 0.29453125 0.046875
4 0.0953125 0.5046875 0.05859375 0.0421875
4 0.09453125 0.571875 0.05390625 0.04140625
4 0.09453125 0.634375 0.0546875 0.0375
0 0.49921875 0.5046875 0.9203125 0.07421875
0 0.4984375 0.571875 0.9171875 0.0546875
0 0.49765625 0.63671875 0.9203125 0.0546875
0 0.4484375 0.9125 0.18671875 0.0453125
0 0.66953125 0.915625 0.21484375 0.03828125
0 0.8828125 0.91328125 0.18046875 0.040625
7 0.07109375 0.90546875 0.09375 0.01875