2 0.20078125 0.42734375 0.30078125 0.025
0 0.515625 0.46484375 0.8984375 0.040625
5 0.19375 0.46796875 0.23046875 0.0203125
0 0.51640625 0.51484375 0.89609375 0.0359375
5 0.18203125 0.51171875 0.20625 0.01875
0 0.79453125 0.5625 0.11875 0.0390625
0 0.91328125 0.56171875 0.1 0.0375
0 0.03671875 0.053125 0.04296875 0.02734375
2 0.14453125 0.05703125 0.1421875 0.03125
0 0.87734375 0.13203125 0.190625 0.04140625
7 0.159375 0.13203125 0.1453125 0.03125
7 0.18046875 0.19921875 0.184375 0.02734375
7 0.1390625 0.2625 0.12890625 0.02734375
7 0.20234375 0.3296875 0.24375 0.02734375
7 0.19765625 0.38359375 0.23125 0.025
0 0.875 0.19609375 0.190625 0.04453125
0 0.8796875 0.26015625 0.1859375 0.04140625
0 0.8765625 0.325 0.18671875 0.04375
7 0.22890625 0.684375 0.29453125 0.02890625
0 0.8734375 0.6859375 0.196875 0.04375
6 0.8828125 0.74375 0.17265625 0.02109375