4 0.08046875 0.0921875 0.07421875 0.0578125
2 0.18046875 0.075 0.09765625 0.0171875
7 0.28984375 0.096875 0.31953125 0.01640625
1 0.49375 0.18203125 0.9078125 0.03046875
1 0.49140625 0.24453125 0.91015625 0.03046875
5 0.10546875 0.1546875 0.13828125 0.01640625
5 0.084375 0.2171875 0.09609375 0.01328125
5 0.09140625 0.2953125 0.103125 0.03203125
5 0.19609375 0.29453125 0.07578125 0.03125
5 0.5015625 0.3765625 0.92734375 0.03515625
6 0.1234375 0.340625 0.1734375 0.0140625
7 0.35859375 0.4375 0.084375 0.01875
7 0.471875 0.43671875 0.11015625 0.01796875
6 0.615625 0.43671875 0.13828125 0.015625