2 0.50078125 0.47578125 0.4484375 0.02890625
7 0.39375 0.50390625 0.22578125 0.021875
0 0.05546875 0.0609375 0.040625 0.03125
0 0.7828125 0.05703125 0.04921875 0.0328125
0 0.8703125 0.05703125 0.0609375 0.03671875
0 0.946875 0.059375 0.0515625 0.03828125
0 0.96484375 0.10703125 0.03359375 0.01796875
0 0.94609375 0.15078125 0.071875 0.04375
0 0.94375 0.2015625 0.084375 0.04140625
0 0.9484375 0.25078125 0.071875 0.040625
0 0.94609375 0.3046875 0.071875 0.04453125
0 0.94296875 0.35390625 0.08203125 0.04140625
0 0.946875 0.4046875 0.084375 0.04140625
7 0.5015625 0.10859375 0.27734375 0.02421875
0 0.0484375 0.925 0.0921875 0.053125
0 0.50078125 0.9078125 0.13515625 0.04140625
4 0.503125 0.5078125 0.99375 0.7765625