2 0.2453125 0.384375 0.37734375 0.0296875
7 0.47421875 0.4375 0.89765625 0.03828125
0 0.50078125 0.48359375 0.92578125 0.040625
0 0.5 0.53515625 0.92109375 0.0390625
0 0.94375 0.05703125 0.0421875 0.0375
2 0.1734375 0.0609375 0.271875 0.02734375
4 0.11015625 0.1359375 0.18359375 0.06328125
4 0.10859375 0.21953125 0.17578125 0.0640625
4 0.10859375 0.30703125 0.17109375 0.0625
4 0.109375 0.7234375 0.16875 0.059375
4 0.109375 0.80546875 0.18046875 0.05859375
4 0.11015625 0.89765625 0.19140625 0.065625
7 0.303125 0.8890625 0.11875 0.0265625
7 0.30703125 0.80859375 0.134375 0.02265625
7 0.3140625 0.72265625 0.14140625 0.03046875
7 0.3578125 0.63984375 0.2328125 0.025
7 0.34765625 0.30390625 0.21171875 0.0296875
7 0.3140625 0.21953125 0.15234375 0.028125
7 0.3515625 0.1359375 0.215625 0.0328125
0 0.50078125 0.13359375 0.99375 0.07734375
0 0.5 0.2203125 0.99921875 0.084375
0 0.50078125 0.3046875 0.99765625 0.08125
0 0.5 0.715625 1 0.07734375
0 0.5 0.80390625 1 0.08984375
0 0.5 0.8984375 1 0.096875