0 0.053125 0.06015625 0.0625 0.0421875
0 0.946875 0.06328125 0.0734375 0.04375
0 0.33359375 0.11953125 0.16015625 0.04765625
0 0.50859375 0.11875 0.18359375 0.04921875
0 0.671875 0.1171875 0.13984375 0.05078125
0 0.49921875 0.18125 0.971875 0.05625
0 0.49921875 0.23671875 0.975 0.05546875
0 0.5 0.29453125 0.97265625 0.053125
0 0.4984375 0.35234375 0.97109375 0.0578125
0 0.5015625 0.41171875 0.9734375 0.05703125
0 0.5 0.465625 0.9765625 0.0546875
0 0.4984375 0.5265625 0.9703125 0.059375
0 0.5 0.58203125 0.9703125 0.0515625
0 0.49921875 0.6390625 0.971875 0.06171875
0 0.5 0.696875 0.9734375 0.0546875
0 0.49765625 0.75078125 0.97578125 0.05546875
0 0.49765625 0.809375 0.97265625 0.0578125
0 0.49765625 0.86640625 0.97265625 0.053125
0 0.49921875 0.92421875 0.97109375 0.053125
0 0.96640625 0.18046875 0.0265625 0.02734375
0 0.96484375 0.23671875 0.0203125 0.0265625
0 0.96796875 0.29453125 0.025 0.01953125
0 0.965625 0.35390625 0.01875 0.02265625
0 0.96640625 0.4125 0.02265625 0.0296875
0 0.96796875 0.46796875 0.02265625 0.03125
0 0.96640625 0.5265625 0.0265625 0.03515625
0 0.96484375 0.58203125 0.0234375 0.028125
0 0.965625 0.6375 0.025 0.02890625
0 0.96484375 0.696875 0.0234375 0.0265625
0 0.965625 0.753125 0.025 0.02890625
0 0.96640625 0.81015625 0.01875 0.025
0 0.965625 0.86796875 0.021875 0.0234375
0 0.96484375 0.92578125 0.01953125 0.02109375
7 0.87265625 0.91640625 0.1421875 0.02734375
7 0.8765625 0.8578125 0.13671875 0.028125
7 0.875 0.79921875 0.140625 0.03125
7 0.8734375 0.7421875 0.140625 0.025
7 0.87421875 0.68671875 0.1359375 0.025
7 0.87734375 0.63046875 0.140625 0.03203125
7 0.8765625 0.5703125 0.14296875 0.03046875
7 0.87734375 0.51328125 0.1375 0.0265625
7 0.87578125 0.45859375 0.13828125 0.0296875
7 0.8765625 0.4 0.1390625 0.02734375
7 0.87578125 0.34296875 0.13828125 0.02734375
7 0.875 0.28359375 0.140625 0.028125
7 0.875 0.22890625 0.13984375 0.028125
7 0.878125 0.1703125 0.1359375 0.0234375
7 0.184375 0.18125 0.325 0.0515625
2 0.2390625 0.0609375 0.25625 0.0296875
7 0.1703125 0.23828125 0.30078125 0.046875
7 0.1796875 0.29453125 0.31953125 0.04375
7 0.153125 0.3515625 0.2671875 0.04609375
7 0.1921875 0.409375 0.34140625 0.04609375
7 0.18203125 0.4671875 0.32734375 0.04609375
7 0.19296875 0.52578125 0.34921875 0.046875
7 0.16171875 0.58125 0.2875 0.04609375
7 0.1671875 0.63984375 0.29765625 0.04765625
7 0.1890625 0.6953125 0.33203125 0.04296875
7 0.17421875 0.75546875 0.315625 0.0484375
7 0.2171875 0.8109375 0.39765625 0.046875
7 0.209375 0.86875 0.37578125 0.04296875
7 0.1765625 0.925 0.30546875 0.04609375