0 0.06015625 0.05859375 0.05390625 0.0359375
2 0.290625 0.0625 0.36484375 0.03359375
2 0.378125 0.13125 0.7265625 0.03359375
2 0.1546875 0.22578125 0.284375 0.025
2 0.12265625 0.60625 0.215625 0.03046875
7 0.203125 0.1765625 0.37734375 0.02265625
7 0.51640625 0.39921875 0.94453125 0.29296875
7 0.50234375 0.778125 0.984375 0.2875
6 0.19296875 0.6734375 0.25703125 0.0265625
6 0.7578125 0.778125 0.253125 0.02265625
6 0.82421875 0.909375 0.190625 0.02421875
6 0.17109375 0.26640625 0.18359375 0.01796875
6 0.27265625 0.28828125 0.3875 0.0171875
6 0.190625 0.36171875 0.21484375 0.0203125
6 0.20078125 0.4 0.24375 0.02109375
6 0.15078125 0.43671875 0.13984375 0.02421875
6 0.27421875 0.4578125 0.40625 0.02265625
6 0.2796875 0.49609375 0.409375 0.02109375
6 0.171875 0.5328125 0.18515625 0.021875