4 0.065625 0.059375 0.0859375 0.046875
0 0.9515625 0.06171875 0.03828125 0.0328125
7 0.3640625 0.18359375 0.70546875 0.01953125
7 0.93515625 0.16015625 0.1140625 0.01640625
2 0.503125 0.11796875 0.07890625 0.02421875
2 0.11171875 0.24453125 0.19375 0.01640625
2 0.1484375 0.334375 0.26640625 0.0171875
0 0.5 0.459375 0.9671875 0.04453125
7 0.18828125 0.50546875 0.353125 0.01875
7 0.190625 0.56171875 0.3546875 0.0484375
7 0.1640625 0.65859375 0.3078125 0.115625
1 0.078125 0.278125 0.11328125 0.04453125
1 0.21875 0.2765625 0.11875 0.0390625
1 0.36015625 0.278125 0.11875 0.040625
1 0.5 0.2765625 0.11796875 0.04140625
1 0.075 0.36875 0.1140625 0.040625
1 0.19921875 0.37109375 0.109375 0.040625
1 0.3265625 0.3703125 0.1140625 0.0359375