0 0.06171875 0.06015625 0.04765625 0.028125
1 0.50078125 0.059375 0.96328125 0.04609375
5 0.22265625 0.06171875 0.2546875 0.025
0 0.9421875 0.06015625 0.04375 0.03046875
4 0.5 0.30234375 0.99296875 0.41328125
7 0.5 0.4609375 0.240625 0.0234375
0 0.25546875 0.54765625 0.48125 0.05
0 0.74375 0.54609375 0.48359375 0.04921875
0 0.253125 0.6015625 0.4796875 0.0515625
0 0.7453125 0.6015625 0.48046875 0.05078125
2 0.18359375 0.65390625 0.33671875 0.021875
7 0.221875 0.675 0.41015625 0.01953125
6 0.90390625 0.66171875 0.096875 0.01875
4 0.5015625 0.82421875 0.996875 0.25