4 0.5 0.48515625 1 0.9234375
2 0.084375 0.0578125 0.1625 0.04453125
3 0.5015625 0.91953125 0.53515625 0.04921875
0 0.06484375 0.71015625 0.0796875 0.0609375
0 0.16171875 0.71015625 0.078125 0.06328125
0 0.25859375 0.709375 0.08046875 0.0625
0 0.35625 0.709375 0.07890625 0.065625
0 0.45390625 0.7078125 0.07421875 0.06640625
0 0.54921875 0.71015625 0.0765625 0.06171875
0 0.646875 0.71015625 0.0765625 0.06328125
0 0.7421875 0.7109375 0.0796875 0.0625
0 0.84140625 0.7109375 0.07890625 0.06171875
0 0.93515625 0.70859375 0.075 0.06328125
0 0.1390625 0.7828125 0.0734375 0.06328125
0 0.23125 0.7828125 0.07890625 0.065625
0 0.32265625 0.78203125 0.075 0.06484375
0 0.4109375 0.7828125 0.0765625 0.065625
0 0.503125 0.784375 0.0765625 0.06328125
0 0.5921875 0.78359375 0.075 0.06328125
0 0.68515625 0.784375 0.075 0.065625
0 0.7734375 0.784375 0.071875 0.06328125
0 0.8640625 0.78515625 0.07734375 0.06171875
0 0.22578125 0.8546875 0.07734375 0.0640625
0 0.31875 0.8546875 0.0796875 0.0640625
0 0.4109375 0.85625 0.0875 0.06484375
0 0.503125 0.85625 0.0765625 0.06640625
0 0.59296875 0.85625 0.0828125 0.06171875
0 0.68828125 0.85703125 0.07265625 0.065625
0 0.7796875 0.8578125 0.08125 0.0640625