2 0.50390625 0.27265625 0.38984375 0.0265625
0 0.4984375 0.3328125 0.4296875 0.0359375
0 0.50078125 0.37890625 0.43359375 0.03359375
7 0.5015625 0.43046875 0.15859375 0.02109375
1 0.4984375 0.4671875 0.42109375 0.03984375
1 0.49921875 0.52890625 0.42265625 0.04140625
0 0.5 0.58984375 0.4328125 0.0375
7 0.5015625 0.64609375 0.2765625 0.01875
6 0.5 0.6796875 0.09140625 0.025
5 0.3765625 0.4734375 0.17421875 0.01953125
5 0.39765625 0.534375 0.21953125 0.02265625
0 0.6765625 0.53125 0.0515625 0.025
0 0.0359375 0.021875 0.05703125 0.03359375
4 0.5 0.4734375 1 0.946875