2 0.50234375 0.0640625 0.54375 0.034375
2 0.4953125 0.1671875 0.41328125 0.03515625
1 0.49921875 0.2578125 0.903125 0.04765625
1 0.503125 0.34921875 0.8953125 0.04296875
5 0.17890625 0.221875 0.2640625 0.01953125
5 0.196875 0.26015625 0.27109375 0.02109375
5 0.07578125 0.3140625 0.05703125 0.0171875
5 0.12109375 0.34921875 0.109375 0.02578125
0 0.071875 0.38671875 0.04375 0.03046875
7 0.22421875 0.38515625 0.2625 0.02421875
6 0.3125 0.38671875 0.090625 0.0234375
7 0.16953125 0.428125 0.2328125 0.01875
0 0.5 0.475 0.9 0.05
7 0.50078125 0.47421875 0.115625 0.02421875