4 0.2 0.06015625 0.159375 0.0375
1 0.196875 0.11875 0.38359375 0.0328125
5 0.140625 0.11796875 0.17734375 0.02109375
2 0.05390625 0.1546875 0.0875 0.015625
0 0.20078125 0.1921875 0.3921875 0.053125
7 0.11171875 0.1921875 0.09296875 0.01953125
0 0.2 0.24375 0.3875 0.04609375
7 0.1265625 0.2421875 0.1125 0.021875
2 0.0875 0.2796875 0.15234375 0.01796875
4 0.03359375 0.1921875 0.04765625 0.028125
4 0.034375 0.24140625 0.04609375 0.02421875
0 0.20078125 0.3171875 0.3921875 0.040625
7 0.11796875 0.3171875 0.10859375 0.021875
4 0.03515625 0.3171875 0.03984375 0.028125
0 0.09921875 0.9234375 0.1953125 0.05078125
0 0.29921875 0.92421875 0.19765625 0.05
0 0.95625 0.059375 0.053125 0.05
0 0.49921875 0.23828125 0.31015625 0.27109375
0 0.49609375 0.52109375 0.3109375 0.2765625
0 0.828125 0.80234375 0.31015625 0.26953125
0 0.496875 0.80390625 0.30625 0.27109375
4 0.4984375 0.2390625 0.296875 0.265625
4 0.49609375 0.52109375 0.303125 0.27109375
4 0.49921875 0.8046875 0.3015625 0.26484375
4 0.82890625 0.803125 0.30078125 0.26796875
4 0.82890625 0.521875 0.30390625 0.26796875
4 0.828125 0.2375 0.3 0.26796875
0 0.82734375 0.23828125 0.3109375 0.27578125
0 0.82890625 0.5203125 0.30859375 0.27265625
7 0.49921875 0.35546875 0.28125 0.021875
7 0.4828125 0.63828125 0.24375 0.015625
7 0.45546875 0.92265625 0.18828125 0.01796875
7 0.79140625 0.92265625 0.22421875 0.021875
7 0.8265625 0.640625 0.29375 0.01640625
7 0.72734375 0.35859375 0.0890625 0.01875