0 0.06015625 0.059375 0.046875 0.03203125
0 0.9359375 0.059375 0.0875 0.03515625
2 0.50078125 0.13359375 0.34765625 0.0265625
7 0.225 0.2140625 0.39765625 0.0265625
7 0.2203125 0.26328125 0.396875 0.02890625
7 0.22421875 0.309375 0.4046875 0.02578125
7 0.2203125 0.35859375 0.4015625 0.03046875
7 0.22265625 0.409375 0.4015625 0.028125
6 0.078125 0.3078125 0.109375 0.01640625
6 0.06875 0.35546875 0.1015625 0.01953125
0 0.7015625 0.225 0.55703125 0.04296875
0 0.7046875 0.27265625 0.559375 0.0484375
0 0.70390625 0.32265625 0.55859375 0.0484375
0 0.70390625 0.371875 0.56171875 0.0453125
0 0.703125 0.4234375 0.5609375 0.053125
0 0.703125 0.47421875 0.5640625 0.046875
0 0.70234375 0.52265625 0.55859375 0.05078125