2 0.1125 0.059375 0.17890625 0.0359375
0 0.94609375 0.0625 0.05078125 0.03046875
7 0.1921875 0.1171875 0.36328125 0.03125
7 0.25078125 0.2890625 0.359375 0.0265625
0 0.05234375 0.2921875 0.046875 0.0328125
0 0.5 0.9265625 1 0.0515625
6 0.8859375 0.7921875 0.196875 0.025
7 0.2546875 0.88046875 0.4609375 0.015625
1 0.49765625 0.83515625 0.95859375 0.03828125
1 0.46328125 0.65234375 0.8734375 0.03984375
1 0.46328125 0.70078125 0.871875 0.0390625
5 0.0640625 0.3515625 0.0734375 0.01875
5 0.05859375 0.38828125 0.071875 0.01640625
5 0.0546875 0.471875 0.0671875 0.0140625
5 0.08203125 0.61015625 0.11796875 0.01484375
5 0.1046875 0.79453125 0.16328125 0.01875
5 0.19140625 0.8359375 0.328125 0.0234375
5 0.16484375 0.65390625 0.26640625 0.01796875
5 0.15703125 0.70546875 0.25703125 0.02109375
7 0.128125 0.421875 0.20625 0.01875
7 0.12421875 0.50703125 0.20703125 0.021875
7 0.696875 0.4234375 0.1234375 0.015625
7 0.69921875 0.50703125 0.128125 0.02109375
2 0.06484375 0.20625 0.08828125 0.02109375
2 0.0765625 0.2421875 0.115625 0.0234375
2 0.17109375 0.57578125 0.29453125 0.021875