4 0.5015625 0.23515625 0.99375 0.42578125
0 0.0625 0.06171875 0.05 0.0328125
2 0.18046875 0.059375 0.0953125 0.02890625
0 0.95 0.059375 0.0359375 0.03515625
0 0.890625 0.059375 0.04609375 0.0375
0 0.93125 0.24140625 0.096875 0.0578125
7 0.60546875 0.36015625 0.1609375 0.1328125
4 0.13828125 0.35546875 0.2015625 0.11328125
7 0.35859375 0.35859375 0.09609375 0.0671875
0 0.50234375 0.4828125 0.9953125 0.06875
0 0.50234375 0.55625 0.9953125 0.071875
0 0.50234375 0.6296875 0.9953125 0.07109375
0 0.5 0.7015625 1 0.07109375
0 0.5 0.77421875 1 0.0734375
0 0.5 0.84921875 1 0.07578125
0 0.50078125 0.91875 0.9984375 0.059375
7 0.08671875 0.48125 0.128125 0.04140625
7 0.55625 0.4828125 0.146875 0.04765625
7 0.89140625 0.48515625 0.128125 0.05859375
7 0.06171875 0.55625 0.07890625 0.04765625
7 0.06015625 0.63125 0.0859375 0.04609375
7 0.06328125 0.70234375 0.08125 0.0453125
7 0.0609375 0.77265625 0.0765625 0.04609375
7 0.0578125 0.84453125 0.0796875 0.05078125
7 0.059375 0.9171875 0.078125 0.040625
7 0.90390625 0.55625 0.12265625 0.05859375
7 0.90625 0.6296875 0.12734375 0.059375
7 0.9046875 0.7015625 0.14375 0.05546875
7 0.90078125 0.775 0.13125 0.05859375
7 0.9 0.84921875 0.140625 0.06484375
7 0.9 0.921875 0.134375 0.053125
7 0.56328125 0.55625 0.146875 0.05625
7 0.55859375 0.625 0.17265625 0.05703125
7 0.5625 0.70078125 0.1546875 0.0578125
7 0.55703125 0.7734375 0.14921875 0.059375
7 0.56171875 0.84921875 0.1484375 0.0609375
7 0.56328125 0.92109375 0.1515625 0.0515625
4 0.31640625 0.7 0.11796875 0.49765625