4 0.49921875 0.40078125 0.94921875 0.75
0 0.059375 0.75 0.10703125 0.0421875
0 0.13125 0.80546875 0.10859375 0.04921875
0 0.378125 0.80390625 0.084375 0.04453125
0 0.6265625 0.803125 0.09140625 0.046875
0 0.87578125 0.8015625 0.08125 0.05
0 0.0703125 0.8671875 0.07890625 0.0625
0 0.2015625 0.86796875 0.07890625 0.065625
0 0.33671875 0.865625 0.08203125 0.0640625
0 0.46796875 0.8640625 0.08984375 0.06484375
0 0.60234375 0.86640625 0.07890625 0.06796875
0 0.73125 0.865625 0.0953125 0.06953125
0 0.865625 0.86171875 0.08984375 0.06953125
0 0.97578125 0.865625 0.04765625 0.0640625
0 0.04140625 0.9265625 0.03671875 0.03515625
0 0.11796875 0.9265625 0.05234375 0.0421875
0 0.19921875 0.925 0.0578125 0.040625
0 0.27734375 0.92734375 0.0546875 0.04296875
0 0.35703125 0.92734375 0.06328125 0.04296875
0 0.959375 0.9265625 0.06015625 0.04375
7 0.06875 0.88671875 0.07109375 0.0234375
7 0.20234375 0.88515625 0.046875 0.0234375
7 0.33359375 0.8875 0.071875 0.01796875
7 0.4671875 0.8875 0.1015625 0.021875
7 0.60234375 0.8890625 0.075 0.01796875
7 0.734375 0.8875 0.06796875 0.01953125
7 0.865625 0.88828125 0.08203125 0.01484375