4 0.5 0.10546875 1 0.15859375
4 0.06484375 0.32109375 0.059375 0.034375
1 0.18203125 0.2265625 0.284375 0.03828125
5 0.1265625 0.23046875 0.159375 0.021875
7 0.21640625 0.3234375 0.19609375 0.0203125
0 0.18359375 0.3203125 0.3140625 0.04921875
1 0.503125 0.403125 0.99296875 0.0703125
1 0.50390625 0.48125 0.99140625 0.0859375
5 0.1796875 0.40078125 0.29375 0.0171875
5 0.1328125 0.48046875 0.19453125 0.01953125
4 0.60078125 0.321875 0.0671875 0.040625
4 0.9296875 0.31953125 0.065625 0.03515625
7 0.828125 0.48046875 0.0859375 0.0359375
0 0.928125 0.48046875 0.0765625 0.040625
0 0.48984375 0.73828125 0.1359375 0.040625