1 0.4171875 0.0515625 0.78046875 0.034375
5 0.06953125 0.05546875 0.0796875 0.01953125
5 0.11953125 0.109375 0.075 0.01640625
5 0.42578125 0.109375 0.07421875 0.01640625
5 0.73828125 0.10859375 0.08359375 0.01640625
0 0.86484375 0.05546875 0.059375 0.0375
0 0.7796875 0.05 0.04921875 0.0328125
0 0.95546875 0.05546875 0.046875 0.03671875
0 0.6734375 0.1078125 0.03671875 0.0234375
0 0.36640625 0.1078125 0.0328125 0.025
0 0.06015625 0.10625 0.034375 0.0234375
0 0.0703125 0.87734375 0.08984375 0.04765625
0 0.20859375 0.87890625 0.08359375 0.040625
0 0.35078125 0.87578125 0.06796875 0.04296875
0 0.4984375 0.8765625 0.11015625 0.04296875
0 0.64140625 0.875 0.08984375 0.0453125
0 0.78828125 0.87421875 0.10625 0.05078125
0 0.93046875 0.87734375 0.0875 0.04609375
0 0.9328125 0.92578125 0.0859375 0.0359375
0 0.8046875 0.925 0.11328125 0.0375
0 0.67421875 0.92578125 0.1046875 0.03828125
0 0.55 0.925 0.10703125 0.03671875
0 0.4203125 0.9234375 0.11015625 0.0390625
0 0.2890625 0.92421875 0.11171875 0.03828125
0 0.16328125 0.92578125 0.09921875 0.04140625
0 0.05 0.9265625 0.096875 0.040625