0 0.059375 0.0625 0.05234375 0.03359375
0 0.94765625 0.0609375 0.0515625 0.03203125
2 0.1796875 0.0640625 0.10625 0.02734375
2 0.10546875 0.1203125 0.06796875 0.0203125
2 0.08203125 0.1984375 0.11796875 0.02265625
2 0.1140625 0.46875 0.084375 0.0234375
2 0.0671875 0.546875 0.08828125 0.0234375
2 0.065625 0.7765625 0.08046875 0.0203125
7 0.28671875 0.14609375 0.42734375 0.01640625
7 0.50078125 0.259375 0.940625 0.0390625
0 0.5015625 0.33125 0.9328125 0.05
7 0.2375 0.4921875 0.33203125 0.0171875
4 0.2296875 0.64765625 0.40625 0.15
0 0.221875 0.64765625 0.1109375 0.0578125
0 0.40703125 0.59140625 0.040625 0.02578125
4 0.23203125 0.8765625 0.4078125 0.14453125
4 0.6578125 0.875 0.40546875 0.14296875
0 0.4046875 0.8203125 0.0296875 0.02734375
0 0.8359375 0.8234375 0.0390625 0.03671875
0 0.9390625 0.87578125 0.121875 0.1421875