3 0.49921875 0.153125 0.53359375 0.05546875
4 0.496875 0.05078125 0.178125 0.0390625
0 0.128125 0.92109375 0.15078125 0.05703125
0 0.36875 0.9203125 0.12734375 0.05625
0 0.621875 0.92109375 0.1546875 0.06015625
0 0.8796875 0.92265625 0.1484375 0.06328125
0 0.11328125 0.09609375 0.20703125 0.0515625
0 0.61640625 0.09609375 0.74296875 0.05234375
4 0.5015625 0.29453125 0.9734375 0.2078125
7 0.5015625 0.2328125 0.328125 0.03203125
7 0.50234375 0.27890625 0.28984375 0.0203125
7 0.49921875 0.3703125 0.26875 0.02421875
4 0.50234375 0.321875 0.39921875 0.03671875
2 0.27890625 0.43125 0.39765625 0.028125
2 0.1453125 0.578125 0.13515625 0.01953125
2 0.25703125 0.68046875 0.35390625 0.0234375
4 0.05078125 0.43125 0.04140625 0.025
4 0.04765625 0.57734375 0.05 0.02265625
4 0.05 0.67578125 0.034375 0.01953125
0 0.496875 0.478125 0.96328125 0.046875
0 0.5 0.52265625 0.9703125 0.0421875
0 0.50078125 0.625 0.96171875 0.04296875
0 0.49921875 0.7359375 0.9625 0.065625
0 0.49765625 0.8078125 0.965625 0.075
0 0.496875 0.8671875 0.96875 0.040625
7 0.3578125 0.47734375 0.15078125 0.02890625
7 0.63125 0.47421875 0.14296875 0.02421875
7 0.49765625 0.475 0.05 0.025
7 0.0640625 0.475 0.0328125 0.01953125
7 0.0625 0.52109375 0.034375 0.0234375
7 0.3578125 0.521875 0.1453125 0.02421875
7 0.49921875 0.52265625 0.0734375 0.02578125
7 0.63515625 0.5203125 0.14453125 0.03203125
7 0.3734375 0.621875 0.13203125 0.02265625
7 0.4953125 0.6203125 0.06640625 0.02578125
7 0.6296875 0.625 0.134375 0.02578125
7 0.0625 0.72421875 0.03515625 0.0265625
7 0.0609375 0.79296875 0.0265625 0.0265625
7 0.06171875 0.86484375 0.0328125 0.0234375
7 0.40234375 0.72265625 0.059375 0.02421875
7 0.6265625 0.72265625 0.11796875 0.03046875
7 0.49765625 0.72265625 0.05078125 0.02421875
7 0.5 0.75 0.125 0.02421875
7 0.40703125 0.79140625 0.078125 0.0265625
7 0.50390625 0.79140625 0.06796875 0.02109375
7 0.61328125 0.79375 0.10625 0.021875
7 0.496875 0.81953125 0.11953125 0.02421875
7 0.390625 0.8640625 0.09609375 0.02109375
7 0.496875 0.8640625 0.0640625 0.01953125
7 0.58515625 0.86484375 0.05625 0.0234375
4 0.9375 0.47890625 0.03515625 0.02578125
4 0.9359375 0.521875 0.0421875 0.02421875
4 0.93984375 0.62265625 0.0453125 0.0296875
4 0.9359375 0.72734375 0.0375 0.02890625
4 0.9359375 0.79453125 0.0328125 0.02578125
4 0.93671875 0.865625 0.0390625 0.025