0 0.25703125 0.05859375 0.153125 0.0453125
0 0.41015625 0.05859375 0.12890625 0.0421875
0 0.8625 0.05625 0.05625 0.03203125
0 0.93671875 0.05625 0.05390625 0.0359375
1 0.53046875 0.1171875 0.87421875 0.03046875
5 0.28671875 0.11171875 0.37578125 0.0125
0 0.0703125 0.115625 0.046875 0.0328125
4 0.5 0.30078125 1 0.309375
7 0.11953125 0.484375 0.22109375 0.02734375
7 0.93984375 0.48671875 0.109375 0.028125
4 0.50078125 0.6765625 0.99765625 0.325
7 0.22109375 0.87109375 0.4171875 0.02265625
7 0.93125 0.86953125 0.11015625 0.028125
0 0.12890625 0.915625 0.115625 0.07265625
0 0.37890625 0.91640625 0.09296875 0.06328125
0 0.628125 0.9171875 0.1015625 0.0609375
0 0.87109375 0.91875 0.084375 0.06640625