0 0.01015625 0.05625 0.01953125 0.05078125
0 0.946875 0.05546875 0.0234375 0.03515625
4 0.0609375 0.0546875 0.0765625 0.05078125
0 0.17109375 0.05546875 0.134375 0.0515625
4 0.165625 0.1890625 0.328125 0.2125
4 0.49921875 0.18828125 0.32890625 0.2078125
4 0.8328125 0.1875 0.33359375 0.20859375
4 0.16484375 0.3984375 0.3296875 0.203125
4 0.4984375 0.396875 0.3265625 0.2046875
4 0.83203125 0.396875 0.32890625 0.20546875
4 0.165625 0.60703125 0.3234375 0.20859375
4 0.4984375 0.60546875 0.334375 0.2109375
4 0.834375 0.60703125 0.33125 0.2078125
4 0.16484375 0.81484375 0.3265625 0.20625