0 0.06015625 0.059375 0.04609375 0.0359375
2 0.26953125 0.0515625 0.32578125 0.02265625
0 0.940625 0.06015625 0.08046875 0.0296875
7 0.5015625 0.1359375 0.353125 0.02421875
0 0.9203125 0.11015625 0.15703125 0.03828125
5 0.7890625 0.1109375 0.0859375 0.015625
7 0.87578125 0.17265625 0.15546875 0.03828125
7 0.871875 0.225 0.15234375 0.0453125
7 0.87109375 0.29921875 0.1546875 0.0390625
7 0.87109375 0.35234375 0.159375 0.04140625
7 0.86875 0.40546875 0.16328125 0.040625
7 0.87109375 0.4625 0.16328125 0.0359375
7 0.87109375 0.51015625 0.1671875 0.04140625
7 0.86953125 0.5640625 0.1734375 0.0390625
7 0.87109375 0.61875 0.17109375 0.0390625
7 0.86953125 0.67109375 0.1671875 0.03515625
7 0.86953125 0.72578125 0.16875 0.0375
7 0.8703125 0.7765625 0.17734375 0.040625
7 0.86953125 0.83046875 0.1640625 0.0390625
7 0.87109375 0.88359375 0.1671875 0.04140625
7 0.86796875 0.934375 0.1734375 0.03203125
0 0.97265625 0.17109375 0.02890625 0.0390625
0 0.97421875 0.22421875 0.03125 0.03203125
0 0.9765625 0.29921875 0.03671875 0.040625
0 0.97734375 0.35234375 0.03828125 0.0359375
0 0.9765625 0.4015625 0.046875 0.03125
0 0.97421875 0.4578125 0.0390625 0.03359375
0 0.97734375 0.50859375 0.0296875 0.028125
0 0.97890625 0.5625 0.04140625 0.0390625
0 0.975 0.6125 0.0328125 0.02734375
0 0.978125 0.6671875 0.04375 0.0328125
0 0.975 0.725 0.04609375 0.04296875
0 0.9765625 0.77578125 0.03203125 0.0390625
0 0.97890625 0.83046875 0.04140625 0.03359375
0 0.98125 0.88671875 0.0375 0.0421875
0 0.978125 0.93359375 0.04375 0.0375
4 0.11015625 0.16953125 0.2203125 0.0453125
4 0.13125 0.21875 0.2625 0.05234375
4 0.13984375 0.29765625 0.27890625 0.0484375
4 0.13828125 0.34765625 0.2765625 0.0515625
4 0.14140625 0.40078125 0.2828125 0.0515625
4 0.11171875 0.45234375 0.22265625 0.0484375
4 0.13203125 0.50703125 0.2640625 0.0484375
4 0.12890625 0.55703125 0.2578125 0.0546875
4 0.12890625 0.6109375 0.2546875 0.053125
4 0.12890625 0.6703125 0.2578125 0.0625
4 0.134375 0.725 0.26875 0.0546875
4 0.134375 0.771875 0.26875 0.04921875
4 0.13359375 0.825 0.26640625 0.05859375
4 0.12109375 0.8796875 0.24140625 0.04765625
4 0.12265625 0.92578125 0.2453125 0.0453125