4 0.06015625 0.053125 0.07109375 0.0484375
2 0.20546875 0.05546875 0.20078125 0.02421875
0 0.22109375 0.11796875 0.0359375 0.02734375
0 0.3484375 0.11875 0.03203125 0.01953125
5 0.26875 0.1171875 0.05078125 0.025
5 0.42421875 0.1203125 0.09921875 0.0203125
1 0.50390625 0.1625 0.5984375 0.0328125
1 0.49921875 0.203125 0.60234375 0.0328125
1 0.5 0.24375 0.59921875 0.02734375
0 0.2203125 0.2828125 0.03515625 0.02421875
5 0.3140625 0.284375 0.13828125 0.021875
5 0.27421875 0.16171875 0.13359375 0.0234375
5 0.2859375 0.20390625 0.159375 0.01875
5 0.3203125 0.2453125 0.22265625 0.01875
6 0.22734375 0.321875 0.05859375 0.02421875
0 0.73984375 0.3265625 0.11015625 0.0375
7 0.6765625 0.2484375 0.225 0.0234375