2 0.196875 0.059375 0.15703125 0.02578125
0 0.05703125 0.06171875 0.04765625 0.0375
0 0.28359375 0.125 0.446875 0.03828125
0 0.753125 0.125 0.41875 0.03984375
4 0.4984375 0.409375 0.99375 0.5296875
4 0.26484375 0.8125 0.45078125 0.159375
0 0.26171875 0.8140625 0.0953125 0.0578125
0 0.49921875 0.64453125 0.28671875 0.05390625
2 0.49453125 0.51484375 0.62265625 0.10078125
2 0.71875 0.78046875 0.428125 0.0375
7 0.71015625 0.821875 0.39921875 0.02578125
7 0.73359375 0.89296875 0.459375 0.09296875
7 0.4953125 0.59453125 0.2984375 0.028125
7 0.15859375 0.64296875 0.125 0.02578125
7 0.56328125 0.7421875 0.1140625 0.01875