0 0.0203125 0.05546875 0.040625 0.0328125
0 0.9640625 0.0578125 0.05703125 0.040625
0 0.259375 0.1890625 0.51875 0.2109375
0 0.759375 0.1875 0.48046875 0.20859375
0 0.259375 0.39765625 0.5140625 0.20703125
0 0.759375 0.39609375 0.4765625 0.20703125
0 0.259375 0.60390625 0.51484375 0.20546875
0 0.75859375 0.6046875 0.471875 0.20703125
4 0.08125 0.05625 0.06328125 0.04453125
4 0.25703125 0.17578125 0.06796875 0.03671875
4 0.75625 0.17734375 0.0625 0.034375
4 0.2578125 0.38359375 0.06953125 0.040625
4 0.75859375 0.384375 0.0796875 0.03125
4 0.2578125 0.590625 0.04921875 0.04375
4 0.75703125 0.59453125 0.08046875 0.03359375
2 0.20625 0.05625 0.1703125 0.0296875
7 0.25625 0.20546875 0.2046875 0.02734375
7 0.75859375 0.20625 0.159375 0.02734375
7 0.2578125 0.41328125 0.1109375 0.025
7 0.75625 0.415625 0.0625 0.0265625
7 0.25859375 0.6234375 0.125 0.028125
7 0.7578125 0.6234375 0.0828125 0.0203125