4 0.5 0.1140625 1 0.1765625
4 0.06875 0.24140625 0.0875 0.05546875
4 0.06953125 0.321875 0.084375 0.05078125
4 0.06875 0.40234375 0.0953125 0.0578125
4 0.06875 0.4828125 0.09140625 0.05625
4 0.06875 0.5640625 0.0921875 0.06015625
4 0.06953125 0.64375 0.09296875 0.0578125
4 0.06640625 0.72265625 0.09609375 0.0578125
4 0.06875 0.803125 0.0875 0.059375
4 0.0703125 0.884375 0.090625 0.06015625
4 0.19140625 0.25078125 0.1125 0.01953125
4 0.19140625 0.33125 0.11171875 0.01953125
4 0.19140625 0.4125 0.1078125 0.0171875
4 0.19140625 0.4921875 0.11171875 0.015625
4 0.1890625 0.57265625 0.10703125 0.0171875
4 0.19296875 0.65234375 0.11171875 0.01796875
4 0.19140625 0.73125 0.11171875 0.01796875
4 0.19140625 0.8125 0.1078125 0.01328125
4 0.1890625 0.89296875 0.10703125 0.01953125
4 0.8765625 0.94296875 0.0359375 0.01796875
4 0.8765625 0.865625 0.02890625 0.0203125
4 0.87265625 0.78671875 0.021875 0.01953125
4 0.87578125 0.70546875 0.03125 0.0203125
4 0.87578125 0.62578125 0.03046875 0.0203125
4 0.87578125 0.5453125 0.03125 0.0203125
4 0.875 0.46484375 0.03359375 0.02109375
4 0.87578125 0.38359375 0.034375 0.0203125
4 0.87734375 0.30546875 0.0296875 0.0203125
4 0.8765625 0.225 0.028125 0.0234375
4 0.9203125 0.1765625 0.0359375 0.025
7 0.2015625 0.11015625 0.36484375 0.03125
7 0.23828125 0.165625 0.25625 0.01953125
0 0.92578125 0.05625 0.11015625 0.03125
7 0.2609375 0.22734375 0.25546875 0.02265625
7 0.2625 0.30703125 0.2546875 0.0234375
7 0.19453125 0.3875 0.11875 0.0203125
7 0.2671875 0.4671875 0.2640625 0.02265625
7 0.26796875 0.54765625 0.26953125 0.0203125
7 0.26328125 0.62734375 0.25546875 0.025
7 0.26875 0.70703125 0.2671875 0.0234375
7 0.26484375 0.7890625 0.26640625 0.01796875
7 0.26640625 0.86875 0.26171875 0.02578125
7 0.93515625 0.94609375 0.0578125 0.0140625
7 0.93359375 0.86640625 0.06328125 0.01640625
7 0.93125 0.7859375 0.06328125 0.01796875
7 0.93046875 0.70703125 0.0609375 0.0203125
7 0.9328125 0.62578125 0.06640625 0.01953125
7 0.93203125 0.546875 0.059375 0.01796875
7 0.93125 0.46640625 0.06171875 0.01796875
7 0.93046875 0.3859375 0.053125 0.01875
7 0.93125 0.30546875 0.0578125 0.01953125
7 0.93046875 0.225 0.053125 0.01796875
0 0.90703125 0.253125 0.1234375 0.03203125
0 0.909375 0.334375 0.1265625 0.03125
0 0.90859375 0.4140625 0.125 0.03125
0 0.909375 0.49453125 0.12265625 0.03359375
0 0.909375 0.5734375 0.12265625 0.03203125
0 0.90703125 0.65390625 0.12265625 0.034375
0 0.90703125 0.73359375 0.121875 0.03203125
0 0.90859375 0.8140625 0.12578125 0.03359375
0 0.909375 0.89609375 0.1234375 0.03125
0 0.5 0.23984375 1 0.07578125
0 0.49921875 0.321875 0.9953125 0.078125
0 0.5 0.4015625 1 0.0765625
0 0.50078125 0.4828125 0.99765625 0.078125
0 0.49921875 0.56328125 0.99765625 0.0765625
0 0.49921875 0.64296875 0.9953125 0.075
0 0.5 0.72265625 0.99609375 0.08359375
0 0.5 0.8046875 0.99140625 0.078125
0 0.5 0.88359375 1 0.07734375