0 0.059375 0.05546875 0.05234375 0.028125
1 0.36171875 0.059375 0.496875 0.04296875
0 0.8421875 0.059375 0.05703125 0.03984375
0 0.94609375 0.053125 0.05390625 0.04453125
0 0.0421875 0.10234375 0.06796875 0.03203125
0 0.15546875 0.10234375 0.11640625 0.03125
0 0.29140625 0.10234375 0.13515625 0.0359375
0 0.46796875 0.103125 0.2 0.03671875
0 0.709375 0.10546875 0.20703125 0.034375
0 0.9140625 0.103125 0.1453125 0.0296875
4 0.49921875 0.36875 0.96015625 0.446875
2 0.44609375 0.42890625 0.81484375 0.1765625
4 0.08671875 0.63671875 0.13984375 0.06640625
4 0.08828125 0.73125 0.1375 0.05859375
4 0.08671875 0.81640625 0.12890625 0.0625
4 0.084375 0.9078125 0.140625 0.06484375
7 0.3265625 0.63984375 0.31015625 0.065625
7 0.31796875 0.72890625 0.2984375 0.06640625
7 0.325 0.821875 0.30703125 0.05859375
7 0.32421875 0.9109375 0.321875 0.05625
7 0.8265625 0.91328125 0.31328125 0.0546875
4 0.5890625 0.9140625 0.1421875 0.0640625