0 0.06171875 0.06015625 0.03515625 0.03671875
4 0.50703125 0.05859375 0.14765625 0.0390625
2 0.5015625 0.1203125 0.22578125 0.034375
4 0.50078125 0.1296875 0.30078125 0.0640625
0 0.95 0.059375 0.03984375 0.03515625
0 0.25546875 0.1890625 0.146875 0.0421875
0 0.41875 0.1890625 0.1484375 0.04453125
0 0.5828125 0.190625 0.13984375 0.04296875
0 0.75390625 0.1890625 0.14453125 0.0453125
2 0.178125 0.2984375 0.31171875 0.0421875
2 0.50078125 0.63828125 0.96484375 0.62578125
6 0.3578125 0.55390625 0.22734375 0.021875
6 0.5765625 0.9421875 0.19453125 0.01875