4 0.5015625 0.4875 0.996875 0.92109375
4 0.3234375 0.28671875 0.08046875 0.053125
2 0.55 0.28359375 0.33359375 0.04453125
2 0.5015625 0.35703125 0.1421875 0.03828125
1 0.5 0.39453125 0.73984375 0.05234375
1 0.5015625 0.459375 0.7453125 0.05390625
1 0.50078125 0.525 0.74765625 0.04765625
5 0.1921875 0.37890625 0.11328125 0.0125
5 0.16171875 0.4421875 0.06640625 0.015625
5 0.2015625 0.53125 0.13984375 0.028125
0 0.84453125 0.5328125 0.04609375 0.028125
0 0.49921875 0.628125 0.73828125 0.05078125
0 0.21640625 0.70859375 0.17265625 0.03828125
0 0.4046875 0.71015625 0.1734375 0.0390625
0 0.6875 0.70859375 0.3578125 0.034375
7 0.50234375 0.58203125 0.74453125 0.03671875
7 0.2078125 0.67578125 0.1625 0.021875
7 0.6078125 0.6734375 0.209375 0.02265625
7 0.5 0.74921875 0.40234375 0.034375
6 0.65 0.57265625 0.20703125 0.02109375
6 0.82734375 0.5734375 0.08203125 0.02265625
6 0.50234375 0.58828125 0.06796875 0.0203125