0 0.06015625 0.059375 0.04453125 0.025
0 0.421875 0.121875 0.15 0.0390625
0 0.5828125 0.12109375 0.15390625 0.0390625
0 0.95 0.059375 0.05859375 0.03203125
0 0.5 0.190625 0.97265625 0.078125
0 0.49921875 0.278125 0.97109375 0.07734375
0 0.5 0.36640625 0.9703125 0.07734375
0 0.50078125 0.45390625 0.9703125 0.078125
0 0.50078125 0.5421875 0.9734375 0.07734375
2 0.2453125 0.06328125 0.2203125 0.02890625
4 0.07578125 0.190625 0.12109375 0.0765625
4 0.075 0.2796875 0.11953125 0.07421875
4 0.0765625 0.3671875 0.11953125 0.075
4 0.07734375 0.4546875 0.11796875 0.07578125
4 0.0765625 0.54140625 0.1171875 0.07734375
7 0.25859375 0.19140625 0.21953125 0.021875
7 0.26171875 0.28203125 0.2265625 0.02265625
7 0.26015625 0.36875 0.22578125 0.01953125
7 0.259375 0.45546875 0.21640625 0.0203125
7 0.25859375 0.54296875 0.2203125 0.021875