4 0.0625 0.05625 0.08359375 0.0515625
2 0.30078125 0.0578125 0.38125 0.0328125
0 0.83828125 0.05703125 0.0765625 0.040625
0 0.94765625 0.05625 0.06640625 0.0453125
0 0.31328125 0.27109375 0.3015625 0.175
0 0.31484375 0.50859375 0.2890625 0.18125
0 0.3109375 0.76015625 0.28828125 0.16875
0 0.80859375 0.4671875 0.359375 0.0484375
0 0.80859375 0.41484375 0.3546875 0.05078125
0 0.809375 0.36484375 0.35703125 0.04765625
0 0.80859375 0.3140625 0.35078125 0.05
0 0.81015625 0.26328125 0.34921875 0.05
0 0.80859375 0.209375 0.35546875 0.0546875
0 0.81015625 0.15703125 0.35703125 0.04765625
0 0.8109375 0.1078125 0.3515625 0.0515625
7 0.790625 0.11015625 0.13515625 0.02734375
7 0.765625 0.1609375 0.08984375 0.02265625
7 0.81953125 0.21484375 0.1890625 0.02109375
7 0.79453125 0.26171875 0.14375 0.02265625
7 0.8453125 0.315625 0.24140625 0.03046875
7 0.7859375 0.365625 0.134375 0.02265625
7 0.76328125 0.41640625 0.08125 0.028125
5 0.76953125 0.4671875 0.09375 0.025
7 0.30390625 0.31953125 0.228125 0.0265625
7 0.30234375 0.5625 0.084375 0.02578125
7 0.29921875 0.803125 0.18984375 0.028125
0 0.703125 0.565625 0.17734375 0.02421875
0 0.71640625 0.50859375 0.25 0.18203125
4 0.3015625 0.25859375 0.13671875 0.090625
4 0.30078125 0.50234375 0.1546875 0.09140625
4 0.30390625 0.74296875 0.14921875 0.0875
4 0.696875 0.50859375 0.15234375 0.08046875
4 0.6828125 0.4671875 0.0625 0.03359375
4 0.6859375 0.41328125 0.05546875 0.03203125
4 0.68515625 0.365625 0.0609375 0.03515625
4 0.6859375 0.31328125 0.05625 0.04140625
4 0.6859375 0.26015625 0.046875 0.03828125
4 0.6859375 0.21015625 0.0546875 0.03984375
4 0.68515625 0.159375 0.0578125 0.03671875
4 0.68671875 0.1078125 0.05234375 0.0390625