0 0.1 0.05703125 0.19296875 0.05625
0 0.30625 0.05625 0.21171875 0.05859375
0 0.5046875 0.0546875 0.17578125 0.0578125
0 0.69453125 0.05546875 0.1984375 0.0578125
0 0.8984375 0.0546875 0.203125 0.05703125
2 0.49609375 0.1484375 0.31875 0.0453125
7 0.49375 0.2515625 0.40078125 0.0765625
1 0.46328125 0.3421875 0.76328125 0.046875
5 0.2421875 0.3375 0.26171875 0.0234375
0 0.88046875 0.340625 0.06796875 0.04609375
7 0.29140625 0.44765625 0.3703125 0.04296875
4 0.05390625 0.44609375 0.06484375 0.03515625
0 0.96171875 0.44609375 0.03359375 0.0359375
2 0.1828125 0.5125 0.31953125 0.0265625
4 0.4625 0.60234375 0.87890625 0.1359375
4 0.084375 0.67890625 0.07265625 0.04765625
2 0.2265625 0.69296875 0.18359375 0.02109375
7 0.18125 0.721875 0.2828125 0.01875
4 0.12734375 0.74765625 0.175 0.02265625
7 0.3171875 0.7796875 0.5609375 0.021875
6 0.52265625 0.77890625 0.1484375 0.0203125
0 0.24609375 0.8484375 0.40625 0.05078125
0 0.67890625 0.8484375 0.40390625 0.05390625