0 0.0640625 0.06328125 0.05703125 0.03515625
1 0.553125 0.0625 0.87734375 0.0359375
5 0.2578125 0.06171875 0.25390625 0.02734375
4 0.06328125 0.12890625 0.06015625 0.04921875
1 0.4984375 0.12890625 0.78046875 0.04609375
7 0.265625 0.12734375 0.2890625 0.0390625
0 0.83828125 0.12734375 0.0609375 0.0390625
0 0.934375 0.12578125 0.06015625 0.04609375
0 0.1734375 0.18515625 0.34296875 0.04921875
0 0.515625 0.18671875 0.3359375 0.046875
0 0.84375 0.1875 0.3125 0.046875
7 0.16640625 0.1828125 0.0703125 0.02265625
7 0.4984375 0.18203125 0.146875 0.0203125
7 0.8265625 0.184375 0.12421875 0.021875