4 0.0609375 0.0546875 0.07109375 0.04765625
2 0.18515625 0.05703125 0.15703125 0.02421875
0 0.946875 0.05390625 0.0375 0.034375
2 0.059375 0.10078125 0.10078125 0.02734375
2 0.06484375 0.234375 0.11640625 0.02578125
2 0.05390625 0.36875 0.09453125 0.02265625
7 0.50234375 0.42265625 0.4046875 0.03984375
0 0.5 0.478125 0.41640625 0.03046875
0 0.5015625 0.58984375 0.41640625 0.03203125
7 0.5046875 0.53828125 0.3953125 0.03828125
7 0.45078125 0.47734375 0.2375 0.0203125
7 0.425 0.59296875 0.17578125 0.01953125
4 0.31640625 0.4765625 0.02890625 0.01875
4 0.315625 0.590625 0.034375 0.025
0 0.82578125 0.1109375 0.31875 0.04921875
7 0.290625 0.14296875 0.44765625 0.02890625
7 0.23984375 0.1953125 0.32578125 0.028125
7 0.27734375 0.27734375 0.39765625 0.03203125
7 0.26015625 0.32578125 0.3640625 0.02890625
4 0.0375 0.140625 0.0453125 0.03359375
4 0.03671875 0.27734375 0.05078125 0.03984375
4 0.0359375 0.321875 0.04140625 0.03203125
4 0.03515625 0.41015625 0.04765625 0.03515625
7 0.1765625 0.41015625 0.19296875 0.028125
0 0.08359375 0.92421875 0.14765625 0.0421875
0 0.91796875 0.925 0.1515625 0.04375