0 0.06171875 0.0578125 0.0484375 0.03671875
0 0.95 0.06015625 0.05 0.0328125
2 0.2359375 0.04765625 0.23125 0.02578125
7 0.19375 0.07421875 0.14296875 0.02109375
2 0.509375 0.11171875 0.1578125 0.0203125
2 0.53515625 0.26328125 0.215625 0.0265625
0 0.1640625 0.11640625 0.32421875 0.04765625
0 0.36953125 0.1171875 0.075 0.046875
0 0.20390625 0.1671875 0.40703125 0.04296875
0 0.2 0.21484375 0.39453125 0.04140625
0 0.20390625 0.2703125 0.40234375 0.04921875
0 0.20390625 0.32265625 0.40234375 0.0515625
0 0.20390625 0.371875 0.4078125 0.046875
0 0.20546875 0.42265625 0.40546875 0.04921875
0 0.209375 0.4734375 0.40859375 0.05
0 0.20625 0.52578125 0.4125 0.0515625
7 0.13125 0.1171875 0.0984375 0.02109375
7 0.1578125 0.16875 0.1265625 0.021875
7 0.13125 0.21796875 0.0875 0.0234375
7 0.13203125 0.26796875 0.078125 0.02265625
7 0.15390625 0.31796875 0.13046875 0.02734375
7 0.1359375 0.36875 0.1015625 0.028125
7 0.134375 0.42109375 0.09375 0.02265625
7 0.13359375 0.471875 0.09296875 0.025
7 0.13203125 0.52265625 0.084375 0.0265625
4 0.053125 0.115625 0.04609375 0.03046875
4 0.05390625 0.16796875 0.05234375 0.0296875
4 0.05390625 0.2171875 0.053125 0.03125
4 0.05390625 0.26796875 0.0484375 0.0328125
4 0.05390625 0.31953125 0.05703125 0.0296875
4 0.05234375 0.3703125 0.04375 0.028125
4 0.053125 0.42109375 0.05234375 0.03203125
4 0.053125 0.4703125 0.046875 0.02734375
4 0.05078125 0.5203125 0.05703125 0.03203125
4 0.5265625 0.17734375 0.178125 0.08828125
4 0.528125 0.33125 0.1765625 0.090625
4 0.721875 0.33125 0.1734375 0.0875
4 0.9109375 0.33203125 0.171875 0.08515625
4 0.528125 0.453125 0.17578125 0.08828125
4 0.721875 0.453125 0.17421875 0.0875
4 0.91171875 0.4515625 0.1734375 0.090625
4 0.52890625 0.57265625 0.17734375 0.08671875
4 0.71953125 0.5734375 0.1796875 0.08671875
4 0.9125 0.57265625 0.16953125 0.0890625
4 0.52734375 0.69453125 0.1796875 0.0859375
4 0.72109375 0.69375 0.17734375 0.08984375
4 0.9109375 0.69453125 0.1765625 0.0859375
4 0.5265625 0.8140625 0.178125 0.08203125
4 0.72109375 0.8171875 0.1765625 0.08828125
4 0.9109375 0.815625 0.17734375 0.090625
3 0.82734375 0.9234375 0.3453125 0.053125
0 0.53046875 0.34296875 0.18515625 0.12109375
0 0.721875 0.34140625 0.18359375 0.1140625
0 0.90859375 0.3421875 0.1828125 0.11875
0 0.5296875 0.465625 0.18515625 0.115625
0 0.72578125 0.465625 0.1859375 0.11953125
0 0.9109375 0.465625 0.17734375 0.11796875
0 0.5265625 0.584375 0.17890625 0.1125
0 0.7203125 0.58359375 0.18125 0.1171875
0 0.9125 0.58359375 0.175 0.1140625
0 0.52578125 0.7078125 0.18125 0.11015625
0 0.721875 0.70546875 0.18359375 0.11484375
0 0.90703125 0.70546875 0.1859375 0.1171875
0 0.5296875 0.82734375 0.18515625 0.1171875
0 0.721875 0.82734375 0.18828125 0.1171875
0 0.90859375 0.828125 0.1828125 0.12109375
0 0.20625 0.92578125 0.4125 0.05078125
4 0.05390625 0.9234375 0.0625 0.0375
7 0.146875 0.92421875 0.10859375 0.03359375
7 0.540625 0.3890625 0.14609375 0.02265625
7 0.73359375 0.38828125 0.1515625 0.0203125
7 0.91796875 0.3875 0.13046875 0.01796875
7 0.5171875 0.5078125 0.1046875 0.021875
7 0.71484375 0.50859375 0.109375 0.02109375
7 0.9234375 0.51015625 0.15234375 0.02734375
7 0.5375 0.6296875 0.1546875 0.02421875
7 0.73125 0.63125 0.14765625 0.021875
7 0.9234375 0.63125 0.15234375 0.02421875
7 0.53828125 0.75078125 0.15078125 0.02421875
7 0.73125 0.75234375 0.1578125 0.02265625
7 0.9265625 0.753125 0.1421875 0.02421875
7 0.53984375 0.87109375 0.1546875 0.0203125
7 0.73515625 0.8734375 0.1453125 0.01875
7 0.92578125 0.8734375 0.14140625 0.025