4 0.5 0.23671875 1 0.4734375
2 0.134375 0.06015625 0.10625 0.1015625
2 0.28125 0.5546875 0.384375 0.0390625
2 0.8125 0.7328125 0.15 0.04375
2 0.1796875 0.7953125 0.14609375 0.03203125
2 0.3671875 0.80703125 0.1203125 0.06484375
2 0.58359375 0.80859375 0.153125 0.05859375
4 0.18515625 0.68828125 0.18359375 0.16015625
4 0.3875 0.6875 0.18203125 0.15546875
4 0.58828125 0.6890625 0.17890625 0.15546875
4 0.8234375 0.88515625 0.18828125 0.228125
0 0.77890625 0.01953125 0.04375 0.02578125
0 0.8296875 0.01875 0.04921875 0.028125
0 0.88125 0.01953125 0.04765625 0.0296875
7 0.81875 0.05546875 0.08125 0.02265625
7 0.84921875 0.08125 0.140625 0.01953125
7 0.8421875 0.10390625 0.1265625 0.0203125
7 0.65 0.26171875 0.06484375 0.0828125
7 0.8265625 0.26328125 0.08125 0.0828125
7 0.7421875 0.3703125 0.2421875 0.0609375
3 0.184375 0.915625 0.159375 0.16875
3 0.384375 0.92890625 0.1625 0.1421875
3 0.58671875 0.92890625 0.1609375 0.1421875
0 0.2703125 0.15703125 0.05078125 0.053125
0 0.34765625 0.15546875 0.090625 0.05703125
0 0.4734375 0.15625 0.1421875 0.05546875
0 0.57890625 0.15546875 0.04140625 0.05625
0 0.64375 0.15703125 0.06328125 0.05078125
0 0.71796875 0.15703125 0.0546875 0.059375
0 0.82265625 0.55390625 0.1875 0.05703125
0 0.821875 0.621875 0.18828125 0.053125