4 0.5 0.05625 0.12890625 0.046875
0 0.82265625 0.05625 0.07734375 0.046875
0 0.915625 0.05625 0.08671875 0.046875
2 0.5 0.23984375 0.91796875 0.046875
2 0.5 0.3015625 0.91796875 0.025
4 0.75625 0.4203125 0.0671875 0.0546875
1 0.5 0.4203125 0.603125 0.07265625
7 0.5 0.484375 0.31640625 0.02578125
5 0.5 0.5515625 0.2875 0.07421875
0 0.10546875 0.7671875 0.12890625 0.16171875
0 0.26328125 0.7671875 0.1296875 0.16171875
0 0.42109375 0.7671875 0.12890625 0.16171875
0 0.57890625 0.7671875 0.1296875 0.16171875
0 0.73671875 0.7671875 0.1296875 0.16171875
0 0.89453125 0.7671875 0.12890625 0.16171875
4 0.49921875 0.96171875 0.0703125 0.0765625
7 0.0765625 0.8984375 0.09375 0.01796875
7 0.38125 0.91171875 0.703125 0.04453125
6 0.0921875 0.95078125 0.125 0.01796875
7 0.8734375 0.92421875 0.1953125 0.05234375