0 0.0640625 0.059375 0.0640625 0.03671875
0 0.87265625 0.06328125 0.0609375 0.0421875
0 0.9453125 0.06328125 0.0546875 0.04140625
0 0.13515625 0.17890625 0.225 0.03984375
0 0.3828125 0.17890625 0.21640625 0.04296875
0 0.62421875 0.18046875 0.209375 0.0453125
0 0.86953125 0.17734375 0.21328125 0.0390625
7 0.25234375 0.2421875 0.384375 0.0375
7 0.2421875 0.29375 0.36953125 0.053125
7 0.25625 0.40625 0.40234375 0.04375
2 0.25625 0.35546875 0.296875 0.0296875
2 0.26640625 0.1015625 0.25859375 0.03359375
7 0.30234375 0.12890625 0.22578125 0.02265625
4 0.0703125 0.1109375 0.1 0.06015625