4 0.09765625 0.0484375 0.0703125 0.0234375
7 0.19296875 0.046875 0.06171875 0.03125
0 0.20234375 0.046875 0.08125 0.04140625
4 0.23515625 0.0484375 0.01640625 0.02109375
7 0.2984375 0.046875 0.06640625 0.03125
0 0.30859375 0.046875 0.0859375 0.04140625
4 0.34296875 0.0484375 0.01640625 0.02109375
7 0.42109375 0.046875 0.09453125 0.03125
0 0.42109375 0.046875 0.09453125 0.04140625
7 0.18671875 0.0875 0.05 0.03125
0 0.18671875 0.0875 0.05 0.04140625
4 0.246875 0.0875 0.02421875 0.03125
7 0.4734375 0.0875 0.03203125 0.03125
0 0.4734375 0.0875 0.03203125 0.04140625
4 0.584375 0.046875 0.01640625 0.02109375
1 0.66015625 0.046875 0.19921875 0.05234375
7 0.80625 0.046875 0.04765625 0.03125
0 0.80625 0.046875 0.04765625 0.04140625
7 0.89140625 0.046875 0.0578125 0.02109375
0 0.89140625 0.046875 0.09296875 0.04140625
2 0.2828125 0.3421875 0.42578125 0.2046875
7 0.284375 0.503125 0.42890625 0.07421875
7 0.17578125 0.60546875 0.0859375 0.08359375
0 0.17578125 0.60546875 0.2109375 0.08359375
7 0.8109375 0.72109375 0.05078125 0.01796875
6 0.88203125 0.72109375 0.09453125 0.01796875
4 0.5 0.45546875 1 0.72421875
2 0.49921875 0.903125 0.40703125 0.053125