2 0.1921875 0.3875 0.26171875 0.03515625
0 0.90390625 0.44609375 0.04453125 0.02890625
0 0.9015625 0.4953125 0.053125 0.03046875
0 0.9078125 0.54296875 0.07890625 0.04609375
7 0.16640625 0.44296875 0.20625 0.02578125
7 0.16171875 0.4984375 0.196875 0.028125
7 0.19453125 0.54609375 0.26484375 0.0234375
0 0.509375 0.59921875 0.1953125 0.0421875
7 0.5 0.5984375 0.0890625 0.01953125
2 0.1921875 0.05625 0.16484375 0.02890625
4 0.06015625 0.0578125 0.0828125 0.05078125
2 0.11171875 0.109375 0.12578125 0.02265625
7 0.22265625 0.13046875 0.3578125 0.01796875
2 0.1328125 0.17421875 0.165625 0.02421875
7 0.221875 0.196875 0.3421875 0.01875
2 0.22578125 0.2390625 0.3515625 0.0234375
2 0.1515625 0.27734375 0.209375 0.01953125
2 0.15234375 0.65078125 0.2046875 0.02109375
2 0.17421875 0.71875 0.2546875 0.0203125
2 0.15 0.7859375 0.20390625 0.02109375
2 0.1421875 0.84609375 0.1875 0.01953125
2 0.1078125 0.890625 0.125 0.01875
7 0.13125 0.2984375 0.16875 0.0265625
7 0.23984375 0.67578125 0.3859375 0.0265625
7 0.08125 0.74140625 0.06875 0.02421875
7 0.19296875 0.809375 0.2890625 0.0234375
7 0.09921875 0.915625 0.10546875 0.01796875