0 0.05859375 0.059375 0.0375 0.040625
2 0.36015625 0.06171875 0.465625 0.021875
0 0.86328125 0.059375 0.06796875 0.0328125
0 0.94921875 0.06171875 0.0703125 0.040625
4 0.5015625 0.2015625 0.996875 0.215625
2 0.3484375 0.3546875 0.659375 0.07421875
7 0.09609375 0.41953125 0.14140625 0.02109375
2 0.084375 0.490625 0.13203125 0.0234375
2 0.06640625 0.65546875 0.07421875 0.01953125
2 0.0734375 0.81953125 0.10078125 0.02109375
0 0.9515625 0.49140625 0.0328125 0.02265625
0 0.95625 0.6546875 0.03359375 0.0234375
0 0.95390625 0.81953125 0.0203125 0.025
7 0.48125 0.559375 0.9171875 0.0921875
7 0.1953125 0.721875 0.33984375 0.084375
7 0.20859375 0.86328125 0.3671875 0.04140625
0 0.5 0.915625 0.19140625 0.03359375
0 0.94375 0.915625 0.05 0.03125