4 0.5 0.11875 1 0.18515625
7 0.20390625 0.1875 0.32421875 0.03125
0 0.88046875 0.05859375 0.16953125 0.046875
7 0.85703125 0.0578125 0.11796875 0.0296875
2 0.50234375 0.24140625 0.259375 0.0234375
2 0.50390625 0.403125 0.21640625 0.025
2 0.12890625 0.56484375 0.2296875 0.025
3 0.5 0.32109375 0.9953125 0.1046875
2 0.29140625 0.4703125 0.3125 0.0203125
2 0.2109375 0.6328125 0.1421875 0.0203125
2 0.23359375 0.73984375 0.1796875 0.02109375
7 0.46015625 0.50703125 0.63671875 0.01953125
7 0.45 0.66875 0.61015625 0.02265625
7 0.3140625 0.778125 0.3484375 0.02109375
4 0.075 0.4953125 0.11640625 0.0796875
4 0.071875 0.65625 0.11484375 0.075
4 0.0734375 0.7640625 0.1171875 0.06953125
0 0.91171875 0.4765625 0.1484375 0.0390625
0 0.91171875 0.6390625 0.14375 0.04140625
0 0.91015625 0.7484375 0.14609375 0.0390625