2 0.1078125 0.0625 0.1765625 0.02890625
0 0.41328125 0.121875 0.16328125 0.0375
0 0.5828125 0.121875 0.1453125 0.04140625
0 0.95078125 0.06015625 0.03125 0.03046875
0 0.209375 0.23671875 0.159375 0.1484375
0 0.50234375 0.23671875 0.16171875 0.14375
0 0.790625 0.2375 0.16484375 0.15
4 0.2078125 0.2140625 0.15546875 0.10078125
4 0.49921875 0.2140625 0.1625 0.1015625
4 0.7921875 0.215625 0.16171875 0.1
7 0.1984375 0.2859375 0.10625 0.0296875
7 0.4859375 0.284375 0.1015625 0.03515625
7 0.78125 0.27734375 0.13203125 0.0171875