2 0.5 0.05859375 0.20859375 0.02421875
0 0.05703125 0.059375 0.0421875 0.03515625
0 0.86875 0.0625 0.04921875 0.03671875
0 0.9390625 0.0625 0.03671875 0.0390625
1 0.24921875 0.26796875 0.33125 0.04375
5 0.2484375 0.26640625 0.22578125 0.02421875
0 0.5609375 0.26953125 0.25546875 0.04375
2 0.4171875 0.16484375 0.68359375 0.06640625
2 0.44140625 0.415625 0.74453125 0.0671875
2 0.2375 0.715625 0.3375 0.02578125
7 0.3125 0.2203125 0.4796875 0.0375
1 0.246875 0.49921875 0.32734375 0.03984375
5 0.25234375 0.4984375 0.234375 0.02578125
7 0.25234375 0.46328125 0.371875 0.01796875
7 0.46484375 0.7640625 0.78046875 0.0328125
0 0.125 0.92265625 0.11640625 0.05390625
0 0.375 0.9203125 0.1 0.05625
0 0.62578125 0.9203125 0.096875 0.0546875
0 0.88125 0.9203125 0.0953125 0.05703125