0 0.35 0.0515625 0.3 0.0484375
0 0.63984375 0.0515625 0.2765625 0.0515625
0 0.5 0.3375 0.94609375 0.05
0 0.94765625 0.28046875 0.06640625 0.01875
7 0.34609375 0.046875 0.1171875 0.02421875
7 0.65 0.04765625 0.1046875 0.025
5 0.95 0.28046875 0.06171875 0.01953125
1 0.496875 0.18125 0.96875 0.08125
1 0.50390625 0.2640625 0.96640625 0.0625
5 0.0625 0.17265625 0.08359375 0.01953125
5 0.12890625 0.2484375 0.2125 0.02265625
7 0.1609375 0.196875 0.2734375 0.01796875
7 0.146875 0.27265625 0.24765625 0.01484375
6 0.42890625 0.4046875 0.1328125 0.02265625
6 0.59609375 0.40390625 0.13828125 0.021875