0 0.05390625 0.0609375 0.04765625 0.0359375
2 0.17578125 0.15 0.29375 0.0328125
7 0.45078125 0.79765625 0.84375 0.021875
0 0.5 0.88984375 0.99609375 0.078125
7 0.0640625 0.196875 0.0671875 0.01953125
7 0.925 0.1953125 0.08671875 0.021875
0 0.5046875 0.23125 0.94921875 0.0359375
0 0.49765625 0.3453125 0.9953125 0.078125
0 0.49765625 0.42421875 0.9953125 0.0765625
0 0.49921875 0.503125 0.9984375 0.07578125
0 0.49765625 0.584375 0.9953125 0.07890625
0 0.4984375 0.66328125 0.99296875 0.078125
0 0.50078125 0.7421875 0.99296875 0.0765625
0 0.8859375 0.7421875 0.16015625 0.03046875
7 0.15625 0.3453125 0.2640625 0.02890625
7 0.0796875 0.4265625 0.09921875 0.02734375
7 0.1671875 0.50625 0.27421875 0.02890625
7 0.1140625 0.58359375 0.1640625 0.025
7 0.13828125 0.665625 0.21171875 0.0265625
7 0.1609375 0.74296875 0.26171875 0.028125
7 0.071875 0.8921875 0.07890625 0.0265625