7 0.384375 0.4546875 0.4578125 0.025
0 0.5015625 0.51875 0.73671875 0.05703125
4 0.5 0.2078125 1 0.36484375
4 0.49765625 0.07109375 0.1703125 0.065625
2 0.4984375 0.13203125 0.18046875 0.034375
2 0.4984375 0.16953125 0.253125 0.0328125
7 0.49921875 0.24921875 0.8921875 0.05234375
0 0.278125 0.35 0.41796875 0.0765625
0 0.72109375 0.35078125 0.3671875 0.07890625
0 0.5015625 0.82890625 0.90859375 0.08203125
7 0.51015625 0.9125 0.7703125 0.04921875
6 0.34140625 0.89921875 0.08828125 0.02265625
6 0.70703125 0.921875 0.32578125 0.0296875
1 0.4984375 0.58046875 0.9078125 0.05703125
1 0.49765625 0.65390625 0.90546875 0.05625
1 0.4953125 0.728125 0.91640625 0.05625
5 0.12265625 0.58515625 0.1515625 0.0296875
5 0.0921875 0.6609375 0.0875 0.0265625
5 0.2859375 0.734375 0.48203125 0.03046875