0 0.0703125 0.06171875 0.05546875 0.03671875
2 0.24375 0.06171875 0.24296875 0.02890625
1 0.5015625 0.1265625 0.98828125 0.06015625
1 0.5 0.19609375 0.98984375 0.0671875
5 0.18125 0.109375 0.3421875 0.01953125
5 0.0796875 0.1796875 0.1359375 0.01875
5 0.0359375 0.50078125 0.071875 0.0203125
5 0.0390625 0.2578125 0.07734375 0.02734375
0 0.39921875 0.76953125 0.19765625 0.0390625
0 0.609375 0.76953125 0.19453125 0.03828125
0 0.5 0.3765625 0.3953125 0.05078125
0 0.50703125 0.621875 0.38359375 0.05625