4 0.5015625 0.1765625 0.99609375 0.303125
0 0.05859375 0.06015625 0.046875 0.0234375
0 0.8671875 0.059375 0.05078125 0.03125
0 0.9484375 0.059375 0.0703125 0.0359375
4 0.09375 0.16015625 0.10546875 0.06953125
2 0.32578125 0.16015625 0.3125 0.02734375
1 0.49921875 0.2484375 0.9171875 0.05
5 0.3171875 0.253125 0.4125 0.0171875
0 0.08046875 0.25 0.046875 0.0296875
7 0.1296875 0.35546875 0.18515625 0.02265625
7 0.13671875 0.40625 0.20234375 0.02109375
7 0.17578125 0.459375 0.275 0.01875
7 0.12109375 0.509375 0.17578125 0.0203125
7 0.15 0.56328125 0.22578125 0.02109375
7 0.1015625 0.6140625 0.14453125 0.021875
7 0.19609375 0.66484375 0.32578125 0.01640625
7 0.1796875 0.725 0.29609375 0.0171875
7 0.09296875 0.7875 0.1078125 0.0171875
7 0.07890625 0.84921875 0.0875 0.02109375
7 0.15078125 0.90078125 0.228125 0.02109375
0 0.96640625 0.35625 0.03203125 0.02734375
0 0.965625 0.40625 0.0296875 0.02578125
0 0.96953125 0.45703125 0.03515625 0.02578125
0 0.9671875 0.50859375 0.03359375 0.025
0 0.9671875 0.5609375 0.0296875 0.02421875
0 0.965625 0.61015625 0.03046875 0.028125
0 0.9671875 0.66328125 0.03359375 0.0296875
0 0.96640625 0.7234375 0.02734375 0.028125
0 0.96796875 0.7890625 0.028125 0.025
0 0.96796875 0.84765625 0.028125 0.03046875
0 0.96953125 0.89921875 0.03125 0.02265625