0 0.04140625 0.0328125 0.0421875 0.05
0 0.940625 0.03046875 0.07734375 0.0328125
4 0.49609375 0.1921875 0.95546875 0.24921875
2 0.5 0.0328125 0.1453125 0.034375
0 0.3921875 0.33984375 0.75546875 0.0390625
0 0.8296875 0.33828125 0.0921875 0.03828125
0 0.9359375 0.33984375 0.08359375 0.03671875
0 0.1515625 0.5515625 0.0484375 0.33671875
0 0.32890625 0.55078125 0.0375 0.33671875
0 0.51171875 0.54921875 0.04453125 0.33515625
0 0.69296875 0.5484375 0.04765625 0.3390625
0 0.8765625 0.54921875 0.0359375 0.33359375
5 0.15234375 0.7328125 0.0625 0.02109375
5 0.33046875 0.73203125 0.05625 0.02421875
5 0.51015625 0.73203125 0.06171875 0.021875
5 0.69296875 0.73125 0.06484375 0.0203125
5 0.87734375 0.73359375 0.05078125 0.021875
5 0.0609375 0.76640625 0.0890625 0.0203125
5 0.06640625 0.93515625 0.103125 0.01875
5 0.26484375 0.90390625 0.0671875 0.02109375
5 0.73984375 0.90390625 0.12109375 0.02421875
0 0.5484375 0.76484375 0.859375 0.0328125
0 0.259375 0.84453125 0.12734375 0.075
0 0.73984375 0.8421875 0.134375 0.08046875
0 0.553125 0.934375 0.86015625 0.0296875
0 0.9546875 0.89375 0.05078125 0.03828125