0 0.059375 0.059375 0.0359375 0.028125
4 0.16875 0.06015625 0.07578125 0.04921875
2 0.253125 0.05859375 0.09609375 0.02734375
0 0.50234375 0.1390625 0.94375 0.04921875
7 0.5 0.19296875 0.04609375 0.02109375
1 0.4984375 0.26875 0.94765625 0.04609375
1 0.50078125 0.3609375 0.95546875 0.05078125
5 0.10546875 0.2328125 0.11796875 0.01796875
6 0.909375 0.23125 0.0921875 0.01953125
6 0.90859375 0.32109375 0.0921875 0.0203125
5 0.10234375 0.32265625 0.1140625 0.01640625
0 0.39453125 0.41953125 0.025 0.02109375
0 0.5 0.46953125 0.94765625 0.0453125
7 0.51875 0.421875 0.21171875 0.02109375
6 0.5015625 0.51171875 0.1734375 0.0203125
4 0.53671875 0.7859375 0.83125 0.2703125