4 0.1515625 0.0890625 0.1578125 0.09296875
2 0.615625 0.08984375 0.67734375 0.0828125
4 0.0671875 0.15703125 0.06953125 0.0421875
7 0.91015625 0.16328125 0.090625 0.0234375
0 0.20078125 0.20703125 0.17734375 0.02734375
0 0.39921875 0.20859375 0.178125 0.02890625
0 0.19921875 0.246875 0.1828125 0.028125
0 0.4 0.24765625 0.18046875 0.0296875
0 0.2 0.28671875 0.1796875 0.0296875
0 0.39921875 0.2875 0.1828125 0.03203125
0 0.1984375 0.32578125 0.18125 0.0328125
0 0.40078125 0.328125 0.1765625 0.025
0 0.1984375 0.3671875 0.17734375 0.028125
0 0.3984375 0.3640625 0.17734375 0.03046875
0 0.259375 0.8375 0.4484375 0.0375
0 0.74765625 0.83828125 0.43125 0.03828125