0 0.0609375 0.05859375 0.04296875 0.03359375
2 0.203125 0.05859375 0.21015625 0.02890625
4 0.49921875 0.22109375 0.98671875 0.25625
0 0.496875 0.3953125 0.99296875 0.0796875
0 0.496875 0.478125 0.99296875 0.07890625
0 0.49921875 0.5640625 0.990625 0.078125
0 0.4984375 0.65 0.99296875 0.0859375
0 0.50234375 0.7328125 0.99140625 0.08046875
0 0.4984375 0.8203125 0.996875 0.08515625
7 0.78203125 0.39453125 0.18515625 0.07109375
7 0.7921875 0.47890625 0.15546875 0.06171875
7 0.8015625 0.5625 0.13984375 0.06796875
7 0.79453125 0.646875 0.14765625 0.0625
7 0.7625 0.73125 0.21484375 0.0640625
7 0.77265625 0.81640625 0.19296875 0.065625
4 0.93515625 0.3953125 0.09140625 0.05859375
4 0.93203125 0.475 0.09375 0.05390625
4 0.93203125 0.56484375 0.08828125 0.0546875
4 0.934375 0.64765625 0.07109375 0.05546875
4 0.934375 0.734375 0.084375 0.05
4 0.9328125 0.81875 0.09453125 0.0484375