0 0.0609375 0.059375 0.04296875 0.0296875
2 0.22734375 0.0625 0.22109375 0.0265625
7 0.1609375 0.13046875 0.3015625 0.05546875
0 0.10703125 0.18984375 0.17421875 0.0390625
7 0.096875 0.25859375 0.153125 0.05703125
7 0.115625 0.3078125 0.18828125 0.02578125
0 0.95234375 0.3078125 0.03515625 0.0296875
7 0.11640625 0.38203125 0.2234375 0.02265625
7 0.08125 0.42421875 0.14609375 0.02109375
7 0.4984375 0.70390625 0.94765625 0.19375
7 0.50078125 0.90703125 0.9546875 0.07265625
7 0.303125 0.5328125 0.56015625 0.02265625
2 0.2453125 0.490625 0.45 0.0296875
2 0.17890625 0.5859375 0.321875 0.028125
6 0.45390625 0.5328125 0.2375 0.015625