1 0.50078125 0.07265625 0.959375 0.0625
0 0.0609375 0.0703125 0.0546875 0.03671875
7 0.23984375 0.06953125 0.28828125 0.03984375
0 0.72421875 0.071875 0.09375 0.0484375
5 0.7234375 0.07265625 0.075 0.02265625
0 0.83984375 0.07109375 0.084375 0.06171875
0 0.92734375 0.06875 0.075 0.05390625
4 0.5015625 0.2640625 0.996875 0.478125
0 0.928125 0.45859375 0.1015625 0.0625
4 0.16875 0.6078125 0.33359375 0.2078125
4 0.50078125 0.60703125 0.3265625 0.20703125
4 0.83203125 0.60625 0.33515625 0.203125
4 0.16640625 0.815625 0.3328125 0.209375
4 0.5015625 0.81484375 0.33203125 0.2046875
4 0.834375 0.81484375 0.33125 0.21015625
7 0.2328125 0.6828125 0.1609375 0.028125
7 0.565625 0.6828125 0.1625 0.02421875
7 0.903125 0.68359375 0.17109375 0.0234375
7 0.903125 0.89453125 0.16484375 0.02578125
7 0.56796875 0.85703125 0.16328125 0.0265625
7 0.2375 0.89375 0.1703125 0.02421875
7 0.4015625 0.68828125 0.121875 0.03828125
7 0.0671875 0.690625 0.12578125 0.03203125
7 0.7328125 0.69140625 0.13203125 0.034375
7 0.73671875 0.89921875 0.12421875 0.0390625
7 0.39921875 0.896875 0.12421875 0.0328125
7 0.06640625 0.89921875 0.12421875 0.03203125