0 0.02109375 0.0515625 0.02421875 0.0375
4 0.0671875 0.05 0.059375 0.03828125
2 0.2125 0.05 0.21484375 0.03359375
0 0.9625 0.0484375 0.059375 0.0375
0 0.5 0.103125 0.9890625 0.06171875
0 0.5 0.16796875 1 0.06640625
0 0.49921875 0.2328125 0.9984375 0.06328125
0 0.5 0.2984375 1 0.06484375
0 0.50078125 0.36015625 0.9984375 0.0609375
0 0.50078125 0.421875 0.9984375 0.059375
0 0.50078125 0.4859375 0.9984375 0.0625
0 0.5 0.54921875 1 0.0609375
0 0.50078125 0.61015625 0.9984375 0.0609375
0 0.5 0.67421875 1 0.06328125
0 0.5 0.7375 1 0.06015625
0 0.5 0.8015625 1 0.0625
7 0.184375 0.1046875 0.159375 0.03125
7 0.1875 0.1671875 0.16953125 0.03125
7 0.1828125 0.23046875 0.16484375 0.03515625
7 0.1828125 0.29453125 0.16640625 0.03359375
7 0.1828125 0.3578125 0.17578125 0.03359375
7 0.18359375 0.41875 0.16640625 0.034375
7 0.18203125 0.48359375 0.16484375 0.0265625
7 0.1828125 0.546875 0.16640625 0.034375
7 0.1796875 0.61171875 0.16015625 0.0296875
7 0.1828125 0.67421875 0.16171875 0.0265625
7 0.1828125 0.73515625 0.1703125 0.02890625
7 0.184375 0.79921875 0.15390625 0.0265625
4 0.0625 0.1046875 0.0453125 0.0375
4 0.06171875 0.165625 0.04375 0.0375
4 0.0609375 0.23125 0.0421875 0.04296875
4 0.0625 0.29375 0.03984375 0.03828125
4 0.06171875 0.35859375 0.03828125 0.03828125
4 0.059375 0.421875 0.04375 0.03828125
4 0.0609375 0.48359375 0.04140625 0.04140625
4 0.06015625 0.54609375 0.040625 0.04609375
4 0.0609375 0.6109375 0.0421875 0.04296875
4 0.06328125 0.6734375 0.0359375 0.0375
4 0.06015625 0.73671875 0.04453125 0.04140625
4 0.06015625 0.796875 0.03046875 0.0375