2 0.08984375 0.05625 0.134375 0.03359375
4 0.2609375 0.13359375 0.08046875 0.0609375
4 0.49921875 0.134375 0.0765625 0.0546875
4 0.7390625 0.13671875 0.08203125 0.059375
7 0.2625 0.1921875 0.10390625 0.040625
7 0.49765625 0.19296875 0.1828125 0.03984375
7 0.73046875 0.18515625 0.18203125 0.0265625
0 0.2609375 0.15625 0.134375 0.1296875
0 0.49921875 0.15234375 0.18203125 0.121875
0 0.73359375 0.1515625 0.18671875 0.1203125
4 0.16015625 0.27734375 0.04609375 0.03359375
4 0.15859375 0.34765625 0.05078125 0.03125
4 0.159375 0.4171875 0.040625 0.02890625
4 0.16015625 0.48515625 0.040625 0.0328125
4 0.159375 0.55703125 0.05234375 0.02734375
4 0.16015625 0.625 0.04921875 0.028125
4 0.15859375 0.7453125 0.04609375 0.0296875
4 0.15859375 0.8140625 0.0421875 0.02890625
4 0.16015625 0.8828125 0.0453125 0.02890625
7 0.4109375 0.28046875 0.3671875 0.04296875
7 0.34921875 0.3484375 0.2484375 0.040625
7 0.284375 0.4171875 0.11875 0.01953125
7 0.3296875 0.48671875 0.2171875 0.02734375
7 0.346875 0.5578125 0.24453125 0.02734375
7 0.325 0.62578125 0.20390625 0.02734375
7 0.3421875 0.746875 0.2421875 0.028125
7 0.29609375 0.8171875 0.1421875 0.025
7 0.31328125 0.88515625 0.171875 0.040625
0 0.8390625 0.74609375 0.08203125 0.0296875
7 0.1609375 0.69375 0.05078125 0.01796875
0 0.5015625 0.27578125 0.7609375 0.059375
0 0.503125 0.34453125 0.75703125 0.05859375
0 0.503125 0.41484375 0.75234375 0.05625
0 0.503125 0.48671875 0.7515625 0.0546875
0 0.50390625 0.55703125 0.75 0.046875
0 0.50546875 0.62421875 0.753125 0.04765625
0 0.503125 0.74453125 0.75625 0.0515625
0 0.503125 0.8171875 0.75546875 0.0640625
0 0.5 0.88515625 0.7578125 0.05234375