0 0.49921875 0.17109375 0.28515625 0.18046875
2 0.49921875 0.34609375 0.478125 0.0484375
7 0.50078125 0.43671875 0.5546875 0.071875
0 0.49921875 0.5375 0.40546875 0.0578125
0 0.75625 0.68359375 0.03984375 0.028125
0 0.7578125 0.74765625 0.0421875 0.0265625
0 0.75625 0.81171875 0.04921875 0.02734375
0 0.7578125 0.87265625 0.04296875 0.02734375
5 0.3421875 0.68046875 0.25703125 0.03359375
5 0.27734375 0.74453125 0.1171875 0.02734375
5 0.3390625 0.809375 0.2453125 0.03359375
5 0.28203125 0.86875 0.1265625 0.03125