0 0.06328125 0.0640625 0.05625 0.03515625
2 0.2125 0.05 0.17109375 0.02265625
7 0.16640625 0.075 0.075 0.01875
0 0.8 0.0578125 0.06640625 0.03203125
0 0.88046875 0.059375 0.05703125 0.0296875
0 0.9515625 0.06015625 0.0453125 0.0265625
0 0.065625 0.12265625 0.10625 0.0375
0 0.18203125 0.12265625 0.109375 0.0375
7 0.0859375 0.171875 0.1546875 0.02265625
7 0.065625 0.30390625 0.096875 0.02734375
7 0.05234375 0.4375 0.0953125 0.0234375
7 0.18046875 0.56796875 0.34375 0.15390625
7 0.084375 0.7015625 0.1609375 0.0234375
7 0.12109375 0.83359375 0.2125 0.11484375