0 0.04609375 0.0578125 0.04140625 0.028125
2 0.11953125 0.06015625 0.05859375 0.02578125
1 0.74765625 0.05625 0.5046875 0.040625
5 0.61796875 0.0578125 0.12578125 0.02421875
0 0.5203125 0.0578125 0.040625 0.0265625
4 0.165625 0.27421875 0.33046875 0.2765625
4 0.50078125 0.27265625 0.33046875 0.27265625
4 0.83359375 0.27109375 0.3328125 0.27109375
4 0.16484375 0.55078125 0.32578125 0.2703125
4 0.4953125 0.54921875 0.32578125 0.275
7 0.11328125 0.38125 0.215625 0.0421875
7 0.428125 0.38359375 0.1765625 0.0390625
7 0.78359375 0.384375 0.2125 0.0421875
7 0.08671875 0.66171875 0.15859375 0.04296875
7 0.43046875 0.66015625 0.178125 0.0421875