1 0.359375 0.0625 0.6078125 0.05625
0 0.6125 0.0625 0.075 0.046875
0 0.753125 0.06328125 0.08125 0.0546875
0 0.90390625 0.0640625 0.0828125 0.03828125
7 0.29921875 0.23046875 0.2984375 0.06015625
7 0.2921875 0.34765625 0.29453125 0.06796875
7 0.284375 0.4625 0.26484375 0.065625
7 0.278125 0.5828125 0.271875 0.06328125
7 0.2859375 0.6953125 0.28671875 0.065625
7 0.31328125 0.8140625 0.3359375 0.06171875
7 0.28359375 0.921875 0.2921875 0.0625
0 0.93515625 0.9140625 0.075 0.05
7 0.92890625 0.33203125 0.1421875 0.0671875
7 0.92890625 0.6 0.1421875 0.0375
7 0.92890625 0.84453125 0.1421875 0.03046875
7 0.20859375 0.13671875 0.15234375 0.03671875
7 0.628125 0.13828125 0.09140625 0.02890625
7 0.05859375 0.23203125 0.0625 0.0390625
7 0.059375 0.34765625 0.0640625 0.04296875
7 0.0609375 0.465625 0.05625 0.034375
7 0.05703125 0.58046875 0.06328125 0.0390625
7 0.06171875 0.70078125 0.05390625 0.04140625
7 0.05625 0.81328125 0.071875 0.03984375
7 0.05859375 0.92734375 0.0578125 0.04140625