4 0.4984375 0.23046875 0.98984375 0.184375
4 0.2546875 0.48125 0.46953125 0.2171875
4 0.7453125 0.47890625 0.4703125 0.21484375
4 0.25546875 0.909375 0.4671875 0.0828125
4 0.746875 0.90859375 0.4671875 0.08203125
0 0.06015625 0.05625 0.03046875 0.03046875
2 0.221875 0.059375 0.2265625 0.02890625
0 0.321875 0.11328125 0.10703125 0.0390625
0 0.440625 0.1125 0.11171875 0.03984375
0 0.55859375 0.1125 0.09140625 0.04140625
0 0.675 0.11171875 0.09921875 0.04296875
7 0.284375 0.2296875 0.36953125 0.06328125
2 0.09296875 0.34609375 0.12265625 0.025
7 0.1234375 0.615625 0.15703125 0.0203125
7 0.6328125 0.61484375 0.18828125 0.02109375
2 0.165625 0.8390625 0.26171875 0.02109375
7 0.48984375 0.7828125 0.0890625 0.01875
0 0.4515625 0.6140625 0.0359375 0.02421875
0 0.94609375 0.61484375 0.0359375 0.025
0 0.2546875 0.50546875 0.47265625 0.26796875
0 0.7453125 0.50390625 0.4703125 0.265625