0 0.0625 0.06015625 0.05 0.0359375
2 0.23125 0.06171875 0.2125 0.0296875
0 0.184375 0.11796875 0.16171875 0.0453125
0 0.43515625 0.11953125 0.26953125 0.0421875
0 0.496875 0.5921875 0.55390625 0.05390625
0 0.34375 0.75546875 0.10234375 0.04296875
0 0.45546875 0.75625 0.08046875 0.040625
0 0.5546875 0.75703125 0.08984375 0.04296875
0 0.65625 0.75625 0.078125 0.04453125
1 0.496875 0.36484375 0.55859375 0.05546875
1 0.496875 0.4375 0.559375 0.0625
1 0.49296875 0.5125 0.5609375 0.05703125
5 0.278125 0.34921875 0.1140625 0.02109375
5 0.2625 0.45234375 0.0890625 0.02578125
5 0.29375 0.52421875 0.15703125 0.0265625
7 0.50625 0.65546875 0.303125 0.0453125