0 0.06015625 0.05625 0.05859375 0.0328125
2 0.22421875 0.05546875 0.23125 0.028125
4 0.49921875 0.228125 0.9984375 0.1921875
4 0.25390625 0.48125 0.465625 0.21953125
4 0.746875 0.48046875 0.47265625 0.21640625
4 0.25078125 0.80625 0.471875 0.21953125
4 0.74375 0.80390625 0.471875 0.22265625
0 0.13359375 0.10859375 0.25546875 0.04765625
0 0.39296875 0.1078125 0.2578125 0.04921875
0 0.6515625 0.1078125 0.25703125 0.05234375
5 0.89140625 0.10703125 0.21640625 0.05
7 0.13359375 0.1078125 0.084375 0.01875
7 0.39921875 0.109375 0.08984375 0.02109375
7 0.66484375 0.1109375 0.08359375 0.01796875
7 0.92890625 0.11171875 0.1078125 0.015625
2 0.096875 0.3453125 0.1265625 0.0265625
2 0.16640625 0.66953125 0.27109375 0.0265625
7 0.1234375 0.6140625 0.16796875 0.0203125
7 0.63046875 0.615625 0.1953125 0.01796875
7 0.07265625 0.93828125 0.06640625 0.01953125
7 0.58984375 0.9359375 0.11328125 0.0203125
0 0.45 0.61640625 0.046875 0.02265625
0 0.45234375 0.9359375 0.04609375 0.0234375
0 0.9453125 0.61484375 0.04140625 0.0265625
0 0.9453125 0.93671875 0.040625 0.021875