2 0.50234375 0.0609375 0.11328125 0.02109375
0 0.04296875 0.0515625 0.03984375 0.02578125
7 0.50234375 0.1078125 0.434375 0.03046875
0 0.50234375 0.91875 0.98828125 0.0484375
0 0.04921875 0.91953125 0.06484375 0.02890625
7 0.17734375 0.92109375 0.15859375 0.02734375
0 0.94921875 0.153125 0.03671875 0.03046875
0 0.94921875 0.21015625 0.040625 0.0296875
0 0.95 0.271875 0.0421875 0.0265625
0 0.95 0.33359375 0.03359375 0.02578125
0 0.95 0.39453125 0.0328125 0.03359375
0 0.95 0.4546875 0.0375 0.02421875
0 0.9484375 0.5125 0.03046875 0.025
0 0.95234375 0.57578125 0.03828125 0.0234375
7 0.14296875 0.153125 0.1109375 0.025
7 0.23046875 0.215625 0.28984375 0.0296875
7 0.14609375 0.275 0.12578125 0.02421875
7 0.13359375 0.3359375 0.1 0.0203125
7 0.16875 0.39375 0.1671875 0.02265625
7 0.2453125 0.45703125 0.31953125 0.0265625
7 0.28203125 0.5171875 0.396875 0.0265625
7 0.27265625 0.57734375 0.37421875 0.02734375
4 0.0515625 0.15546875 0.040625 0.021875
4 0.0484375 0.2125 0.0390625 0.01875
4 0.05 0.2734375 0.0375 0.0171875
4 0.05 0.3328125 0.03359375 0.0171875
4 0.05390625 0.39609375 0.040625 0.0203125
4 0.05234375 0.4546875 0.0375 0.025
4 0.04921875 0.51328125 0.03984375 0.025
4 0.0515625 0.57421875 0.03359375 0.01953125