4 0.49921875 0.18359375 0.99765625 0.3125
4 0.5015625 0.8390625 0.9484375 0.22578125
2 0.075 0.3671875 0.09609375 0.028125
7 0.13515625 0.3984375 0.22890625 0.0234375
7 0.50078125 0.46640625 0.28125 0.02421875
7 0.50390625 0.5109375 0.253125 0.03984375
0 0.9671875 0.315625 0.065625 0.034375
5 0.0578125 0.58046875 0.0703125 0.0171875
7 0.1 0.6109375 0.15859375 0.021875
0 0.83671875 0.61015625 0.31015625 0.03046875
5 0.0703125 0.66171875 0.09453125 0.01875
7 0.17265625 0.690625 0.30078125 0.040625
0 0.9203125 0.76015625 0.0609375 0.03828125
0 0.921875 0.871875 0.06015625 0.03515625
0 0.92421875 0.90625 0.06484375 0.03828125
7 0.07421875 0.32265625 0.10859375 0.0203125