2 0.5015625 0.040625 0.103125 0.02109375
2 0.378125 0.3125 0.70625 0.0265625
0 0.134375 0.06484375 0.2640625 0.025
0 0.4234375 0.0640625 0.309375 0.02109375
0 0.70390625 0.0640625 0.2578125 0.01796875
0 0.91640625 0.0640625 0.165625 0.0234375
0 0.9609375 0.03828125 0.05234375 0.0234375
4 0.50078125 0.18203125 0.9984375 0.20859375
4 0.12109375 0.4140625 0.23515625 0.08203125
4 0.11953125 0.5046875 0.23515625 0.08515625
4 0.1234375 0.59375 0.23515625 0.0890625
4 0.10390625 0.67578125 0.1859375 0.06640625
4 0.4328125 0.67734375 0.18515625 0.06484375
4 0.7671875 0.67734375 0.18203125 0.06484375
4 0.1203125 0.7578125 0.23984375 0.08671875
4 0.11953125 0.84921875 0.2359375 0.0796875
0 0.9359375 0.87109375 0.07109375 0.0453125
0 0.09453125 0.92734375 0.096875 0.046875
0 0.29140625 0.92734375 0.090625 0.0484375
0 0.50703125 0.9265625 0.0875 0.04765625
0 0.71328125 0.92734375 0.078125 0.04375
0 0.9046875 0.928125 0.06875 0.046875
7 0.61953125 0.4 0.7390625 0.03828125
7 0.60859375 0.48203125 0.7203125 0.025
7 0.3796875 0.44453125 0.2515625 0.0171875
7 0.1546875 0.359375 0.26171875 0.01953125
7 0.3828125 0.5359375 0.26640625 0.01640625
7 0.509375 0.56953125 0.51484375 0.0234375
7 0.37265625 0.62734375 0.24921875 0.01796875
7 0.5390625 0.73203125 0.57421875 0.02109375
7 0.37890625 0.78828125 0.25078125 0.0109375
7 0.3796875 0.87890625 0.24921875 0.01484375