4 0.0828125 0.0796875 0.1078125 0.08203125
7 0.046875 0.1609375 0.03515625 0.01953125
6 0.05859375 0.1859375 0.05859375 0.01953125
6 0.06171875 0.21015625 0.0640625 0.01953125
6 0.059375 0.23515625 0.059375 0.01953125
6 0.0421875 0.259375 0.025 0.01953125
6 0.053125 0.284375 0.04765625 0.01953125
6 0.0453125 0.309375 0.03203125 0.01953125
7 0.05 0.37265625 0.0453125 0.02109375
6 0.06953125 0.3921875 0.084375 0.02109375
6 0.06640625 0.41171875 0.078125 0.02109375
6 0.05546875 0.43125 0.05625 0.02109375
6 0.046875 0.45078125 0.0390625 0.02109375
6 0.05 0.4703125 0.0453125 0.02109375
6 0.0578125 0.48984375 0.06171875 0.02109375
6 0.0546875 0.509375 0.0546875 0.02109375
6 0.0765625 0.52890625 0.0984375 0.02109375
6 0.05 0.5484375 0.0453125 0.02109375
6 0.03984375 0.56796875 0.02421875 0.02109375
6 0.06015625 0.5875 0.065625 0.02109375
2 0.46015625 0.0609375 0.55625 0.02734375
7 0.196875 0.1 0.03046875 0.02109375
7 0.340625 0.1 0.259375 0.02109375
7 0.32265625 0.13671875 0.28203125 0.02109375
7 0.46484375 0.13671875 0.00390625 0.02109375
7 0.21796875 0.18203125 0.0703125 0.03671875
7 0.2890625 0.18203125 0.0703125 0.03671875
7 0.3703125 0.18203125 0.08984375 0.03671875
7 0.4484375 0.18203125 0.065625 0.03671875
6 0.2171875 0.21875 0.05546875 0.02109375
7 0.2890625 0.21875 0.0703125 0.03671875
7 0.3703125 0.21875 0.08984375 0.03671875
7 0.4484375 0.21875 0.065625 0.03671875
6 0.2171875 0.25546875 0.05546875 0.02109375
7 0.2890625 0.25546875 0.0703125 0.03671875
7 0.3703125 0.25546875 0.08984375 0.03671875
7 0.4484375 0.25546875 0.065625 0.03671875
7 0.340625 0.3203125 0.31875 0.02109375
7 0.50078125 0.3203125 0.00390625 0.02109375
7 0.21796875 0.36484375 0.0703125 0.03671875
7 0.2890625 0.36484375 0.0703125 0.03671875
7 0.3703125 0.36484375 0.08984375 0.03671875
7 0.4484375 0.36484375 0.065625 0.03671875
6 0.2171875 0.40078125 0.05546875 0.02109375
7 0.2890625 0.40078125 0.0703125 0.03671875
7 0.3703125 0.40078125 0.08984375 0.03671875
7 0.4484375 0.40078125 0.065625 0.03671875
6 0.2171875 0.4375 0.05546875 0.02109375
7 0.2890625 0.4375 0.0703125 0.03671875
7 0.3703125 0.4375 0.08984375 0.03671875
7 0.4484375 0.4375 0.065625 0.03671875
2 0.46015625 0.48515625 0.55625 0.025
7 0.196875 0.5234375 0.03046875 0.02109375
7 0.21953125 0.5234375 0.01640625 0.02109375
7 0.26640625 0.5234375 0.07890625 0.02109375
7 0.31953125 0.5234375 0.0296875 0.02109375
7 0.371875 0.5234375 0.0765625 0.02109375
7 0.50703125 0.5234375 0.196875 0.02109375
7 0.6375 0.5234375 0.065625 0.02109375
7 0.4578125 0.54296875 0.5515625 0.06015625
6 0.4046875 0.5625 0.0765625 0.02109375
7 0.47578125 0.5625 0.06953125 0.02109375
7 0.46015625 0.60859375 0.55625 0.040625
2 0.46015625 0.65703125 0.55625 0.025
7 0.29296875 0.69375 0.14453125 0.02109375
6 0.390625 0.69375 0.053125 0.02109375
7 0.43203125 0.69375 0.03046875 0.02109375
7 0.4640625 0.69375 0.0359375 0.02109375
7 0.49453125 0.69375 0.028125 0.02109375
7 0.53046875 0.69375 0.04296875 0.02109375
7 0.5875 0.69375 0.075 0.02109375
7 0.27421875 0.71328125 0.10625 0.02109375
7 0.49921875 0.7328125 0.478125 0.02109375
7 0.49921875 0.771875 0.478125 0.06015625
7 0.29609375 0.8109375 0.15 0.02109375
7 0.38515625 0.8109375 0.03046875 0.02109375
7 0.475 0.82109375 0.5078125 0.040625
7 0.4796875 0.85 0.5171875 0.02109375
7 0.4796875 0.86953125 0.5171875 0.02109375
7 0.4796875 0.8890625 0.5171875 0.02109375
7 0.4796875 0.90859375 0.5171875 0.02109375
7 0.4796875 0.928125 0.5171875 0.02109375
7 0.4796875 0.94765625 0.5171875 0.02109375
7 0.4796875 0.9671875 0.5171875 0.02109375
7 0.196875 0.996875 0.03046875 0.00625
7 0.43125 0.996875 0.44140625 0.00625
7 0.809375 0.06171875 0.11640625 0.02734375
7 0.915625 0.06171875 0.0953125 0.02734375
6 0.79609375 0.08828125 0.08515625 0.015625
7 0.809375 0.1359375 0.11640625 0.02734375
7 0.915625 0.1359375 0.0953125 0.02734375
6 0.78203125 0.1625 0.05546875 0.015625
7 0.8578125 0.24921875 0.2125 0.02734375
6 0.8125 0.27578125 0.1171875 0.015625