0 0.05859375 0.03125 0.03828125 0.02421875
0 0.94765625 0.03359375 0.0578125 0.0328125
0 0.1328125 0.09140625 0.265625 0.046875
0 0.39609375 0.09140625 0.25859375 0.04921875
0 0.659375 0.090625 0.26875 0.05
0 0.896875 0.0890625 0.20625 0.05078125
4 0.4984375 0.2859375 0.996875 0.34375
0 0.21796875 0.33671875 0.23203125 0.04296875
2 0.215625 0.27109375 0.303125 0.0421875
2 0.18125 0.0328125 0.11171875 0.028125
2 0.084375 0.478125 0.14453125 0.01953125
2 0.08125 0.7234375 0.14140625 0.01953125
6 0.94765625 0.47734375 0.075 0.01953125
7 0.13125 0.08671875 0.0625 0.0265625
7 0.3984375 0.0875 0.11875 0.02109375
7 0.6671875 0.08671875 0.084375 0.0203125
7 0.9328125 0.0890625 0.103125 0.02109375
4 0.1765625 0.60234375 0.31171875 0.18671875
4 0.50390625 0.60234375 0.29921875 0.18984375
4 0.83359375 0.6 0.30859375 0.184375
4 0.1765625 0.821875 0.3078125 0.15234375
4 0.51953125 0.82265625 0.3140625 0.15546875
4 0.85234375 0.821875 0.29140625 0.15078125