0 0.059375 0.0609375 0.04296875 0.03046875
2 0.1875 0.06015625 0.121875 0.02734375
0 0.78671875 0.059375 0.0640625 0.03203125
0 0.86484375 0.059375 0.06015625 0.03046875
0 0.94609375 0.059375 0.059375 0.03125
0 0.17109375 0.1171875 0.321875 0.0484375
0 0.50859375 0.11796875 0.34375 0.04140625
0 0.84453125 0.11875 0.3109375 0.046875
1 0.49765625 0.20546875 0.928125 0.040625
1 0.49765625 0.25625 0.92578125 0.046875
0 0.5015625 0.3125 0.9328125 0.046875
5 0.0921875 0.20546875 0.09140625 0.02890625
5 0.1375 0.25703125 0.178125 0.0265625