0 0.05 0.059375 0.05703125 0.03984375
2 0.16328125 0.0609375 0.1390625 0.03203125
0 0.71796875 0.05859375 0.1125 0.03203125
0 0.8875 0.06328125 0.1109375 0.0390625
7 0.19921875 0.11015625 0.3828125 0.02109375
7 0.22421875 0.1578125 0.23125 0.04296875
7 0.203125 0.228125 0.18671875 0.04375
7 0.18046875 0.29921875 0.13828125 0.03671875
7 0.16953125 0.3703125 0.12890625 0.03828125
7 0.2328125 0.43984375 0.253125 0.046875
7 0.21640625 0.50703125 0.20625 0.0375
7 0.265625 0.5828125 0.3109375 0.04140625
7 0.1796875 0.65234375 0.1421875 0.04609375
7 0.4984375 0.8625 0.1828125 0.02890625
4 0.0453125 0.6484375 0.06484375 0.0484375
4 0.05078125 0.5765625 0.08203125 0.0515625
4 0.05703125 0.50703125 0.0875 0.05
4 0.05234375 0.43828125 0.075 0.05078125
4 0.0515625 0.36640625 0.06875 0.0453125
4 0.05078125 0.29609375 0.078125 0.04921875
4 0.05 0.2234375 0.0734375 0.05078125
4 0.0515625 0.15625 0.0734375 0.04375
0 0.93125 0.1609375 0.11953125 0.03359375
0 0.93203125 0.23046875 0.11640625 0.03359375
0 0.93203125 0.29921875 0.1171875 0.03203125
0 0.93125 0.37109375 0.11171875 0.03828125
0 0.9328125 0.44140625 0.115625 0.034375
0 0.934375 0.5125 0.11171875 0.03828125
0 0.93125 0.58203125 0.1125 0.0328125
0 0.9328125 0.65234375 0.11328125 0.03203125