0 0.0375 0.05 0.04609375 0.0359375
2 0.18046875 0.0515625 0.19453125 0.02265625
0 0.1390625 0.11953125 0.23203125 0.0671875
0 0.3765625 0.1203125 0.23203125 0.065625
0 0.615625 0.12109375 0.23984375 0.0671875
0 0.8625 0.121875 0.23671875 0.06640625
1 0.5015625 0.184375 0.95703125 0.05078125
5 0.1453125 0.18359375 0.221875 0.0234375
2 0.50234375 0.478125 0.28828125 0.02734375
2 0.50078125 0.4359375 0.15234375 0.01953125
0 0.50078125 0.53828125 0.91015625 0.05078125
7 0.5015625 0.75625 0.9453125 0.0234375
7 0.49921875 0.8046875 0.94375 0.0265625
7 0.50234375 0.84921875 0.94609375 0.02109375
6 0.92578125 0.75703125 0.08046875 0.0203125
0 0.4984375 0.91484375 0.96796875 0.0515625