0 0.03515625 0.0546875 0.04921875 0.04453125
2 0.4625 0.05546875 0.1703125 0.02421875
0 0.87578125 0.05078125 0.08125 0.0515625
0 0.95703125 0.0546875 0.04296875 0.04453125
7 0.14609375 0.09765625 0.159375 0.02265625
4 0.12578125 0.21875 0.24296875 0.10390625
4 0.3734375 0.21796875 0.24296875 0.1046875
4 0.625 0.21640625 0.2421875 0.1046875
4 0.87421875 0.2171875 0.23984375 0.1109375
4 0.12734375 0.4015625 0.2421875 0.1046875
4 0.37578125 0.39921875 0.2421875 0.103125
4 0.62578125 0.40078125 0.2421875 0.10546875
4 0.871875 0.4015625 0.240625 0.1046875
4 0.125 0.58203125 0.24140625 0.1046875
4 0.37578125 0.5828125 0.2390625 0.10625
0 0.23046875 0.17734375 0.03125 0.021875
0 0.48046875 0.1765625 0.0265625 0.01953125
0 0.7296875 0.1765625 0.03359375 0.0203125
0 0.978125 0.1765625 0.03984375 0.021875
0 0.23125 0.36015625 0.0328125 0.021875
0 0.47890625 0.35859375 0.0328125 0.0234375
0 0.728125 0.35859375 0.034375 0.021875
0 0.97578125 0.35859375 0.03125 0.021875
0 0.23046875 0.54140625 0.03203125 0.02265625
0 0.47734375 0.540625 0.03046875 0.021875
7 0.12734375 0.14921875 0.096875 0.0203125
7 0.3796875 0.15 0.196875 0.01875
7 0.62734375 0.15 0.1921875 0.021875
7 0.875 0.15078125 0.2171875 0.0171875
7 0.12890625 0.28984375 0.09921875 0.0125
7 0.378125 0.28984375 0.10703125 0.0171875
7 0.625 0.2890625 0.10234375 0.01796875
7 0.871875 0.28828125 0.10703125 0.01953125
7 0.1265625 0.334375 0.2078125 0.0171875
7 0.3796875 0.3328125 0.159375 0.01796875
7 0.62734375 0.33203125 0.1671875 0.01875
7 0.8734375 0.3328125 0.1015625 0.015625
7 0.1296875 0.46796875 0.1015625 0.021875
7 0.37421875 0.47109375 0.10703125 0.01796875
7 0.6265625 0.4703125 0.11171875 0.01796875
7 0.87578125 0.46875 0.1015625 0.0171875
7 0.12890625 0.51328125 0.1203125 0.01875
7 0.37578125 0.5125 0.11328125 0.01484375
7 0.12890625 0.653125 0.1078125 0.01953125
7 0.37890625 0.653125 0.1125 0.015625