4 0.20703125 0.0609375 0.16796875 0.040625
0 0.06171875 0.06015625 0.03984375 0.03203125
0 0.95234375 0.0578125 0.05078125 0.0328125
2 0.2265625 0.059375 0.11171875 0.02421875
2 0.4984375 0.2296875 0.40078125 0.03515625
0 0.50234375 0.30625 0.15859375 0.03984375
2 0.12890625 0.4734375 0.175 0.021875
6 0.4984375 0.80625 0.14765625 0.0234375
2 0.11640625 0.8875 0.1578125 0.021875
2 0.1125 0.13125 0.15390625 0.021875
4 0.1875 0.29609375 0.27890625 0.24140625
4 0.49765625 0.28984375 0.27109375 0.2390625
4 0.8109375 0.29375 0.284375 0.23046875
4 0.1875 0.6453125 0.28671875 0.23828125
4 0.49921875 0.65234375 0.2609375 0.21875
4 0.81328125 0.63828125 0.28125 0.253125
0 0.18828125 0.29296875 0.28125 0.23984375
0 0.4984375 0.29140625 0.271875 0.2390625
0 0.809375 0.29453125 0.28515625 0.234375
0 0.18828125 0.64453125 0.284375 0.2390625
0 0.49921875 0.65234375 0.26484375 0.21796875
0 0.815625 0.6375 0.28515625 0.25390625