0 0.065625 0.059375 0.0609375 0.0375
2 0.25859375 0.0625 0.26796875 0.03671875
0 0.94921875 0.059375 0.05703125 0.03046875
2 0.503125 0.14453125 0.29296875 0.028125
7 0.5125 0.18828125 0.6296875 0.05859375
7 0.43515625 0.42265625 0.8328125 0.05390625
6 0.503125 0.5265625 0.16015625 0.025
6 0.9125 0.60625 0.07890625 0.0171875
2 0.1234375 0.60703125 0.19296875 0.02109375
4 0.13671875 0.7578125 0.2109375 0.2078125
4 0.378125 0.75390625 0.20703125 0.21640625
4 0.61875 0.7546875 0.221875 0.21015625
4 0.8609375 0.7546875 0.2171875 0.2125
0 0.5 0.33671875 0.3875 0.0484375
7 0.1015625 0.9078125 0.15703125 0.01875