0 0.04765625 0.059375 0.0453125 0.02578125
2 0.12890625 0.0609375 0.0875 0.028125
4 0.234375 0.178125 0.44921875 0.16015625
2 0.16171875 0.27890625 0.309375 0.01875
7 0.49609375 0.32734375 0.971875 0.0703125
2 0.05703125 0.40546875 0.10390625 0.02109375
4 0.1078125 0.52578125 0.19921875 0.1625
4 0.1078125 0.70390625 0.19609375 0.16484375
4 0.10859375 0.875 0.20078125 0.14765625
7 0.2953125 0.4859375 0.14453125 0.08046875
7 0.29140625 0.66484375 0.146875 0.0859375
7 0.29609375 0.84296875 0.1453125 0.08203125
0 0.80078125 0.58203125 0.37890625 0.03515625
0 0.80234375 0.759375 0.378125 0.0375
0 0.80078125 0.93671875 0.378125 0.0296875