2 0.23203125 0.06328125 0.13359375 0.05234375
1 0.72421875 0.053125 0.51484375 0.046875
5 0.5359375 0.05859375 0.11875 0.021875
0 0.940625 0.05859375 0.03671875 0.02421875
0 0.12421875 0.1171875 0.18984375 0.05234375
0 0.3796875 0.11796875 0.1703125 0.04921875
0 0.6234375 0.11875 0.25703125 0.0453125
0 0.8859375 0.11875 0.21015625 0.0484375
0 0.2515625 0.2671875 0.471875 0.2265625
0 0.753125 0.2671875 0.471875 0.22734375
0 0.25 0.5140625 0.46875 0.22578125
0 0.75078125 0.521875 0.46640625 0.24375
0 0.25 0.76015625 0.46875 0.22890625
0 0.75234375 0.77734375 0.4703125 0.22578125
0 0.25 0.921875 0.4734375 0.05703125
0 0.75078125 0.9328125 0.4671875 0.03828125
0 0.9265625 0.91171875 0.0921875 0.05859375
4 0.24921875 0.234375 0.46328125 0.15625
4 0.75078125 0.23359375 0.4625 0.15625
4 0.2515625 0.4796875 0.46875 0.15625
4 0.7515625 0.48046875 0.46796875 0.15703125
4 0.41953125 0.3578125 0.11328125 0.02265625
4 0.9046875 0.35703125 0.153125 0.021875
4 0.4171875 0.60546875 0.11953125 0.0203125
4 0.9015625 0.62265625 0.15234375 0.01953125
4 0.24921875 0.7265625 0.4671875 0.15546875
4 0.74921875 0.74375 0.4640625 0.15234375
4 0.428125 0.8515625 0.0984375 0.021875
4 0.93359375 0.86875 0.0875 0.01953125
4 0.25078125 0.92421875 0.43203125 0.0578125
4 0.75 0.93203125 0.465625 0.0359375
7 0.14921875 0.325 0.2546875 0.01953125
7 0.640625 0.32578125 0.23828125 0.021875
7 0.12109375 0.57265625 0.2140625 0.0203125
7 0.74453125 0.58046875 0.45390625 0.0375
7 0.16953125 0.81953125 0.3 0.01953125
7 0.628125 0.83671875 0.21328125 0.01875
0 0.0453125 0.3578125 0.03984375 0.02734375
0 0.5453125 0.3578125 0.0484375 0.02734375
0 0.0453125 0.60390625 0.04375 0.0265625
0 0.54609375 0.62265625 0.04140625 0.02734375
0 0.0453125 0.853125 0.040625 0.02421875
0 0.546875 0.86953125 0.0390625 0.02421875