2 0.50078125 0.296875 0.12734375 0.025
7 0.4984375 0.3296875 0.33125 0.02265625
7 0.5015625 0.5515625 0.21953125 0.0234375
0 0.7296875 0.25234375 0.021875 0.0296875
1 0.50390625 0.3921875 0.43671875 0.0515625
1 0.503125 0.45546875 0.43515625 0.04921875
5 0.38984375 0.3921875 0.08359375 0.0265625
5 0.4046875 0.45625 0.1171875 0.0234375
4 0.309375 0.390625 0.03203125 0.0265625
4 0.31015625 0.45703125 0.04140625 0.021875
7 0.5015625 0.584375 0.18984375 0.01953125
0 0.50078125 0.640625 0.56328125 0.05859375
0 0.50078125 0.70234375 0.56328125 0.05859375