0 0.06484375 0.03515625 0.06015625 0.02890625
2 0.50390625 0.03359375 0.15859375 0.02578125
0 0.13828125 0.1046875 0.12109375 0.0640625
0 0.396875 0.10703125 0.28125 0.06328125
0 0.6671875 0.1078125 0.20546875 0.06484375
0 0.91171875 0.103125 0.1625 0.06484375
2 0.259375 0.1796875 0.0578125 0.025
2 0.74375 0.1796875 0.0703125 0.02265625
7 0.2859375 0.23828125 0.24609375 0.046875
7 0.79375 0.24453125 0.27734375 0.0578125
7 0.25546875 0.3625 0.46328125 0.13671875
7 0.740625 0.359375 0.45859375 0.13515625
4 0.59765625 0.24296875 0.09921875 0.0515625
4 0.09921875 0.24296875 0.09140625 0.05234375
7 0.50234375 0.49765625 0.175 0.05625