0 0.0421875 0.059375 0.0546875 0.03984375
0 0.93671875 0.05546875 0.08125 0.0453125
0 0.5 0.92890625 1 0.04453125
0 0.353125 0.86171875 0.14609375 0.0453125
0 0.50078125 0.86328125 0.121875 0.04453125
0 0.646875 0.86171875 0.13828125 0.04921875
7 0.353125 0.859375 0.115625 0.02578125
7 0.50078125 0.86015625 0.11171875 0.02578125
7 0.64453125 0.86171875 0.1234375 0.02421875
7 0.26875 0.67265625 0.39296875 0.0265625
7 0.3859375 0.7078125 0.6265625 0.025
7 0.22109375 0.74375 0.29765625 0.025
7 0.16328125 0.7984375 0.11640625 0.021875
7 0.4515625 0.796875 0.12265625 0.025
7 0.740625 0.79765625 0.115625 0.02421875
0 0.14375 0.7984375 0.22265625 0.053125
0 0.434375 0.79921875 0.228125 0.05390625
0 0.72265625 0.8 0.240625 0.05078125
0 0.934375 0.79609375 0.04375 0.03984375
2 0.21953125 0.56953125 0.4140625 0.0296875
2 0.1015625 0.64140625 0.19921875 0.0296875
7 0.9359375 0.58359375 0.08125 0.0609375
4 0.50078125 0.28671875 0.9984375 0.5234375