0 0.04609375 0.05859375 0.05859375 0.034375
0 0.95546875 0.0625 0.07421875 0.03671875
0 0.94296875 0.4390625 0.04765625 0.03984375
0 0.83515625 0.63203125 0.24609375 0.0421875
2 0.221875 0.05859375 0.2640625 0.0296875
4 0.50078125 0.24609375 0.99765625 0.30703125
4 0.17421875 0.50234375 0.26875 0.16953125
2 0.575 0.4578125 0.45859375 0.0703125
7 0.4296875 0.52265625 0.1765625 0.04765625
7 0.15 0.6671875 0.22890625 0.01875
7 0.8921875 0.6703125 0.14765625 0.01484375
7 0.259375 0.7953125 0.121875 0.02578125
4 0.421875 0.73125 0.1265625 0.08515625
4 0.57734375 0.73359375 0.14609375 0.08515625
4 0.74453125 0.73515625 0.13984375 0.0875
7 0.42109375 0.7921875 0.1 0.02109375
7 0.57734375 0.7921875 0.15078125 0.02109375
7 0.74453125 0.790625 0.1046875 0.01640625
4 0.26015625 0.73359375 0.140625 0.08671875
7 0.5015625 0.84609375 0.765625 0.0203125
6 0.49765625 0.89296875 0.153125 0.02265625