0 0.203125 0.140625 0.2171875 0.16640625
0 0.2078125 0.84453125 0.21484375 0.1375
0 0.8828125 0.84609375 0.21484375 0.15390625
0 0.521875 0.49296875 0.1890625 0.13203125
5 0.2796875 0.2859375 0.0546875 0.046875
7 0.11328125 0.14609375 0.04765625 0.1640625
7 0.11171875 0.84296875 0.0515625 0.11015625
5 0.79453125 0.84453125 0.0453125 0.14296875
2 0.83984375 0.49296875 0.2875 0.48671875
7 0.203125 0.41015625 0.20078125 0.1875
4 0.2046875 0.59296875 0.19765625 0.146875
4 0.54296875 0.49140625 0.9140625 0.52890625