0 0.053125 0.059375 0.04296875 0.025
2 0.20625 0.06328125 0.225 0.028125
0 0.96484375 0.0609375 0.04296875 0.03125
0 0.50078125 0.12421875 0.9859375 0.0515625
0 0.5 0.4171875 0.98359375 0.06328125
0 0.49921875 0.4984375 0.984375 0.07578125
0 0.49921875 0.58359375 0.98203125 0.06328125
0 0.4984375 0.665625 0.984375 0.0796875
6 0.49921875 0.73828125 0.475 0.01953125
2 0.23984375 0.21171875 0.25625 0.0328125
4 0.05078125 0.19765625 0.084375 0.0640625
0 0.871875 0.196875 0.1984375 0.05
7 0.5 0.2921875 0.95703125 0.10234375
7 0.19921875 0.125 0.17734375 0.01796875
4 0.053125 0.12265625 0.0796875 0.04453125
4 0.05703125 0.415625 0.09453125 0.05625
4 0.05859375 0.49921875 0.09375 0.07109375
4 0.0578125 0.58203125 0.09609375 0.053125
4 0.0578125 0.665625 0.0828125 0.06328125
2 0.26328125 0.40546875 0.2859375 0.0203125
7 0.47578125 0.428125 0.7015625 0.02109375
7 0.5484375 0.51171875 0.85625 0.0390625
7 0.403125 0.59453125 0.56015625 0.0203125
7 0.54453125 0.6796875 0.84296875 0.03828125
2 0.27578125 0.48046875 0.30078125 0.021875
2 0.1875 0.5734375 0.1203125 0.0203125
2 0.20859375 0.64609375 0.1640625 0.01796875