0 0.059375 0.05625 0.04140625 0.02734375
2 0.2890625 0.0578125 0.3078125 0.0265625
0 0.93203125 0.05390625 0.10390625 0.0328125
7 0.12265625 0.11171875 0.19453125 0.02421875
0 0.815625 0.1109375 0.03125 0.0234375
0 0.88359375 0.1109375 0.034375 0.02578125
0 0.95234375 0.11015625 0.03515625 0.0265625
7 0.4328125 0.1765625 0.771875 0.03125
7 0.5046875 0.24296875 0.48671875 0.02578125
7 0.27890625 0.3171875 0.04296875 0.01875
7 0.51015625 0.40234375 0.5015625 0.025
7 0.28125 0.47890625 0.040625 0.01796875
7 0.5828125 0.5640625 0.6578125 0.02578125
7 0.28203125 0.640625 0.05078125 0.0203125
7 0.55546875 0.734375 0.60234375 0.04453125
7 0.28125 0.8046875 0.040625 0.0203125
7 0.51953125 0.8859375 0.51484375 0.015625
4 0.12578125 0.2953125 0.09296875 0.1625
4 0.12578125 0.45859375 0.0875 0.15625
4 0.12578125 0.61875 0.084375 0.1546875
4 0.12578125 0.78046875 0.1578125 0.15546875
4 0.12578125 0.87890625 0.090625 0.02734375
0 0.95546875 0.24921875 0.05 0.02578125
0 0.95625 0.41015625 0.04375 0.025
0 0.95546875 0.5703125 0.0359375 0.02421875
0 0.95546875 0.7328125 0.040625 0.021875
0 0.95859375 0.88671875 0.0390625 0.01171875
0 0.50859375 0.29296875 0.953125 0.1703125
0 0.509375 0.46015625 0.95859375 0.159375
0 0.5078125 0.621875 0.96015625 0.1625
0 0.51015625 0.78125 0.95703125 0.15234375
0 0.51015625 0.8765625 0.95703125 0.034375
0 0.10234375 0.92421875 0.0765625 0.0484375
0 0.2984375 0.9234375 0.08046875 0.04921875
0 0.5 0.925 0.0703125 0.04765625
0 0.7 0.925 0.05546875 0.04765625
0 0.8984375 0.92265625 0.08046875 0.05234375