2 0.53671875 0.0921875 0.82109375 0.05859375
0 0.0671875 0.09609375 0.084375 0.05
0 0.27578125 0.18515625 0.44609375 0.065625
0 0.72734375 0.1859375 0.45234375 0.06328125
1 0.49453125 0.28359375 0.88359375 0.08125
0 0.8640625 0.28359375 0.14140625 0.07734375
7 0.50703125 0.3703125 0.953125 0.06875
7 0.45546875 0.61328125 0.8609375 0.27734375
2 0.35 0.44765625 0.66640625 0.04296875
6 0.334375 0.49375 0.2890625 0.034375
6 0.37890625 0.5890625 0.17890625 0.034375
6 0.14453125 0.72890625 0.2296875 0.03359375
7 0.4953125 0.8609375 0.49453125 0.0234375