4 0.059375 0.05546875 0.08203125 0.04765625
2 0.22890625 0.05703125 0.24375 0.02421875
0 0.85078125 0.05703125 0.04921875 0.0390625
0 0.9484375 0.05546875 0.0328125 0.040625
4 0.16796875 0.19140625 0.31953125 0.2078125
4 0.50078125 0.1953125 0.321875 0.20703125
4 0.83046875 0.19296875 0.32421875 0.209375
4 0.17109375 0.4046875 0.321875 0.20703125
4 0.5 0.40390625 0.31953125 0.2078125
4 0.8296875 0.40390625 0.31875 0.2125
4 0.16953125 0.61875 0.32265625 0.2109375
4 0.50078125 0.61875 0.32421875 0.2125
4 0.83125 0.6171875 0.32578125 0.21171875