2 0.203125 0.31796875 0.296875 0.03359375
7 0.5015625 0.465625 0.90625 0.225
0 0.925 0.609375 0.07734375 0.04609375
4 0.03046875 0.05546875 0.0375 0.0390625
2 0.17265625 0.05546875 0.24453125 0.03046875
0 0.88671875 0.0546875 0.04921875 0.040625
0 0.9640625 0.0546875 0.0625 0.04296875
0 0.5015625 0.73984375 0.96953125 0.04140625
0 0.50234375 0.79375 0.975 0.040625
7 0.11171875 0.69921875 0.19375 0.021875
7 0.23515625 0.11796875 0.30390625 0.025
7 0.2328125 0.16796875 0.3125 0.021875
7 0.21171875 0.21328125 0.2640625 0.03203125
7 0.28828125 0.2515625 0.42578125 0.02578125