2 0.2890625 0.05703125 0.3625 0.028125
2 0.5015625 0.11328125 0.2484375 0.03125
2 0.16171875 0.14453125 0.28203125 0.0265625
4 0.06015625 0.0546875 0.07890625 0.04140625
0 0.9484375 0.05546875 0.05078125 0.03515625
7 0.21015625 0.18046875 0.390625 0.021875
7 0.49921875 0.25703125 0.97734375 0.103125
7 0.49921875 0.35859375 0.96640625 0.07421875
7 0.49921875 0.4640625 0.96953125 0.1109375
7 0.496875 0.5703125 0.96796875 0.08046875
7 0.4953125 0.6640625 0.9625 0.090625
7 0.49609375 0.76484375 0.96328125 0.09453125
7 0.4953125 0.884375 0.9609375 0.12109375