0 0.01015625 0.0578125 0.0203125 0.034375
4 0.06171875 0.0546875 0.07734375 0.05234375
2 0.1421875 0.0578125 0.0640625 0.02421875
2 0.10390625 0.1140625 0.175 0.0375
2 0.13125 0.48828125 0.23359375 0.02890625
0 0.50234375 0.8734375 0.95859375 0.0390625
0 0.04921875 0.925 0.03515625 0.02109375
5 0.115625 0.92734375 0.09140625 0.0203125
7 0.69296875 0.92890625 0.0609375 0.01640625
7 0.8328125 0.92734375 0.040625 0.01640625
7 0.9625 0.92890625 0.0375 0.01640625
0 0.5015625 0.171875 0.996875 0.0625
0 0.50078125 0.2359375 0.99765625 0.0578125
0 0.49921875 0.29765625 0.9984375 0.0578125
0 0.49921875 0.3609375 0.99453125 0.06015625
0 0.4984375 0.4234375 0.99296875 0.059375
0 0.503125 0.5453125 0.99375 0.05859375
0 0.5015625 0.60546875 0.996875 0.0609375
0 0.50078125 0.66796875 0.99765625 0.06015625
0 0.50078125 0.73046875 0.99765625 0.06015625
0 0.5 0.7953125 1 0.0625
7 0.0640625 0.175 0.0953125 0.02265625
7 0.046875 0.2375 0.0609375 0.021875
7 0.115625 0.3 0.19765625 0.025
7 0.1421875 0.3625 0.2421875 0.021875
7 0.13125 0.42734375 0.22578125 0.02421875
7 0.07890625 0.54921875 0.12109375 0.02265625
7 0.0640625 0.6109375 0.09140625 0.0203125
7 0.04765625 0.671875 0.05703125 0.02109375
7 0.07890625 0.7359375 0.11953125 0.02109375
7 0.11953125 0.796875 0.20234375 0.02421875
7 0.87109375 0.17578125 0.0671875 0.01875
7 0.87109375 0.2390625 0.0625 0.01484375
7 0.86953125 0.30078125 0.06875 0.015625
7 0.86484375 0.36328125 0.071875 0.02109375
7 0.87109375 0.42734375 0.0640625 0.02109375
7 0.8671875 0.546875 0.071875 0.01875
7 0.8703125 0.61015625 0.06171875 0.0140625
7 0.87109375 0.6734375 0.05859375 0.01640625
7 0.86640625 0.734375 0.07890625 0.02109375
7 0.86953125 0.79765625 0.06796875 0.01953125
0 0.95078125 0.17421875 0.04375 0.04140625
0 0.95 0.23671875 0.05 0.0328125
0 0.95 0.29921875 0.04140625 0.0328125
0 0.94921875 0.3625 0.040625 0.03515625
0 0.95078125 0.4234375 0.04375 0.03515625
0 0.95 0.54609375 0.0375 0.0328125
0 0.95 0.60859375 0.04140625 0.03203125
0 0.95 0.6734375 0.034375 0.034375
0 0.95078125 0.734375 0.03125 0.0328125
0 0.95 0.79765625 0.0375 0.03515625
4 0.5 0.51953125 1 0.765625