0 0.059375 0.059375 0.03671875 0.0265625
2 0.2234375 0.06171875 0.22578125 0.025
0 0.79921875 0.0609375 0.0453125 0.03515625
0 0.8734375 0.06328125 0.053125 0.03046875
0 0.9546875 0.06171875 0.04375 0.03125
0 0.128125 0.1171875 0.24609375 0.05
0 0.37578125 0.115625 0.24140625 0.0484375
0 0.62578125 0.1171875 0.24765625 0.04296875
0 0.875 0.11484375 0.24375 0.040625
7 0.10546875 0.9375 0.1984375 0.02734375
7 0.8078125 0.9375 0.36953125 0.021875
0 0.08046875 0.26953125 0.12421875 0.06796875
0 0.19921875 0.271875 0.10625 0.06484375
0 0.31171875 0.27109375 0.11015625 0.06484375
0 0.4328125 0.271875 0.11953125 0.06640625
0 0.5453125 0.2703125 0.10703125 0.06953125
2 0.0484375 0.16171875 0.0734375 0.0328125
2 0.04921875 0.3328125 0.071875 0.0296875
2 0.0515625 0.41953125 0.07421875 0.02578125
2 0.053125 0.50625 0.07265625 0.02421875
2 0.05078125 0.5921875 0.07109375 0.0265625
2 0.0515625 0.67890625 0.07109375 0.02578125
2 0.05 0.76640625 0.0609375 0.02578125
2 0.0484375 0.85234375 0.0578125 0.0265625
7 0.215625 0.20078125 0.3984375 0.04140625
7 0.203125 0.37421875 0.37578125 0.0453125
7 0.21015625 0.459375 0.38671875 0.0453125
7 0.203125 0.54453125 0.37421875 0.040625
7 0.21953125 0.6328125 0.40234375 0.04296875
7 0.2171875 0.71796875 0.39765625 0.03828125
7 0.20390625 0.80625 0.37421875 0.04140625
7 0.2078125 0.89296875 0.3828125 0.0421875
7 0.88515625 0.1609375 0.19140625 0.02109375
7 0.88359375 0.24609375 0.1984375 0.01953125
7 0.8875 0.33203125 0.20546875 0.01796875
7 0.88359375 0.41953125 0.19375 0.02578125
7 0.89140625 0.50546875 0.17734375 0.021875
7 0.89140625 0.5921875 0.17421875 0.02109375
7 0.89140625 0.678125 0.175 0.01796875
7 0.89140625 0.76484375 0.1734375 0.01640625
7 0.8921875 0.853125 0.178125 0.0203125