2 0.07890625 0.06015625 0.1109375 0.02734375
0 0.88125 0.06015625 0.06015625 0.03125
0 0.95078125 0.059375 0.04765625 0.028125
0 0.12578125 0.12109375 0.24765625 0.04375
0 0.3765625 0.1203125 0.2484375 0.04375
0 0.628125 0.11953125 0.2484375 0.04375
0 0.87734375 0.11953125 0.24296875 0.0421875
2 0.25546875 0.20546875 0.190625 0.02421875
7 0.54453125 0.240625 0.78125 0.03828125
4 0.10625 0.2296875 0.05234375 0.03046875
4 0.50078125 0.37421875 0.90859375 0.12578125
2 0.1625 0.471875 0.16484375 0.02265625
2 0.26640625 0.49375 0.3703125 0.01953125
4 0.50234375 0.61875 0.90625 0.1296875
2 0.1859375 0.71484375 0.20859375 0.0203125
7 0.275 0.7375 0.37421875 0.01875
0 0.49921875 0.41796875 0.91171875 0.2109375
0 0.50078125 0.659375 0.91171875 0.2140625