4 0.5 0.234375 0.9890625 0.465625
4 0.25 0.54609375 0.49375 0.15546875
4 0.62421875 0.54375 0.2484375 0.15390625
4 0.8703125 0.54375 0.23515625 0.16015625
4 0.1265625 0.70390625 0.253125 0.1578125
4 0.3765625 0.7 0.2484375 0.15078125
4 0.6234375 0.70234375 0.240625 0.15859375
4 0.8734375 0.70078125 0.25234375 0.15546875
4 0.12578125 0.840625 0.240625 0.115625
4 0.37578125 0.8375 0.2515625 0.12265625
4 0.625 0.84296875 0.2453125 0.1234375
4 0.8734375 0.84375 0.253125 0.125
0 0.17578125 0.925 0.32890625 0.04375
0 0.8640625 0.9265625 0.271875 0.0375
0 0.53515625 0.9265625 0.36171875 0.0453125