4 0.5015625 0.37578125 0.89921875 0.47265625
4 0.534375 0.0578125 0.0484375 0.0296875
4 0.8453125 0.0546875 0.06640625 0.04140625
4 0.12890625 0.8421875 0.190625 0.0890625
4 0.12578125 0.7390625 0.19765625 0.08984375
4 0.12578125 0.92578125 0.1890625 0.04609375
2 0.30546875 0.63515625 0.5453125 0.03046875
7 0.5734375 0.7234375 0.6640625 0.04609375
7 0.06875 0.66328125 0.08671875 0.021875
7 0.3765625 0.82890625 0.2703125 0.046875
7 0.49765625 0.928125 0.51953125 0.04375
0 0.0625 0.059375 0.0546875 0.0296875
7 0.921875 0.05390625 0.0734375 0.04453125
0 0.03515625 0.11875 0.0703125 0.04453125
0 0.228125 0.1140625 0.18984375 0.0484375
0 0.4921875 0.11328125 0.196875 0.05234375
0 0.77109375 0.1125 0.1671875 0.05078125
7 0.02421875 0.1171875 0.04765625 0.0234375
7 0.2359375 0.11640625 0.10859375 0.025
7 0.50234375 0.115625 0.13359375 0.02265625
7 0.77109375 0.11484375 0.1375 0.0234375