0 0.04765625 0.06015625 0.03828125 0.02578125
2 0.22265625 0.06015625 0.26171875 0.025
0 0.890625 0.06171875 0.03515625 0.03046875
0 0.965625 0.05859375 0.03125 0.02578125
4 0.5 0.24609375 0.996875 0.303125
0 0.49921875 0.24453125 0.13515625 0.0765625
4 0.1734375 0.50546875 0.26640625 0.16484375
2 0.628125 0.4421875 0.5734375 0.03046875
7 0.4421875 0.48515625 0.19375 0.04609375
0 0.49296875 0.56796875 0.2921875 0.0375
0 0.81328125 0.56953125 0.29375 0.03828125
7 0.8921875 0.6046875 0.1375 0.015625
7 0.50078125 0.7953125 0.875 0.05078125
6 0.5 0.85703125 0.16328125 0.01953125
7 0.11953125 0.9140625 0.215625 0.04375
7 0.36640625 0.91484375 0.22578125 0.03984375
7 0.61328125 0.91328125 0.2328125 0.0390625
7 0.86015625 0.9140625 0.22734375 0.03828125
7 0.2640625 0.73046875 0.1046875 0.01640625
7 0.421875 0.72890625 0.05703125 0.01796875
7 0.5796875 0.72734375 0.0921875 0.01796875
7 0.74140625 0.73046875 0.06640625 0.0203125
4 0.2578125 0.67109375 0.1359375 0.07734375
4 0.41953125 0.67109375 0.13515625 0.07578125
4 0.5796875 0.67109375 0.1296875 0.08203125
4 0.740625 0.66953125 0.11796875 0.08125