4 0.065625 0.14609375 0.0640625 0.04375
2 0.1765625 0.18515625 0.30234375 0.01953125
7 0.1515625 0.21171875 0.253125 0.02265625
4 0.265625 0.13046875 0.53125 0.2078125
0 0.265625 0.2625 0.53046875 0.05390625
0 0.26640625 0.315625 0.53203125 0.05234375
0 0.26640625 0.36484375 0.5328125 0.0484375
0 0.265625 0.4171875 0.53125 0.05234375
0 0.265625 0.4671875 0.53125 0.04609375
0 0.2671875 0.5171875 0.534375 0.053125
0 0.265625 0.56953125 0.52734375 0.04765625
7 0.2234375 0.26875 0.19765625 0.021875
7 0.18125 0.31796875 0.1125 0.02421875
7 0.17421875 0.36796875 0.09375 0.021875
7 0.24609375 0.415625 0.2390625 0.02578125
7 0.165625 0.4671875 0.08125 0.0234375
7 0.26875 0.51796875 0.27578125 0.03046875
7 0.17265625 0.57265625 0.0875 0.0203125
4 0.0625 0.26875 0.0453125 0.0265625
4 0.0609375 0.31796875 0.05078125 0.0328125
4 0.06171875 0.365625 0.04375 0.02578125
4 0.06171875 0.41640625 0.05234375 0.03046875
4 0.0546875 0.46796875 0.04296875 0.02734375
4 0.06171875 0.51796875 0.05703125 0.0390625
4 0.059375 0.5671875 0.05625 0.028125