0 0.06015625 0.06015625 0.06171875 0.02890625
2 0.209375 0.06171875 0.20234375 0.03828125
2 0.49609375 0.11953125 0.65 0.03125
4 0.0890625 0.115625 0.165625 0.03828125
7 0.54296875 0.1890625 0.82734375 0.05625
4 0.07421875 0.171875 0.08203125 0.0515625
7 0.5015625 0.39609375 0.9359375 0.253125
2 0.115625 0.54765625 0.1609375 0.02265625
6 0.253125 0.5796875 0.31484375 0.01875
2 0.14375 0.65703125 0.21640625 0.028125
4 0.06640625 0.7046875 0.05390625 0.034375
6 0.14921875 0.70078125 0.0984375 0.02578125
7 0.28125 0.740625 0.371875 0.06015625