2 0.12265625 0.0484375 0.0953125 0.02421875
0 0.0375 0.05078125 0.05 0.02890625
1 0.59375 0.13671875 0.77890625 0.0328125
1 0.5953125 0.1859375 0.77890625 0.0359375
1 0.59765625 0.2375 0.77421875 0.03984375
1 0.596875 0.28671875 0.77734375 0.03984375
5 0.2546875 0.13671875 0.0921875 0.021875
5 0.26953125 0.1875 0.121875 0.028125
5 0.2625 0.23671875 0.1078125 0.028125
5 0.2609375 0.28671875 0.10078125 0.02578125
0 0.959375 0.13671875 0.040625 0.02578125
0 0.959375 0.1859375 0.046875 0.0328125
0 0.89921875 0.23828125 0.16484375 0.040625
0 0.8984375 0.28515625 0.1671875 0.03671875
0 0.80078125 0.925 0.0890625 0.04453125
0 0.92265625 0.9265625 0.1078125 0.040625
7 0.07109375 0.1375 0.0921875 0.025
7 0.08515625 0.18671875 0.12890625 0.025
7 0.07578125 0.23671875 0.1109375 0.028125
7 0.078125 0.28671875 0.10625 0.0265625
7 0.06875 0.3375 0.06171875 0.021875
7 0.10859375 0.39453125 0.13359375 0.02109375
7 0.20625 0.44609375 0.3328125 0.0234375
7 0.3703125 0.08984375 0.7 0.02109375