0 0.90546875 0.03984375 0.03984375 0.03203125
0 0.80859375 0.12578125 0.07890625 0.2515625
0 0.72734375 0.12578125 0.0828125 0.24609375
0 0.63984375 0.1265625 0.08359375 0.24453125
0 0.55625 0.12578125 0.07890625 0.24921875
0 0.47109375 0.12421875 0.08046875 0.2484375
2 0.921875 0.10703125 0.0359375 0.0859375
7 0.88125 0.13125 0.02578125 0.1265625
7 0.11015625 0.12890625 0.040625 0.15546875
0 0.90546875 0.96796875 0.05234375 0.0453125
0 0.69140625 0.3546875 0.046875 0.0640625
0 0.4734375 0.3578125 0.0515625 0.0625
0 0.5875 0.3453125 0.05859375 0.03515625
0 0.6890625 0.4359375 0.04921875 0.0546875
0 0.6890625 0.51796875 0.04921875 0.0625
0 0.4765625 0.4390625 0.05234375 0.05546875
0 0.58359375 0.4375 0.07109375 0.0453125
0 0.5859375 0.528125 0.0796875 0.03515625
0 0.47265625 0.51875 0.053125 0.06328125
0 0.3515625 0.3890625 0.0453125 0.0546875
0 0.34609375 0.465625 0.05078125 0.05703125
0 0.35 0.53671875 0.04921875 0.053125
0 0.34921875 0.6109375 0.05625 0.0609375
0 0.4921875 0.640625 0.05078125 0.065625
0 0.57109375 0.64140625 0.046875 0.05625
0 0.6578125 0.6375 0.05 0.05859375
0 0.5828125 0.7125 0.22734375 0.0609375
0 0.57890625 0.846875 0.22890625 0.053125
0 0.66015625 0.778125 0.04921875 0.05546875
0 0.5765625 0.77890625 0.0484375 0.05546875
0 0.4953125 0.78046875 0.05234375 0.05859375
0 0.49296875 0.9234375 0.04453125 0.053125
0 0.575 0.92421875 0.0453125 0.05625
0 0.6640625 0.9171875 0.0484375 0.0640625
0 0.796875 0.9578125 0.0734375 0.04765625