0 0.06171875 0.05859375 0.0546875 0.03671875
2 0.19453125 0.06171875 0.125 0.02890625
0 0.165625 0.13359375 0.325 0.0515625
0 0.49921875 0.1328125 0.3390625 0.0515625
0 0.83359375 0.1328125 0.32890625 0.05078125
2 0.12109375 0.17578125 0.14375 0.02421875
2 0.128125 0.2796875 0.15 0.0234375
2 0.15234375 0.51796875 0.1953125 0.01875
7 0.1140625 0.22734375 0.1296875 0.0421875
7 0.19296875 0.33125 0.2765625 0.02265625
7 0.15 0.39609375 0.1953125 0.02421875
7 0.12578125 0.56875 0.146875 0.02109375
0 0.89609375 0.32890625 0.0234375 0.02265625
0 0.89609375 0.39609375 0.03046875 0.01953125