2 0.2 0.05703125 0.19296875 0.0265625
4 0.06015625 0.05703125 0.06015625 0.03984375
0 0.88359375 0.22265625 0.034375 0.025
0 0.88515625 0.296875 0.03046875 0.02265625
0 0.5 0.14765625 0.88671875 0.07265625
0 0.4984375 0.22265625 0.884375 0.0703125
0 0.49765625 0.29453125 0.88515625 0.0640625
0 0.49609375 0.36875 0.8828125 0.07265625
2 0.21484375 0.14296875 0.30390625 0.01953125
2 0.228125 0.20625 0.3234375 0.02265625
2 0.18203125 0.2859375 0.23359375 0.01953125
2 0.21484375 0.35078125 0.29921875 0.021875
7 0.234375 0.16484375 0.3390625 0.01796875
7 0.440625 0.23671875 0.7484375 0.0359375
7 0.2125 0.30859375 0.29140625 0.01875
7 0.4671875 0.38046875 0.8046875 0.0328125