0 0.0125 0.059375 0.02109375 0.046875
4 0.0625 0.05625 0.07578125 0.04765625
2 0.2125 0.05546875 0.21796875 0.02265625
4 0.496875 0.1078125 0.1578125 0.03671875
7 0.50234375 0.15859375 0.57109375 0.02265625
2 0.2296875 0.2125 0.12734375 0.03046875
6 0.73203125 0.21015625 0.21015625 0.01953125
1 0.50078125 0.2671875 0.66953125 0.046875
5 0.37890625 0.265625 0.3890625 0.02421875
5 0.2921875 0.31484375 0.21875 0.02109375
1 0.5 0.3140625 0.66484375 0.04765625
0 0.1921875 0.3734375 0.0390625 0.02734375
0 0.19296875 0.425 0.040625 0.0265625
5 0.325 0.37578125 0.18359375 0.01875
5 0.38046875 0.4265625 0.30078125 0.01875
6 0.4890625 0.4265625 0.0828125 0.01953125
0 0.5015625 0.4796875 0.6671875 0.05078125
7 0.49921875 0.540625 0.17265625 0.01953125
0 0.4984375 0.58359375 0.66796875 0.04921875
6 0.50234375 0.6625 0.32421875 0.02109375
7 0.5 0.68984375 0.390625 0.01640625