1 0.5 0.06328125 0.93359375 0.05078125
5 0.29453125 0.06328125 0.32265625 0.02265625
0 0.35625 0.128125 0.12265625 0.04140625
0 0.4921875 0.1296875 0.1203125 0.0453125
0 0.6359375 0.1296875 0.13828125 0.0421875
4 0.5015625 0.3125 0.21328125 0.0984375
7 0.50234375 0.41953125 0.85 0.01953125
6 0.50234375 0.46796875 0.1671875 0.01875
0 0.121875 0.91796875 0.1109375 0.0578125
0 0.3703125 0.9203125 0.13203125 0.059375
0 0.62109375 0.91796875 0.1015625 0.06171875
0 0.87734375 0.92109375 0.1421875 0.05703125
7 0.4546875 0.68671875 0.2703125 0.0140625
6 0.63515625 0.6828125 0.08984375 0.02109375