4 0.1375 0.059375 0.22265625 0.034375
0 0.9515625 0.05625 0.0609375 0.04375
7 0.83046875 0.05625 0.1078125 0.04296875
4 0.5 0.20859375 0.98984375 0.2421875
0 0.06875 0.11875 0.09375 0.04453125
2 0.4796875 0.275 0.9390625 0.05
4 0.25078125 0.3953125 0.48515625 0.1203125
4 0.75 0.3953125 0.4796875 0.11796875
0 0.04296875 0.34921875 0.053125 0.01953125
0 0.540625 0.34921875 0.0421875 0.01953125
7 0.23984375 0.40703125 0.45 0.04453125
7 0.72265625 0.40703125 0.41875 0.04140625
4 0.14140625 0.50546875 0.2625 0.0921875
7 0.32109375 0.47265625 0.05625 0.01640625
7 0.32265625 0.5328125 0.05625 0.03046875
7 0.42421875 0.47421875 0.04296875 0.0203125
7 0.53046875 0.47421875 0.0453125 0.01484375
7 0.6296875 0.4734375 0.0453125 0.015625
7 0.7359375 0.47421875 0.04375 0.01875
7 0.83984375 0.47265625 0.0578125 0.02421875
7 0.94140625 0.47421875 0.04375 0.01953125
7 0.425 0.53125 0.0578125 0.02890625
7 0.5265625 0.5328125 0.05234375 0.03125
7 0.63125 0.53359375 0.05234375 0.034375
7 0.7328125 0.53203125 0.05390625 0.03203125
7 0.83515625 0.53359375 0.05859375 0.03515625
7 0.94453125 0.53125 0.06015625 0.03203125
4 0.321875 0.49765625 0.04765625 0.0265625
4 0.42734375 0.49921875 0.04140625 0.028125
4 0.5265625 0.50234375 0.04375 0.0296875
4 0.63203125 0.49375 0.05078125 0.025
4 0.7328125 0.49765625 0.04765625 0.02734375
4 0.83828125 0.4953125 0.0578125 0.02578125
4 0.94140625 0.49453125 0.053125 0.01875
0 0.49921875 0.5046875 0.99296875 0.09453125
0 0.50234375 0.64609375 0.9921875 0.1140625
0 0.4984375 0.76328125 0.9765625 0.10859375
0 0.04765625 0.609375 0.046875 0.01953125
0 0.04765625 0.72734375 0.04921875 0.01953125
0 0.5046875 0.85546875 0.98359375 0.053125
4 0.10703125 0.64609375 0.18125 0.10078125
7 0.55703125 0.64453125 0.703125 0.0421875
7 0.57265625 0.76328125 0.734375 0.02578125
7 0.93984375 0.68984375 0.0734375 0.01875
7 0.94140625 0.80703125 0.0734375 0.0234375
7 0.56640625 0.86796875 0.71796875 0.02265625
4 0.10625 0.85390625 0.17890625 0.05078125
0 0.1 0.91484375 0.2 0.06953125
0 0.29375 0.91640625 0.17890625 0.06484375
0 0.49296875 0.91640625 0.21640625 0.065625
0 0.6953125 0.915625 0.18359375 0.065625
0 0.89609375 0.91640625 0.20703125 0.065625