4 0.50078125 0.21484375 0.9984375 0.21171875
4 0.134375 0.05703125 0.2265625 0.04921875
2 0.37265625 0.3640625 0.68359375 0.025
7 0.2171875 0.4265625 0.38515625 0.03984375
7 0.4921875 0.54921875 0.9546875 0.103125
7 0.496875 0.7484375 0.95234375 0.2671875
7 0.49765625 0.0984375 0.1984375 0.015625
7 0.83203125 0.04453125 0.10859375 0.01640625
7 0.81015625 0.065625 0.059375 0.0234375
4 0.86171875 0.06484375 0.03515625 0.02265625
0 0.95390625 0.05390625 0.0640625 0.04296875
0 0.5015625 0.2140625 0.1 0.04375
0 0.93046875 0.36875 0.03984375 0.03359375
0 0.10390625 0.91328125 0.121875 0.06953125
0 0.30234375 0.91484375 0.11015625 0.07265625
0 0.5 0.915625 0.125 0.07109375
0 0.7015625 0.91484375 0.11015625 0.0703125
0 0.89765625 0.91484375 0.08671875 0.06796875