4 0.059375 0.05390625 0.07734375 0.04765625
2 0.15625 0.0546875 0.0984375 0.025
0 0.73359375 0.05625 0.05078125 0.040625
0 0.83828125 0.05625 0.0453125 0.03359375
0 0.94609375 0.05625 0.03203125 0.0375
0 0.12578125 0.11484375 0.24609375 0.05546875
0 0.37578125 0.11484375 0.240625 0.05546875
0 0.6234375 0.1140625 0.24375 0.05546875
0 0.8734375 0.1140625 0.24609375 0.05625
0 0.0484375 0.86953125 0.06328125 0.04140625
0 0.92265625 0.87109375 0.125 0.0421875
0 0.5015625 0.92421875 0.996875 0.0515625
0 0.5 0.5203125 0.996875 0.75703125