0 0.059375 0.02734375 0.0453125 0.05
0 0.95078125 0.0328125 0.0609375 0.04140625
0 0.09609375 0.8828125 0.15859375 0.1015625
0 0.95 0.7921875 0.1 0.0453125
7 0.4875 0.79609375 0.4078125 0.02734375
7 0.378125 0.12578125 0.4234375 0.03359375
4 0.09453125 0.1203125 0.125 0.08046875
0 0.3265625 0.1203125 0.63984375 0.10390625
2 0.73671875 0.09375 0.13671875 0.02890625
2 0.4984375 0.034375 0.196875 0.03515625
0 0.696875 0.14765625 0.03984375 0.02578125
0 0.6984375 0.19296875 0.0359375 0.0296875
0 0.69609375 0.2375 0.04609375 0.02890625
0 0.69765625 0.2828125 0.0390625 0.0296875
0 0.69609375 0.32578125 0.03984375 0.028125
0 0.696875 0.38046875 0.03671875 0.021875
5 0.778125 0.146875 0.10703125 0.025
5 0.7734375 0.1921875 0.096875 0.02578125
5 0.80078125 0.23828125 0.1484375 0.0265625
5 0.81953125 0.2828125 0.18828125 0.0296875
5 0.7953125 0.32734375 0.140625 0.02734375
5 0.81640625 0.3828125 0.1796875 0.03203125