2 0.3671875 0.4359375 0.26796875 0.0328125
1 0.49609375 0.47890625 0.70546875 0.0359375
7 0.30546875 0.478125 0.3046875 0.02421875
0 0.68046875 0.54609375 0.1234375 0.0453125
0 0.80390625 0.54609375 0.1 0.0453125
2 0.3 0.06015625 0.35390625 0.0296875
0 0.0609375 0.059375 0.04296875 0.0296875
4 0.50078125 0.1078125 0.99375 0.15859375
4 0.07421875 0.23046875 0.1078125 0.06171875
4 0.075 0.31328125 0.10390625 0.06640625
4 0.07265625 0.39609375 0.1078125 0.0609375
4 0.07265625 0.47734375 0.1203125 0.06953125
4 0.075 0.559375 0.10390625 0.07265625
4 0.07421875 0.64453125 0.11015625 0.06953125
4 0.07265625 0.728125 0.11640625 0.0703125
4 0.06953125 0.81328125 0.1109375 0.0609375
0 0.83515625 0.22890625 0.08359375 0.0640625
0 0.83359375 0.31171875 0.08828125 0.05859375
0 0.94140625 0.22890625 0.0953125 0.06171875
0 0.9421875 0.31015625 0.084375 0.0546875
0 0.82578125 0.39609375 0.109375 0.05703125
0 0.94140625 0.3953125 0.08671875 0.05625
0 0.94296875 0.475 0.09453125 0.06015625
0 0.93828125 0.5625 0.09375 0.05703125
0 0.82890625 0.6453125 0.103125 0.06328125
0 0.940625 0.64375 0.09453125 0.06640625
0 0.83046875 0.72734375 0.0984375 0.059375
0 0.94375 0.728125 0.0875 0.06015625
0 0.83125 0.8125 0.096875 0.0625
0 0.9390625 0.8125 0.08203125 0.059375
7 0.2296875 0.81015625 0.17421875 0.04375
7 0.253125 0.72578125 0.2140625 0.0359375
7 0.2375 0.6421875 0.20390625 0.03828125
7 0.20625 0.3125 0.13359375 0.03671875
7 0.21171875 0.22578125 0.1515625 0.0375
7 0.58515625 0.90703125 0.29921875 0.02578125
0 0.08359375 0.9078125 0.16328125 0.0859375