0 0.059375 0.0515625 0.046875 0.025
2 0.21796875 0.05078125 0.19453125 0.02109375
7 0.2734375 0.090625 0.29296875 0.021875
7 0.2484375 0.13203125 0.24609375 0.021875
7 0.3828125 0.16484375 0.5015625 0.02109375
7 0.25234375 0.203125 0.2375 0.01640625
7 0.38046875 0.2390625 0.4890625 0.01796875
7 0.24765625 0.2765625 0.24140625 0.02109375
7 0.31796875 0.3109375 0.38203125 0.02265625
7 0.24921875 0.35 0.23984375 0.01953125
7 0.3953125 0.3828125 0.53125 0.021875
7 0.25 0.421875 0.2375 0.02109375
7 0.33828125 0.4546875 0.41875 0.0171875
7 0.25078125 0.49453125 0.24296875 0.01953125
7 0.315625 0.5296875 0.36796875 0.0171875
7 0.2484375 0.56796875 0.24296875 0.0234375
7 0.36015625 0.60078125 0.453125 0.01640625
7 0.25 0.640625 0.240625 0.01875
7 0.31171875 0.67421875 0.3640625 0.01953125
7 0.25625 0.7140625 0.25390625 0.0203125
7 0.3609375 0.746875 0.46328125 0.01640625
7 0.25546875 0.7859375 0.2515625 0.01875
7 0.3484375 0.8203125 0.4375 0.0234375
7 0.25078125 0.85859375 0.24765625 0.02265625
4 0.06875 0.1109375 0.1015625 0.06640625
4 0.06484375 0.1875 0.10234375 0.06640625
4 0.0640625 0.25703125 0.1015625 0.06171875
4 0.0625 0.3296875 0.11171875 0.0625
4 0.06484375 0.40625 0.103125 0.06484375
4 0.0671875 0.4765625 0.103125 0.06484375
4 0.06796875 0.54921875 0.10546875 0.06171875
4 0.06640625 0.621875 0.1015625 0.06484375
4 0.0640625 0.69765625 0.10078125 0.05703125
4 0.0640625 0.76953125 0.11015625 0.0640625
4 0.0640625 0.84140625 0.10546875 0.0609375
0 0.084375 0.92265625 0.0796875 0.053125
0 0.25390625 0.92421875 0.0875 0.05078125
0 0.41796875 0.92265625 0.1046875 0.053125
0 0.58515625 0.92421875 0.10859375 0.05390625
0 0.74765625 0.92265625 0.09453125 0.05546875
0 0.91953125 0.9234375 0.090625 0.05234375