2 0.1765625 0.06171875 0.30859375 0.028125
0 0.9515625 0.059375 0.03515625 0.0328125
0 0.13984375 0.11875 0.253125 0.0421875
0 0.39765625 0.1203125 0.16640625 0.04453125
0 0.659375 0.11953125 0.190625 0.04375
0 0.92734375 0.1171875 0.14296875 0.04765625
4 0.04921875 0.17265625 0.0578125 0.0390625
4 0.05 0.240625 0.0640625 0.04296875
4 0.05078125 0.30859375 0.06171875 0.040625
4 0.0515625 0.37890625 0.06640625 0.04140625
4 0.05 0.446875 0.06484375 0.03828125
4 0.04921875 0.5140625 0.0671875 0.03828125
4 0.04921875 0.58359375 0.06328125 0.040625
4 0.04921875 0.65 0.05859375 0.03828125
4 0.04921875 0.71875 0.0625 0.0390625
4 0.05234375 0.78828125 0.0640625 0.04140625
4 0.0484375 0.85625 0.0609375 0.040625
4 0.04921875 0.92421875 0.0625 0.0390625
7 0.1921875 0.178125 0.1921875 0.021875
7 0.20625 0.2453125 0.2203125 0.0234375
7 0.20546875 0.3140625 0.21875 0.02109375
7 0.22578125 0.38203125 0.26015625 0.0171875
7 0.24140625 0.4515625 0.290625 0.021875
7 0.1859375 0.51953125 0.1796875 0.01953125
7 0.20234375 0.5875 0.21796875 0.01875
7 0.2265625 0.65625 0.26484375 0.02421875
7 0.246875 0.72421875 0.30703125 0.021875
7 0.221875 0.79140625 0.25234375 0.025
7 0.23046875 0.86171875 0.2734375 0.02578125
7 0.19140625 0.92890625 0.1953125 0.0234375