2 0.1578125 0.0640625 0.27265625 0.0296875
0 0.1328125 0.12109375 0.25859375 0.03671875
0 0.4078125 0.121875 0.25234375 0.03828125
0 0.6734375 0.12109375 0.19765625 0.040625
0 0.9140625 0.1203125 0.171875 0.04296875
7 0.1328125 0.1171875 0.1484375 0.01640625
7 0.3984375 0.1171875 0.103125 0.021875
7 0.6671875 0.11796875 0.09765625 0.0171875
7 0.93359375 0.11796875 0.1109375 0.015625
0 0.95 0.0578125 0.03359375 0.03046875
7 0.23046875 0.178125 0.26484375 0.02109375
7 0.22265625 0.2453125 0.25234375 0.021875
7 0.22578125 0.3140625 0.26484375 0.0203125
7 0.20625 0.38125 0.221875 0.01953125
7 0.2046875 0.45078125 0.21953125 0.01953125
7 0.2296875 0.5203125 0.26640625 0.0203125
7 0.184375 0.58671875 0.17890625 0.01953125
7 0.20234375 0.65546875 0.21875 0.02109375
7 0.19375 0.725 0.19453125 0.0203125
7 0.246875 0.7921875 0.303125 0.01796875
7 0.2421875 0.86015625 0.290625 0.0203125
7 0.190625 0.92890625 0.19140625 0.01796875
4 0.04921875 0.1734375 0.0625 0.03984375
4 0.04921875 0.24140625 0.05859375 0.0390625
4 0.05078125 0.309375 0.06484375 0.0421875
4 0.04921875 0.378125 0.06484375 0.0421875
4 0.05078125 0.44609375 0.06171875 0.03984375
4 0.05078125 0.515625 0.06484375 0.0421875
4 0.05 0.5828125 0.06328125 0.04140625
4 0.05078125 0.65078125 0.0609375 0.04375
4 0.04921875 0.71953125 0.06171875 0.03984375
4 0.04921875 0.78671875 0.0609375 0.040625
4 0.0515625 0.85546875 0.059375 0.0359375
4 0.05 0.92421875 0.06328125 0.03984375
0 0.50234375 0.17109375 0.9875 0.053125
0 0.50078125 0.2375 0.98515625 0.0578125
0 0.49921875 0.30625 0.9828125 0.0546875
0 0.49921875 0.375 0.98203125 0.05390625
0 0.5 0.44140625 0.97578125 0.05546875
0 0.50078125 0.51015625 0.97890625 0.05390625
0 0.4984375 0.58125 0.97421875 0.05703125
0 0.49609375 0.64921875 0.96796875 0.05390625
0 0.4921875 0.71796875 0.9640625 0.0546875
0 0.49375 0.784375 0.9671875 0.053125
0 0.49296875 0.85625 0.96328125 0.05390625
0 0.49375 0.92265625 0.96640625 0.04921875