2 0.18828125 0.06328125 0.328125 0.02890625
0 0.95234375 0.06015625 0.03671875 0.0328125
0 0.1328125 0.11875 0.265625 0.0375
0 0.41171875 0.1203125 0.2578125 0.0421875
0 0.6796875 0.11953125 0.23671875 0.04296875
0 0.90859375 0.11953125 0.18203125 0.04609375
7 0.20546875 0.1765625 0.221875 0.028125
7 0.23984375 0.24609375 0.2953125 0.021875
7 0.24765625 0.3140625 0.303125 0.021875
7 0.1859375 0.3828125 0.1828125 0.02109375
7 0.203125 0.45 0.221875 0.02265625
7 0.2046875 0.52109375 0.22109375 0.021875
7 0.23203125 0.5921875 0.2796875 0.02109375
7 0.19140625 0.65703125 0.19453125 0.01953125
7 0.23828125 0.72421875 0.2921875 0.0203125
7 0.23046875 0.79296875 0.26640625 0.01875
7 0.22578125 0.8609375 0.2640625 0.0171875
7 0.190625 0.93046875 0.196875 0.02421875
4 0.05 0.92265625 0.06640625 0.03671875
4 0.05 0.85390625 0.06328125 0.03984375
4 0.05 0.78828125 0.0625 0.0375
4 0.0515625 0.71875 0.06171875 0.03671875
4 0.04921875 0.65 0.06796875 0.03984375
4 0.04921875 0.5828125 0.07265625 0.04140625
4 0.05 0.51484375 0.0671875 0.040625
4 0.053125 0.4453125 0.07265625 0.04375
4 0.0484375 0.3765625 0.0671875 0.0421875
4 0.0515625 0.3078125 0.06328125 0.03984375
4 0.0484375 0.2390625 0.071875 0.0421875
4 0.0484375 0.175 0.06796875 0.04296875