0 0.0375 0.05625 0.0390625 0.0375
2 0.49921875 0.05234375 0.20390625 0.0484375
0 0.96484375 0.05625 0.03984375 0.02890625
4 0.503125 0.1984375 0.99140625 0.23515625
2 0.13046875 0.33515625 0.240625 0.02578125
7 0.43515625 0.37578125 0.85078125 0.01953125
7 0.5015625 0.4390625 0.93828125 0.08046875
2 0.10078125 0.5109375 0.17109375 0.02421875
2 0.10625 0.734375 0.1875 0.025
0 0.5 0.90078125 0.16484375 0.0484375
7 0.49453125 0.62265625 0.95859375 0.16796875
7 0.48671875 0.81015625 0.95859375 0.1015625