2 0.20390625 0.02265625 0.390625 0.0265625
2 0.1765625 0.06796875 0.3234375 0.0296875
2 0.17109375 0.2203125 0.32421875 0.028125
2 0.146875 0.81953125 0.27265625 0.03203125
0 0.971875 0.01953125 0.05625 0.03671875
7 0.5015625 0.14609375 0.9859375 0.1078125
7 0.553125 0.46953125 0.89296875 0.44375
7 0.58828125 0.74375 0.81796875 0.07109375
7 0.6015625 0.89375 0.796875 0.1125
4 0.059375 0.2703125 0.08984375 0.04609375
4 0.0546875 0.32109375 0.0921875 0.0484375
4 0.0578125 0.36953125 0.090625 0.04375
4 0.05546875 0.42265625 0.090625 0.04609375
4 0.05703125 0.47734375 0.09765625 0.04609375
4 0.05703125 0.5875 0.096875 0.04453125
4 0.0921875 0.740625 0.184375 0.109375
4 0.11171875 0.8828125 0.1734375 0.078125