4 0.078125 0.06015625 0.06171875 0.0421875
2 0.24609375 0.06171875 0.25859375 0.03203125
4 0.50234375 0.315625 0.321875 0.0265625
4 0.50390625 0.37578125 0.27421875 0.02734375
0 0.384375 0.44453125 0.07265625 0.05078125
0 0.4984375 0.4453125 0.08046875 0.0546875
0 0.609375 0.44453125 0.0734375 0.0546875
0 0.38359375 0.51640625 0.07578125 0.0515625
0 0.4984375 0.515625 0.084375 0.05703125
0 0.61015625 0.51640625 0.07890625 0.05625
0 0.38359375 0.5890625 0.0671875 0.05
0 0.49765625 0.58828125 0.08203125 0.0484375
0 0.60859375 0.5875 0.084375 0.05
0 0.50390625 0.659375 0.075 0.0421875
0 0.61953125 0.6578125 0.07265625 0.0421875
0 0.49921875 0.728125 0.17734375 0.04921875