2 0.2625 0.06015625 0.2609375 0.02421875
2 0.5 0.2671875 0.3265625 0.0234375
2 0.50234375 0.509375 0.34375 0.021875
2 0.503125 0.78671875 0.296875 0.02265625
0 0.06171875 0.05859375 0.03671875 0.02734375
0 0.88671875 0.059375 0.05 0.02890625
0 0.96171875 0.0609375 0.05625 0.034375
4 0.50078125 0.14609375 0.3140625 0.11171875
7 0.50234375 0.28984375 0.4171875 0.01640625
1 0.49921875 0.32734375 0.1984375 0.03984375
5 0.4125 0.32421875 0.01875 0.021875
7 0.50234375 0.36015625 0.25078125 0.015625
0 0.49765625 0.40703125 0.2453125 0.0515625
7 0.5 0.4484375 0.16953125 0.0203125
1 0.5 0.56796875 0.9234375 0.06328125
5 0.06953125 0.54921875 0.03828125 0.0203125
1 0.50078125 0.63359375 0.91875 0.0546875
5 0.0953125 0.63671875 0.08359375 0.0234375
1 0.50234375 0.6890625 0.9203125 0.04765625
5 0.18125 0.6921875 0.25546875 0.0265625
7 0.1640625 0.72734375 0.24140625 0.01640625
7 0.1890625 0.825 0.2984375 0.0171875
7 0.2609375 0.8453125 0.4453125 0.0171875
7 0.23515625 0.86640625 0.396875 0.01640625
7 0.17578125 0.88515625 0.27890625 0.0140625
7 0.203125 0.90703125 0.3296875 0.01796875
0 0.8921875 0.8765625 0.1109375 0.07109375