0 0.0625 0.05859375 0.04609375 0.03671875
2 0.18125 0.0640625 0.12421875 0.02890625
0 0.9421875 0.0609375 0.06796875 0.0328125
1 0.50234375 0.1265625 0.97578125 0.046875
5 0.11015625 0.12734375 0.09609375 0.025
2 0.11171875 0.175 0.19375 0.02421875
2 0.1296875 0.50078125 0.225 0.025
7 0.1640625 0.22265625 0.1359375 0.0234375
7 0.05 0.221875 0.0578125 0.02265625
7 0.04921875 0.27734375 0.0484375 0.01875
7 0.05 0.334375 0.0578125 0.0171875
7 0.04921875 0.390625 0.0484375 0.01796875
7 0.05234375 0.446875 0.05390625 0.02109375
7 0.55390625 0.2234375 0.07421875 0.01640625
7 0.55546875 0.2796875 0.06953125 0.01796875
7 0.5625 0.33515625 0.0875 0.021875
7 0.5640625 0.3921875 0.0859375 0.0265625
7 0.56484375 0.44765625 0.0875 0.02265625
7 0.04921875 0.54609375 0.0515625 0.01953125
7 0.05 0.603125 0.0546875 0.01640625
7 0.04921875 0.65859375 0.05234375 0.0171875
7 0.22890625 0.546875 0.253125 0.0203125
7 0.19140625 0.6046875 0.17421875 0.01953125
7 0.1640625 0.65859375 0.13203125 0.02109375
7 0.15234375 0.2796875 0.09609375 0.02109375
7 0.1890625 0.33515625 0.1734375 0.01953125
7 0.22421875 0.390625 0.253125 0.02109375
7 0.1625 0.44765625 0.12109375 0.01953125
0 0.50078125 0.22109375 0.97578125 0.0515625
0 0.4984375 0.27734375 0.97578125 0.0515625
0 0.49921875 0.3328125 0.9734375 0.0546875
0 0.50078125 0.390625 0.97578125 0.05390625
0 0.50078125 0.4453125 0.97265625 0.053125
0 0.5 0.5453125 0.97109375 0.05234375
0 0.4984375 0.603125 0.9765625 0.05078125
0 0.5 0.6578125 0.971875 0.05078125