4 0.5 0.03359375 1 0.0671875
4 0.5015625 0.38671875 0.996875 0.6328125
2 0.49921875 0.03515625 0.20234375 0.028125
0 0.96171875 0.034375 0.04375 0.03046875
7 0.5 0.3140625 0.9125 0.09375
2 0.49921875 0.6921875 0.2609375 0.028125
7 0.3859375 0.73125 0.73828125 0.04765625
1 0.40859375 0.771875 0.75546875 0.034375
5 0.4109375 0.77421875 0.27265625 0.021875
0 0.87890625 0.7734375 0.178125 0.03203125
7 0.49765625 0.91171875 0.4625 0.01796875
0 0.33984375 0.9375 0.1421875 0.02109375
0 0.4859375 0.9359375 0.14765625 0.0234375
0 0.64375 0.9359375 0.16171875 0.0203125