0 0.03671875 0.05859375 0.05078125 0.0421875
2 0.49921875 0.059375 0.128125 0.02890625
2 0.38359375 0.1203125 0.29765625 0.02734375
7 0.4625 0.215625 0.0828125 0.02265625
4 0.34453125 0.2171875 0.12734375 0.071875
0 0.41015625 0.32734375 0.29921875 0.0421875
0 0.72890625 0.32578125 0.29921875 0.03671875
0 0.10859375 0.14140625 0.18359375 0.09765625
0 0.1109375 0.23828125 0.184375 0.09140625
0 0.10859375 0.33984375 0.18359375 0.1046875
4 0.1109375 0.1203125 0.08046875 0.04296875
4 0.11171875 0.22421875 0.06171875 0.034375
4 0.109375 0.328125 0.0640625 0.04140625
7 0.11328125 0.1546875 0.1015625 0.02109375
7 0.1109375 0.25859375 0.09765625 0.02734375
7 0.1078125 0.3625 0.0734375 0.02265625