2 0.2359375 0.409375 0.35859375 0.0265625
7 0.48671875 0.48671875 0.8375 0.07734375
0 0.7875 0.56328125 0.06875 0.03046875
0 0.8984375 0.565625 0.0828125 0.03515625
0 0.7390625 0.05546875 0.059375 0.0375
0 0.84453125 0.05625 0.0484375 0.0359375
0 0.95078125 0.05546875 0.040625 0.03984375
0 0.9515625 0.11875 0.06015625 0.03828125
0 0.76796875 0.8046875 0.075 0.03359375
0 0.73515625 0.890625 0.459375 0.03515625
1 0.496875 0.83828125 0.934375 0.0375
7 0.28515625 0.8390625 0.4703125 0.02734375
7 0.76484375 0.74140625 0.45234375 0.08203125
2 0.23515625 0.05546875 0.2578125 0.02421875
4 0.06171875 0.05546875 0.06796875 0.0453125
0 0.01328125 0.0578125 0.02578125 0.0453125
4 0.503125 0.41875 0.99296875 0.6640625