4 0.5 0.1234375 1 0.18046875
0 0.96171875 0.0578125 0.065625 0.0484375
2 0.36875 0.440625 0.1796875 0.02890625
7 0.41171875 0.4875 0.27265625 0.01875
0 0.55234375 0.5484375 0.1046875 0.0390625
0 0.6765625 0.5484375 0.11484375 0.0453125
0 0.5 0.66875 0.1078125 0.0390625
0 0.12265625 0.90546875 0.203125 0.0640625
0 0.36796875 0.9046875 0.203125 0.06796875
0 0.61875 0.9046875 0.18359375 0.06953125
0 0.8734375 0.9046875 0.21796875 0.07265625
7 0.50625 0.32421875 0.4828125 0.03046875
7 0.18203125 0.3859375 0.19375 0.04765625
7 0.19296875 0.4609375 0.178125 0.04140625
7 0.1921875 0.5390625 0.184375 0.034375
7 0.196875 0.61015625 0.30625 0.021875
0 0.9296875 0.38828125 0.06328125 0.034375
0 0.93515625 0.4640625 0.0609375 0.0375
0 0.93203125 0.55 0.0609375 0.040625
4 0.06484375 0.38515625 0.034375 0.03046875
4 0.06484375 0.46171875 0.034375 0.03046875
4 0.0609375 0.546875 0.05546875 0.03125