0 0.0609375 0.06015625 0.04296875 0.02890625
0 0.23046875 0.059375 0.21171875 0.03515625
0 0.87421875 0.0609375 0.053125 0.0328125
0 0.95 0.0578125 0.04609375 0.03515625
7 0.16328125 0.06015625 0.06015625 0.02578125
7 0.50234375 0.12109375 0.2296875 0.03828125
0 0.05 0.11953125 0.03359375 0.0328125
0 0.9515625 0.12109375 0.0328125 0.03671875
4 0.05625 0.175 0.0921875 0.05
2 0.21640625 0.165625 0.20703125 0.02109375
7 0.92578125 0.1765625 0.13046875 0.03515625
7 0.1703125 0.18828125 0.11796875 0.015625
7 0.48828125 0.84609375 0.96015625 0.0828125
0 0.984375 0.84609375 0.0234375 0.08046875
4 0.5 0.92265625 0.0578125 0.03359375
0 0.5 0.925 0.9921875 0.04765625
0 0.50078125 0.2296875 0.9859375 0.04296875
7 0.153125 0.22421875 0.08984375 0.02421875