0 0.05703125 0.05 0.05 0.0375
0 0.2515625 0.10625 0.4828125 0.0375
0 0.7515625 0.10703125 0.4828125 0.03828125
0 0.88671875 0.221875 0.1171875 0.03359375
0 0.88828125 0.3078125 0.1234375 0.03515625
0 0.8875 0.39453125 0.115625 0.03515625
0 0.88515625 0.484375 0.12421875 0.03515625
0 0.8859375 0.571875 0.12578125 0.0359375
0 0.88828125 0.65859375 0.1171875 0.0359375
7 0.39140625 0.1484375 0.75234375 0.02421875
7 0.2515625 0.1046875 0.203125 0.02890625
7 0.74765625 0.1046875 0.171875 0.021875
7 0.19453125 0.22109375 0.109375 0.02109375
7 0.24375 0.309375 0.21484375 0.0234375
7 0.21328125 0.39609375 0.15703125 0.021875
7 0.1984375 0.48359375 0.1234375 0.0234375
7 0.225 0.571875 0.18046875 0.02265625
2 0.29140625 0.05625 0.33984375 0.021875
4 0.08671875 0.2203125 0.0703125 0.046875
4 0.0859375 0.3078125 0.078125 0.04921875
4 0.08515625 0.39609375 0.08046875 0.0484375
4 0.08515625 0.4859375 0.08671875 0.0484375
4 0.0859375 0.56953125 0.0828125 0.053125
4 0.08515625 0.65703125 0.084375 0.05546875
0 0.50078125 0.91484375 0.97109375 0.05