4 0.31875 0.24609375 0.06640625 0.04375
2 0.53671875 0.25390625 0.35625 0.03828125
1 0.50078125 0.34296875 0.4984375 0.0421875
1 0.5015625 0.38828125 0.51171875 0.0375
5 0.3125 0.3421875 0.121875 0.03359375
5 0.32265625 0.3890625 0.1453125 0.0234375
0 0.5 0.5390625 0.60390625 0.046875
6 0.50234375 0.459375 0.221875 0.0171875
6 0.5 0.4921875 0.20859375 0.0203125
6 0.50234375 0.61875 0.11328125 0.01796875
0 0.41953125 0.42578125 0.03984375 0.0265625
7 0.5203125 0.42734375 0.1765625 0.01484375
0 0.3140625 0.66171875 0.1375 0.03203125
0 0.4984375 0.6625 0.221875 0.03515625
0 0.6734375 0.66328125 0.1265625 0.0328125
0 0.50078125 0.69375 0.21875 0.02265625
7 0.3140625 0.66171875 0.1078125 0.02109375
7 0.49921875 0.6625 0.19453125 0.021875
7 0.6734375 0.6609375 0.09296875 0.0171875
7 0.4984375 0.69140625 0.18828125 0.01953125