0 0.06171875 0.0609375 0.04375 0.034375
0 0.04375 0.11796875 0.0609375 0.03125
0 0.22578125 0.1203125 0.27109375 0.01953125
7 0.51015625 0.921875 0.9796875 0.0359375
0 0.50234375 0.15546875 0.97734375 0.03046875
0 0.0578125 0.5375 0.06171875 0.71328125
0 0.16640625 0.5359375 0.0828125 0.72890625
0 0.28203125 0.53984375 0.0640625 0.72109375
0 0.39453125 0.5328125 0.06328125 0.72265625
0 0.5125 0.5359375 0.05859375 0.7234375
0 0.6265625 0.53671875 0.0703125 0.725
0 0.734375 0.5375 0.06875 0.715625
0 0.846875 0.53828125 0.09296875 0.7171875
0 0.95546875 0.53515625 0.06171875 0.72109375