2 0.13515625 0.06171875 0.22890625 0.03515625
4 0.5015625 0.26015625 0.996875 0.3328125
4 0.25546875 0.64765625 0.46171875 0.2875
4 0.73984375 0.64609375 0.46328125 0.2875
2 0.1375 0.46640625 0.22890625 0.01875
2 0.1390625 0.8296875 0.22890625 0.0203125
0 0.90859375 0.828125 0.15859375 0.02890625
7 0.88828125 0.828125 0.12265625 0.0234375
0 0.1265625 0.915625 0.1859375 0.0625
0 0.3703125 0.9171875 0.16875 0.06640625
0 0.6203125 0.915625 0.18203125 0.0625
0 0.8796875 0.91796875 0.171875 0.065625
7 0.125 0.93046875 0.1171875 0.0203125
7 0.37109375 0.92890625 0.07578125 0.0171875
7 0.62421875 0.9296875 0.12265625 0.01484375
7 0.8734375 0.92890625 0.08046875 0.0171875
4 0.125 0.90703125 0.0625 0.02734375
4 0.375 0.90703125 0.05 0.025
4 0.6234375 0.90859375 0.06796875 0.0296875
4 0.871875 0.90703125 0.05703125 0.02578125