2 0.53828125 0.18046875 0.30078125 0.1296875
4 0.10234375 0.19453125 0.20390625 0.11953125
0 0.79296875 0.41328125 0.13515625 0.0796875
0 0.790625 0.5546875 0.1359375 0.084375
0 0.78828125 0.6859375 0.13203125 0.08046875
0 0.240625 0.82265625 0.20078125 0.1140625
0 0.48828125 0.8109375 0.19140625 0.11640625
0 0.75078125 0.821875 0.2109375 0.11171875
3 0.49765625 0.9171875 0.53984375 0.05078125
7 0.2890625 0.41171875 0.31796875 0.08515625
7 0.2515625 0.54921875 0.2328125 0.0984375
7 0.2890625 0.68984375 0.30234375 0.1078125
4 0.07109375 0.04765625 0.071875 0.0484375
4 0.39609375 0.04921875 0.10703125 0.0515625
4 0.68984375 0.04921875 0.0640625 0.04765625