0 0.08828125 0.07890625 0.1328125 0.03515625
0 0.95859375 0.0765625 0.04765625 0.03828125
4 0.50390625 0.43828125 0.14140625 0.07890625
0 0.05625 0.91796875 0.109375 0.0609375
0 0.165625 0.91796875 0.1046875 0.06015625
0 0.275 0.91796875 0.10625 0.06171875
0 0.38359375 0.91796875 0.11015625 0.0609375
7 0.05390625 0.93671875 0.1015625 0.0171875
7 0.1640625 0.93671875 0.0921875 0.015625
7 0.27421875 0.93671875 0.0953125 0.015625
7 0.38515625 0.93671875 0.05078125 0.01484375
4 0.0546875 0.90859375 0.071875 0.0390625
4 0.16328125 0.90859375 0.04921875 0.03984375
4 0.271875 0.909375 0.04375 0.0328125
4 0.38515625 0.909375 0.04375 0.0359375