0 0.03671875 0.05390625 0.0484375 0.03203125
2 0.49921875 0.05390625 0.253125 0.03203125
2 0.7078125 0.10234375 0.57421875 0.03359375
2 0.921875 0.2171875 0.13984375 0.03828125
2 0.69375 0.3515625 0.5921875 0.0359375
2 0.7734375 0.50546875 0.4515625 0.04375
2 0.63828125 0.66015625 0.72265625 0.03671875
2 0.8515625 0.89921875 0.296875 0.0390625
7 0.50078125 0.1609375 0.99765625 0.05625
7 0.5078125 0.2859375 0.978125 0.07265625
7 0.5078125 0.42734375 0.984375 0.0953125
7 0.5140625 0.5828125 0.96953125 0.0984375
7 0.5109375 0.78046875 0.975 0.17265625
7 0.52421875 0.9390625 0.9484375 0.0265625