4 0.05234375 0.0546875 0.08046875 0.0515625
2 0.15234375 0.05703125 0.1015625 0.02421875
0 0.840625 0.0578125 0.06171875 0.04296875
0 0.946875 0.05703125 0.04375 0.040625
0 0.2515625 0.1140625 0.496875 0.0546875
0 0.75 0.11328125 0.496875 0.05625
0 0.1609375 0.2984375 0.31953125 0.30703125
0 0.5 0.3 0.31640625 0.3046875
0 0.8390625 0.29921875 0.321875 0.303125
0 0.1625 0.61875 0.32421875 0.30390625
0 0.50078125 0.61875 0.31875 0.30703125
0 0.83828125 0.61796875 0.3234375 0.303125
4 0.16171875 0.86796875 0.3 0.16328125
4 0.4984375 0.865625 0.29765625 0.1671875
4 0.83828125 0.86796875 0.29609375 0.16484375
4 0.16171875 0.5921875 0.296875 0.25078125
4 0.49921875 0.59140625 0.2921875 0.2484375
4 0.83828125 0.590625 0.29609375 0.25078125
4 0.83515625 0.2734375 0.29765625 0.2515625
4 0.4984375 0.27265625 0.296875 0.25078125
4 0.159375 0.27265625 0.29921875 0.24921875
7 0.08203125 0.4125 0.153125 0.01875
7 0.4265625 0.41171875 0.1640625 0.01640625
7 0.82265625 0.4125 0.28828125 0.0203125
7 0.12734375 0.74140625 0.2515625 0.04140625
7 0.43203125 0.7296875 0.1796875 0.025
7 0.80625 0.740625 0.25546875 0.04375