0 0.0640625 0.06015625 0.04140625 0.03046875
0 0.93515625 0.059375 0.1296875 0.03359375
0 0.5015625 0.76640625 0.896875 0.0515625
4 0.5109375 0.13828125 0.971875 0.0375
7 0.05625 0.1078125 0.0890625 0.02265625
7 0.2796875 0.1078125 0.0890625 0.021875
7 0.4984375 0.10859375 0.09453125 0.02578125
7 0.71953125 0.109375 0.1125 0.0234375
7 0.94375 0.109375 0.1078125 0.01875
2 0.253125 0.06328125 0.25 0.03046875
2 0.07890625 0.52890625 0.11171875 0.02421875
2 0.15625 0.2921875 0.259375 0.021875
2 0.134375 0.18203125 0.2203125 0.02265625
7 0.38046875 0.20703125 0.71796875 0.01640625
5 0.065625 0.2265625 0.08203125 0.0171875
7 0.39140625 0.3171875 0.72890625 0.01953125
5 0.09921875 0.375 0.12578125 0.02109375
5 0.15078125 0.44453125 0.225 0.025
5 0.109375 0.57890625 0.14140625 0.01875
5 0.103125 0.634375 0.1328125 0.0203125
5 0.09609375 0.6890625 0.11171875 0.01953125
0 0.93046875 0.375 0.0671875 0.02890625
0 0.93125 0.44375 0.05546875 0.025
1 0.5015625 0.36953125 0.96328125 0.05
1 0.49765625 0.2421875 0.95546875 0.05546875
1 0.50234375 0.4390625 0.9609375 0.0546875
1 0.5015625 0.57890625 0.96015625 0.04296875
1 0.50390625 0.63125 0.9640625 0.0453125
1 0.1515625 0.68515625 0.259375 0.04765625