4 0.12421875 0.0453125 0.1859375 0.04453125
0 0.12578125 0.04375 0.18828125 0.021875
0 0.0734375 0.1203125 0.08515625 0.05859375
0 0.1578125 0.1203125 0.078125 0.05859375
0 0.23046875 0.1203125 0.0609375 0.05859375
0 0.303125 0.1203125 0.078125 0.05859375
0 0.38125 0.1203125 0.0734375 0.05859375
0 0.45234375 0.1203125 0.0625 0.05859375
0 0.521875 0.1203125 0.07109375 0.05859375
0 0.58671875 0.1203125 0.0515625 0.05859375
4 0.31015625 0.35 0.6203125 0.4
6 0.31328125 0.44453125 0.571875 0.1546875
4 0.809375 0.25 0.38125 0.20078125
0 0.5 0.25 1 0.20078125
6 0.81328125 0.28203125 0.3328125 0.08203125
4 0.71484375 0.44921875 0.19140625 0.20078125
0 0.99921875 0.35 0.00078125 0.0015625
6 0.71796875 0.4640625 0.14375 0.115625
4 0.9046875 0.44921875 0.190625 0.20078125
0 0.99921875 0.35 0.00078125 0.0015625
6 0.9078125 0.478125 0.1421875 0.0875
3 0.5 0.6203125 0.7109375 0.11875
7 0.25625 0.7125 0.44921875 0.02578125
2 0.4546875 0.81953125 0.84765625 0.11328125
7 0.071875 0.89921875 0.08125 0.021875
7 0.20234375 0.9078125 0.171875 0.040625
6 0.3640625 0.89921875 0.10078125 0.021875
0 0.83125 0.9046875 0.13125 0.03359375
0 0.9390625 0.9046875 0.05859375 0.03359375
4 0.5 0.9734375 0.9375 0.053125
0 0.5 0.9734375 0.9375 0.053125
3 0.5 0.5 1 1