4 0.5 0.5 1 1
4 0.0078125 0.01328125 0.015625 0.0265625
4 0.5 0.82578125 0.03046875 0.0359375
2 0.2484375 0.1 0.2875 0.06875
7 0.1625 0.234375 0.1203125 0.175
7 0.25234375 0.496875 0.30234375 0.078125
6 0.18984375 0.5203125 0.05 0.0203125
6 0.04609375 0.11171875 0.08671875 0.040625
6 0.02421875 0.15859375 0.04140625 0.0265625
6 0.01953125 0.19765625 0.0328125 0.02265625
6 0.04921875 0.23828125 0.09140625 0.02734375
6 0.04765625 0.2875 0.090625 0.0375
6 0.05 0.33515625 0.09296875 0.03046875
6 0.03671875 0.37421875 0.0640625 0.025
6 0.04296875 0.4140625 0.075 0.0234375
6 0.0421875 0.4578125 0.07578125 0.02109375
6 0.040625 0.496875 0.07265625 0.02109375
6 0.03671875 0.53671875 0.06328125 0.0265625
6 0.02421875 0.57734375 0.0421875 0.0234375
6 0.0390625 0.61640625 0.0703125 0.0234375
6 0.025 0.65859375 0.0421875 0.01328125
6 0.0453125 0.696875 0.0828125 0.01640625
6 0.040625 0.73671875 0.06953125 0.0234375
6 0.0375 0.77734375 0.0625 0.02421875