4 0.5 0.15 0.51640625 0.215625
4 0.67109375 0.4828125 0.1609375 0.41875
4 0.67265625 0.81328125 0.16171875 0.2
3 0.5 0.975 1 0.05
0 0.89921875 0.97734375 0.103125 0.04375
2 0.43984375 0.11171875 0.38828125 0.12109375
7 0.69375 0.24140625 0.12421875 0.02421875
7 0.41484375 0.32734375 0.315625 0.103125
7 0.41484375 0.46953125 0.31640625 0.12578125
7 0.41640625 0.63828125 0.31328125 0.15625
7 0.41875 0.840625 0.3203125 0.1828125
0 0.275 0.0296875 0.05234375 0.0328125
0 0.33984375 0.02890625 0.059375 0.0265625
0 0.41328125 0.0296875 0.07421875 0.028125
0 0.48203125 0.0296875 0.053125 0.0234375
0 0.553125 0.02734375 0.07578125 0.0234375
0 0.62421875 0.02734375 0.05703125 0.0296875
0 0.6875 0.028125 0.06171875 0.025