3 0.5 0.084375 0.7109375 0.1171875
6 0.4859375 0.19609375 0.6578125 0.01953125
7 0.81640625 0.19609375 0.00390625 0.01953125
7 0.05625 0.278125 0.03046875 0.01953125
0 0.05625 0.26328125 0.03046875 0.04921875
4 0.1609375 0.26171875 0.13671875 0.046875
6 0.328125 0.2609375 0.025 0.01953125
6 0.3875 0.2609375 0.04609375 0.01953125
6 0.44453125 0.2609375 0.0296875 0.01953125
7 0.5046875 0.2609375 0.053125 0.01953125
6 0.71171875 0.26015625 0.021875 0.02109375
7 0.7984375 0.259375 0.03828125 0.021875
7 0.9265625 0.26171875 0.03125 0.078125
0 0.9265625 0.26171875 0.0640625 0.078125
4 0.3421875 0.55703125 0.5984375 0.45546875
0 0.3421875 0.55703125 0.5984375 0.45546875
2 0.76953125 0.3984375 0.1953125 0.11171875
7 0.815625 0.49765625 0.2875 0.0546875
6 0.8140625 0.5921875 0.284375 0.02109375
7 0.815625 0.62109375 0.2875 0.02890625
6 0.8078125 0.68984375 0.27265625 0.02109375
7 0.815625 0.71875 0.2875 0.02890625
6 0.79609375 0.80234375 0.2484375 0.04921875
7 0.815625 0.859375 0.2875 0.05703125
6 0.809375 0.95703125 0.27421875 0.04921875
7 0.815625 0.99296875 0.2875 0.0140625