3 0.5 0.5 1 1
7 0.146875 0.028125 0.215625 0.01953125
0 0.13828125 0.02890625 0.2453125 0.04140625
0 0.01484375 0.04609375 0.0296875 0.0203125
7 0.36796875 0.1 0.14140625 0.03125
4 0.4703125 0.0921875 0.0203125 0.02578125
0 0.61015625 0.1 0.3125 0.08359375
7 0.5421875 0.08984375 0.12578125 0.02109375
7 0.5515625 0.11171875 0.14375 0.01796875
7 0.9015625 0.09921875 0.040625 0.02109375
0 0.88359375 0.1 0.10859375 0.08359375
6 0.0359375 0.18515625 0.040625 0.08359375
6 0.109375 0.18515625 0.04296875 0.08359375
6 0.18125 0.18515625 0.03828125 0.08359375
6 0.2640625 0.18515625 0.0640625 0.08359375
6 0.34296875 0.18515625 0.03203125 0.08359375
6 0.40390625 0.18515625 0.0265625 0.08359375
6 0.4671875 0.18515625 0.03828125 0.08359375
2 0.50078125 0.27890625 0.96875 0.06015625
2 0.14921875 0.27734375 0.234375 0.04140625
7 0.4875 0.2765625 0.37890625 0.02734375
0 0.7171875 0.27734375 0.08203125 0.02890625
7 0.75859375 0.2765625 0.00390625 0.02734375
7 0.91484375 0.27734375 0.00625 0.0234375
7 0.93359375 0.27734375 0.0078125 0.0234375
2 0.5 0.36953125 0.90625 0.04140625
2 0.146875 0.4734375 0.19921875 0.12109375
0 0.14765625 0.47421875 0.20234375 0.125
7 0.0796875 0.5640625 0.065625 0.01953125
7 0.1234375 0.5640625 0.00625 0.01953125
7 0.146875 0.57734375 0.19921875 0.0453125
2 0.38203125 0.4734375 0.2015625 0.12109375
0 0.38203125 0.47421875 0.20234375 0.125
7 0.3140625 0.5640625 0.065625 0.01953125
7 0.3578125 0.5640625 0.00625 0.01953125
7 0.38125 0.57734375 0.19921875 0.0453125
2 0.61640625 0.4734375 0.20234375 0.12109375
0 0.61640625 0.47421875 0.20234375 0.125
7 0.5484375 0.5640625 0.065625 0.01953125
7 0.5921875 0.5640625 0.00625 0.01953125
7 0.615625 0.57734375 0.19921875 0.0453125
7 0.83203125 0.44140625 0.1234375 0.02109375
0 0.8359375 0.459375 0.171875 0.0953125
2 0.31875 0.85703125 0.546875 0.2859375
0 0.3203125 0.85703125 0.546875 0.2859375
4 0.3203125 0.85703125 0.546875 0.2859375
2 0.79375 0.740625 0.2453125 0.05234375
0 0.8109375 0.90390625 0.28125 0.1921875
4 0.8109375 0.90390625 0.28125 0.1921875