4 0.2703125 0.0453125 0.2640625 0.0484375
6 0.73046875 0.0484375 0.0546875 0.015625
7 0.76015625 0.046875 0.0046875 0.02109375
6 0.78046875 0.0484375 0.03984375 0.015625
7 0.803125 0.046875 0.00390625 0.02109375
6 0.82109375 0.0484375 0.034375 0.015625
7 0.84921875 0.03125 0.02421875 0.02109375
0 0.23984375 0.1265625 0.1828125 0.0234375
0 0.23984375 0.1484375 0.1828125 0.0234375
0 0.23984375 0.1703125 0.1828125 0.0234375
0 0.23984375 0.19296875 0.1828125 0.0234375
0 0.23984375 0.21484375 0.1828125 0.0234375
0 0.23984375 0.23671875 0.1828125 0.0234375
0 0.23984375 0.259375 0.1828125 0.0234375
0 0.23984375 0.28125 0.1828125 0.0234375
0 0.23984375 0.303125 0.1828125 0.0234375
0 0.23984375 0.32578125 0.1828125 0.0234375
0 0.23984375 0.34765625 0.1828125 0.0234375
0 0.23984375 0.36953125 0.1828125 0.0234375
0 0.23984375 0.390625 0.1828125 0.02109375
0 0.23984375 0.41015625 0.1828125 0.02109375
2 0.5671875 0.14609375 0.446875 0.06015625
2 0.771875 0.16171875 0.08671875 0.02890625
2 0.58125 0.17734375 0.47578125 0.06015625
4 0.59296875 0.25625 0.0640625 0.08359375
2 0.59296875 0.334375 0.4984375 0.02109375
7 0.44375 0.37109375 0.19921875 0.02109375
6 0.5609375 0.37109375 0.03515625 0.02109375
7 0.5921875 0.37109375 0.0296875 0.02109375
6 0.6234375 0.37109375 0.03828125 0.02109375
7 0.590625 0.38125 0.49375 0.040625
2 0.59296875 0.43359375 0.4984375 0.02109375
7 0.5046875 0.46875 0.321875 0.02109375
7 0.71171875 0.46875 0.090625 0.02109375
6 0.76796875 0.4703125 0.0265625 0.0234375
7 0.37265625 0.48828125 0.0578125 0.02109375
7 0.40390625 0.48828125 0.0046875 0.02109375
4 0.59296875 0.5390625 0.0640625 0.08359375
4 0.5 0.6140625 0.72265625 0.021875
7 0.5 0.65078125 0.72265625 0.015625