7 0.0921875 0.0828125 0.08515625 0.0296875
6 0.62734375 0.084375 0.0578125 0.02578125
6 0.69765625 0.084375 0.04609375 0.02578125
6 0.76015625 0.084375 0.0421875 0.02578125
0 0.875 0.084375 0.15 0.0390625
2 0.246875 0.27890625 0.39453125 0.07265625
2 0.21171875 0.34140625 0.3234375 0.07265625
2 0.1984375 0.4 0.29765625 0.0296875
2 0.1578125 0.43125 0.2171875 0.0296875
7 0.20625 0.50625 0.15234375 0.0296875
0 0.20625 0.50625 0.31328125 0.06484375
7 0.53671875 0.8203125 0.175 0.02578125
0 0.53671875 0.8203125 0.215625 0.05234375
7 0.7328125 0.8203125 0.078125 0.02578125
0 0.73203125 0.8203125 0.15703125 0.05234375
7 0.94375 0.8203125 0.1125 0.02578125
0 0.91953125 0.8203125 0.1609375 0.05234375
4 0.334375 0.98828125 0.3125 0.0234375