4 0.1125 0.0703125 0.1421875 0.0234375
0 0.91953125 0.0703125 0.07890625 0.046875
2 0.290625 0.2453125 0.5 0.1
7 0.2734375 0.3359375 0.46484375 0.0546875
6 0.246875 0.35 0.03828125 0.02578125
7 0.31171875 0.35 0.0921875 0.02578125
7 0.3921875 0.35 0.0703125 0.02578125
7 0.27734375 0.37890625 0.47265625 0.08359375
4 0.06875 0.4984375 0.0375 0.05078125
0 0.290625 0.4984375 0.5 0.06875
7 0.31640625 0.4984375 0.12109375 0.02109375
4 0.06875 0.58671875 0.0375 0.05078125
0 0.290625 0.58671875 0.5 0.06875
7 0.31640625 0.5875 0.1390625 0.02109375
7 0.19140625 0.675 0.196875 0.021875
6 0.3453125 0.675 0.1125 0.021875
4 0.7640625 0.4421875 0.390625 0.521875
6 0.21484375 0.840625 0.0328125 0.01953125
6 0.26640625 0.840625 0.0328125 0.01953125
6 0.3140625 0.840625 0.025 0.01953125
6 0.365625 0.840625 0.0390625 0.01953125
6 0.4234375 0.840625 0.03984375 0.01953125
6 0.490625 0.840625 0.05625 0.01953125
6 0.56328125 0.840625 0.053125 0.01953125
6 0.66015625 0.840625 0.071875 0.01953125
6 0.76328125 0.840625 0.0671875 0.01953125
7 0.15625 0.87265625 0.16015625 0.02578125
6 0.26171875 0.87265625 0.040625 0.01796875
6 0.31875 0.87265625 0.05390625 0.01796875
6 0.375 0.87265625 0.0390625 0.01796875
6 0.44609375 0.87265625 0.084375 0.01796875
6 0.51875 0.87265625 0.0421875 0.01796875
6 0.58828125 0.87265625 0.07734375 0.01796875
6 0.6828125 0.87265625 0.09296875 0.01796875
6 0.77421875 0.87265625 0.06953125 0.01796875
6 0.86640625 0.87265625 0.0953125 0.01796875
6 0.4 0.92109375 0.03125 0.0171875
6 0.44375 0.92109375 0.03515625 0.0171875
6 0.49375 0.92109375 0.04609375 0.0171875
7 0.56875 0.921875 0.09375 0.02578125