7 0.40546875 0.053125 0.753125 0.06484375
6 0.86640625 0.0375 0.0765625 0.02734375
6 0.8765625 0.07109375 0.09765625 0.021875
7 0.8546875 0.1421875 0.04765625 0.02734375
6 0.9484375 0.1421875 0.05390625 0.02734375
2 0.1859375 0.24921875 0.321875 0.0609375
0 0.0734375 0.35078125 0.0984375 0.0609375
0 0.2125 0.35078125 0.1296875 0.0609375
0 0.37421875 0.35078125 0.121875 0.0609375
0 0.50625 0.35078125 0.06875 0.0609375
0 0.9640625 0.35234375 0.0234375 0.0328125
4 0.14765625 0.51171875 0.21171875 0.14609375
0 0.14765625 0.51171875 0.21171875 0.14609375
2 0.14765625 0.63359375 0.21171875 0.05859375
0 0.14765625 0.63359375 0.21171875 0.05859375
7 0.14765625 0.74375 0.21171875 0.14453125
4 0.39453125 0.509375 0.2109375 0.1421875
0 0.39453125 0.509375 0.2109375 0.1421875
2 0.39453125 0.615625 0.2109375 0.0296875
0 0.39453125 0.615625 0.2109375 0.0296875
7 0.39453125 0.6828125 0.2109375 0.0875
4 0.60546875 0.509375 0.2109375 0.1421875
0 0.60546875 0.509375 0.2109375 0.1421875
2 0.60546875 0.6296875 0.2109375 0.05859375
0 0.60546875 0.6296875 0.2109375 0.05859375
7 0.60546875 0.72578125 0.2109375 0.115625
4 0.85234375 0.509375 0.21171875 0.1421875
0 0.85234375 0.509375 0.21171875 0.1421875
2 0.85234375 0.615625 0.21171875 0.0296875
0 0.85234375 0.615625 0.21171875 0.0296875
7 0.85234375 0.6828125 0.21171875 0.0875
2 0.5 0.9359375 0.1546875 0.0296875
4 0.1453125 0.996875 0.225 0.00625
0 0.1453125 0.996875 0.225 0.00625
4 0.3875 0.996875 0.225 0.00625
0 0.3875 0.996875 0.225 0.00625
4 0.6125 0.996875 0.225 0.00625
0 0.6125 0.996875 0.225 0.00625
4 0.8546875 0.996875 0.225 0.00625
0 0.8546875 0.996875 0.225 0.00625