7 0.471875 0.9484375 0.90546875 0.01953125
6 0.07890625 0.97578125 0.11796875 0.01953125
7 0.3078125 0.97578125 0.340625 0.01953125
0 0.0921875 0.02578125 0.115625 0.0515625
0 0.203125 0.02578125 0.1 0.0515625
0 0.303125 0.02578125 0.096875 0.0515625
0 0.41328125 0.02578125 0.1171875 0.0515625
0 0.8390625 0.02578125 0.04375 0.0515625
0 0.88671875 0.02578125 0.0453125 0.0515625
0 0.9328125 0.02578125 0.04375 0.0515625
0 0.44375 0.13046875 0.1890625 0.08046875
0 0.57890625 0.13046875 0.08125 0.08046875
0 0.6703125 0.13046875 0.10234375 0.08046875
0 0.78046875 0.13046875 0.1171875 0.08046875
7 0.1046875 0.22734375 0.0390625 0.02734375
6 0.24296875 0.22734375 0.2375 0.02734375
7 0.4734375 0.22734375 0.225 0.02734375
6 0.62734375 0.22734375 0.0828125 0.02734375
7 0.67109375 0.22734375 0.00390625 0.02734375
2 0.3421875 0.396875 0.60234375 0.0703125
7 0.3421875 0.484375 0.60234375 0.078125
0 0.13984375 0.58984375 0.1984375 0.0546875
7 0.82265625 0.45078125 0.2625 0.125
0 0.75546875 0.5609375 0.128125 0.053125
5 0.8046875 0.69609375 0.2265625 0.03515625
1 0.79609375 0.74609375 0.209375 0.04453125
4 0.94609375 0.7453125 0.0546875 0.02734375
2 0.5 0.93125 0.91796875 0.040625
0 0.2625 0.98515625 0.44375 0.0296875
0 0.7359375 0.98515625 0.44375 0.0296875