4 0.5 0.02734375 0.09375 0.03359375
4 0.96640625 0.03203125 0.02421875 0.021875
0 0.96875 0.0328125 0.0625 0.065625
2 0.33828125 0.30703125 0.64765625 0.2265625
7 0.33828125 0.5015625 0.64765625 0.1109375
7 0.11953125 0.6125 0.21015625 0.0609375
0 0.11953125 0.603125 0.21015625 0.09375
4 0.1234375 0.6234375 0.184375 0.01796875
2 0.30625 0.8421875 0.5828125 0.0640625
4 0.1671875 0.95625 0.3046875 0.0875
0 0.1671875 0.95625 0.3046875 0.0875
4 0.5 0.95625 0.3046875 0.0875
0 0.5 0.95625 0.3046875 0.0875
4 0.8328125 0.95625 0.3046875 0.0875
0 0.8328125 0.95625 0.3046875 0.0875
6 0.903125 0.85078125 0.16484375 0.021875
7 0.37578125 0.90234375 0.6890625 0.10703125
6 0.36796875 0.9546875 0.67265625 0.05859375
7 0.0875 0.96953125 0.0328125 0.0296875
6 0.16484375 0.96953125 0.1203125 0.0296875
7 0.2265625 0.96953125 0.00390625 0.0296875
0 0.853125 0.915625 0.1296875 0.05703125