4 0.10625 0.05859375 0.19375 0.06484375
0 0.10625 0.05859375 0.19375 0.06484375
0 0.515625 0.05859375 0.103125 0.06484375
0 0.60859375 0.05859375 0.04296875 0.06484375
0 0.68046875 0.05859375 0.0625 0.06484375
0 0.76328125 0.05859375 0.06328125 0.06484375
0 0.90703125 0.05859375 0.165625 0.06484375
2 0.290625 0.321875 0.5625 0.1484375
7 0.28984375 0.4984375 0.5609375 0.10703125
7 0.37421875 0.53359375 0.08125 0.04140625
7 0.41796875 0.53359375 0.00625 0.04140625
7 0.290625 0.60390625 0.5625 0.03671875
7 0.30546875 0.67421875 0.5328125 0.03671875
7 0.30546875 0.73359375 0.5328125 0.071875
7 0.30546875 0.79296875 0.5328125 0.03671875
7 0.30546875 0.834375 0.5328125 0.03671875
2 0.7921875 0.30703125 0.33515625 0.0390625
1 0.7921875 0.4140625 0.33515625 0.05703125
1 0.7921875 0.490625 0.33515625 0.05703125
1 0.7921875 0.56796875 0.33515625 0.05703125
0 0.66171875 0.61875 0.0734375 0.0390625
1 0.7921875 0.70703125 0.33515625 0.06484375