7 0.47109375 0.028125 0.89921875 0.05625
6 0.03359375 0.0828125 0.0359375 0.0296875
6 0.0953125 0.0828125 0.040625 0.0296875
6 0.15546875 0.0828125 0.0328125 0.0296875
6 0.2203125 0.0828125 0.053125 0.0296875
6 0.29609375 0.0828125 0.05078125 0.0296875
6 0.371875 0.0828125 0.05546875 0.0296875
6 0.43046875 0.0828125 0.0171875 0.0296875
6 0.87578125 0.084375 0.05 0.0296875
7 0.96484375 0.0828125 0.01171875 0.0328125
4 0.07109375 0.16171875 0.1125 0.05234375
0 0.2046875 0.18046875 0.0703125 0.0328125
6 0.315625 0.18046875 0.075 0.0328125
1 0.78984375 0.16171875 0.390625 0.05234375
4 0.5 0.4609375 0.95703125 0.4296875
0 0.5 0.4609375 0.95703125 0.4296875
4 0.884375 0.63203125 0.009375 0.0140625
4 0.9 0.63203125 0.009375 0.0140625
4 0.915625 0.63203125 0.009375 0.0140625
4 0.93125 0.63203125 0.009375 0.0140625
7 0.078125 0.69609375 0.09375 0.02734375
6 0.56640625 0.69609375 0.8671875 0.02734375
4 0.25625 0.8703125 0.46875 0.259375
0 0.25625 0.8703125 0.46875 0.259375
4 0.74375 0.8703125 0.46875 0.259375
0 0.74375 0.8703125 0.46875 0.259375
3 0.91953125 0.96484375 0.1609375 0.0703125