4 0.5 0.0953125 0.1734375 0.07265625
0 0.5 0.0953125 0.1734375 0.07265625
7 0.0953125 0.1625 0.1625 0.0390625
6 0.2234375 0.1625 0.0953125 0.0390625
6 0.38671875 0.1625 0.09765625 0.0390625
6 0.54375 0.1625 0.08984375 0.0390625
6 0.7203125 0.1625 0.11875 0.0390625
6 0.884375 0.1625 0.121875 0.0390625
4 0.325 0.39296875 0.65 0.38828125
0 0.325 0.49921875 0.65 0.1421875
0 0.825 0.26640625 0.32109375 0.0875
0 0.825 0.3953125 0.32109375 0.05859375
0 0.825 0.52421875 0.32109375 0.0875
3 0.5 0.67265625 0.946875 0.11875
2 0.125 0.83046875 0.2109375 0.02890625
7 0.125 0.8953125 0.2109375 0.02734375
6 0.10703125 0.9578125 0.175 0.071875
7 0.625 0.83125 0.7109375 0.0296875
4 0.625 0.94140625 0.7109375 0.1171875