4 0.5015625 0.5 0.996875 1
2 0.50078125 0.4234375 0.59375 0.06640625
7 0.5015625 0.49609375 0.16875 0.03125
0 0.4171875 0.5984375 0.12421875 0.0796875
0 0.5671875 0.59921875 0.1546875 0.08125
2 0.503125 0.21640625 0.09921875 0.0875
4 0.5 0.1875 0.11796875 0.19296875
0 0.2546875 0.034375 0.04453125 0.04921875
0 0.31640625 0.03359375 0.06953125 0.05234375
0 0.39375 0.03359375 0.06640625 0.05390625
0 0.4890625 0.03359375 0.10546875 0.05703125
0 0.578125 0.03359375 0.0609375 0.0578125
0 0.6484375 0.03515625 0.06640625 0.0609375
0 0.7265625 0.034375 0.0796875 0.059375