2 0.12421875 0.0921875 0.20234375 0.0625
0 0.271875 0.10390625 0.04609375 0.03125
0 0.35234375 0.10390625 0.0671875 0.03125
0 0.43359375 0.10390625 0.0484375 0.03125
7 0.5015625 0.103125 0.040625 0.025
0 0.50859375 0.1046875 0.0546875 0.02734375
4 0.53203125 0.10078125 0.00859375 0.01171875
7 0.56953125 0.0296875 0.109375 0.01796875
0 0.5765625 0.028125 0.12421875 0.0296875
4 0.63359375 0.02890625 0.0109375 0.01328125
7 0.690625 0.0296875 0.08203125 0.01796875
0 0.69765625 0.028125 0.096875 0.0296875
4 0.740625 0.02890625 0.0109375 0.01328125
0 0.809375 0.02890625 0.1046875 0.03125
0 0.925 0.02890625 0.10546875 0.03125
4 0.7125 0.09296875 0.015625 0.021875
1 0.8375 0.0921875 0.27734375 0.03671875
4 0.9625 0.09453125 0.015625 0.021875
0 0.9625 0.096875 0.02734375 0.0296875
4 0.1953125 0.3484375 0.34375 0.30625
7 0.71875 0.20859375 0.515625 0.02578125
2 0.71875 0.2609375 0.515625 0.04296875
7 0.71875 0.328125 0.515625 0.04453125
7 0.575 0.41484375 0.12578125 0.025
0 0.575 0.415625 0.22734375 0.06796875
2 0.13125 0.64140625 0.21484375 0.08203125
7 0.13125 0.77265625 0.21484375 0.18359375
7 0.096875 0.88125 0.146875 0.0296875
4 0.3765625 0.67890625 0.05859375 0.0796875
7 0.3765625 0.7921875 0.16796875 0.071875
7 0.3765625 0.85234375 0.1546875 0.0296875
0 0.3765625 0.853125 0.16796875 0.03671875
4 0.6234375 0.67890625 0.05859375 0.0796875
7 0.6234375 0.7921875 0.16796875 0.071875
7 0.6234375 0.85234375 0.0921875 0.0296875
0 0.6234375 0.853125 0.16796875 0.03671875
4 0.86875 0.67890625 0.05859375 0.0796875
7 0.86875 0.7921875 0.16796875 0.071875
7 0.86875 0.85234375 0.1546875 0.0296875
0 0.86875 0.853125 0.16796875 0.03671875
7 0.5 0.98125 0.953125 0.0375
0 0.82890625 0.98515625 0.2453125 0.0296875