0 0.1390625 0.0515625 0.121875 0.0328125
0 0.51875 0.0515625 0.0390625 0.0328125
0 0.5984375 0.0515625 0.07421875 0.0328125
0 0.67734375 0.0515625 0.0359375 0.0328125
0 0.7375 0.0515625 0.0375 0.0328125
0 0.853125 0.05234375 0.13671875 0.05234375
2 0.25859375 0.38828125 0.3171875 0.41640625
2 0.2453125 0.47109375 0.290625 0.1015625
2 0.28125 0.5546875 0.36328125 0.1015625
7 0.290625 0.67421875 0.38203125 0.07265625
0 0.21015625 0.8125 0.20234375 0.08359375
4 0.36015625 0.8125 0.028125 0.03671875
0 0.36015625 0.8125 0.059375 0.078125
4 0.428125 0.8125 0.02421875 0.03125
0 0.428125 0.8125 0.059375 0.078125
0 0.68984375 0.30703125 0.14375 0.06484375
4 0.690625 0.3078125 0.38125 0.38125
2 0.5 0.9984375 0.8140625 0.00234375
7 0.05625 0.22734375 0.06640625 0.05625
0 0.0234375 0.2359375 0.046875 0.07421875
4 0.0234375 0.23125 0.03125 0.04296875
7 0.03046875 0.29375 0.0359375 0.084375
7 0.02265625 0.26171875 0.0203125 0.015625
7 0.04765625 0.3140625 0.0484375 0.08359375
0 0.0234375 0.30390625 0.046875 0.0640625
4 0.0234375 0.30390625 0.03125 0.04296875
7 0.04296875 0.3765625 0.0390625 0.08359375
0 0.0234375 0.36640625 0.046875 0.0640625
4 0.0234375 0.36640625 0.03125 0.04296875
7 0.04296875 0.4390625 0.0390625 0.08359375
0 0.0234375 0.42890625 0.046875 0.0640625
4 0.0234375 0.42890625 0.03125 0.04296875
7 0.05078125 0.51484375 0.0546875 0.1109375
0 0.0234375 0.496875 0.046875 0.07421875
4 0.0234375 0.49140625 0.03125 0.04296875
7 0.0296875 0.55390625 0.0359375 0.084375
7 0.02265625 0.521875 0.02265625 0.015625