4 0.50078125 0.0484375 0.62109375 0.08828125
4 0.34453125 0.2359375 0.3078125 0.278125
2 0.38828125 0.04609375 0.18203125 0.04453125
7 0.5421875 0.04765625 0.11015625 0.03125
0 0.62578125 0.046875 0.0296875 0.025
0 0.6640625 0.04765625 0.04609375 0.02265625
0 0.7046875 0.0484375 0.034375 0.021875
0 0.73125 0.0484375 0.01796875 0.021875
0 0.759375 0.04921875 0.0359375 0.02265625
0 0.7921875 0.04921875 0.03125 0.02109375
2 0.2671875 0.40078125 0.14140625 0.03984375
2 0.615625 0.40390625 0.21953125 0.0359375
4 0.26875 0.55546875 0.13984375 0.22109375
4 0.25859375 0.76875 0.109375 0.1765625
4 0.38125 0.76875 0.11015625 0.1765625
4 0.25703125 0.9375 0.1109375 0.125
4 0.36640625 0.9375 0.08359375 0.125
7 0.3828125 0.453125 0.08125 0.02890625
7 0.38359375 0.4859375 0.0828125 0.02734375
7 0.73984375 0.134375 0.10390625 0.03828125
7 0.73984375 0.18046875 0.115625 0.03515625
2 0.74140625 0.2140625 0.071875 0.0359375
4 0.646875 0.171875 0.05859375 0.1140625
7 0.7109375 0.2546875 0.19453125 0.0203125
6 0.63984375 0.46328125 0.10703125 0.02265625
7 0.690625 0.5015625 0.2109375 0.11171875
7 0.6578125 0.60234375 0.14453125 0.05234375
7 0.65625 0.6734375 0.14140625 0.04453125
7 0.653125 0.74453125 0.13671875 0.04765625
7 0.65546875 0.8203125 0.1390625 0.0515625
7 0.6859375 0.89375 0.1984375 0.05078125
7 0.6953125 0.96953125 0.2203125 0.0609375
6 0.6421875 0.58828125 0.109375 0.0203125
6 0.64296875 0.66171875 0.1109375 0.01796875
6 0.62109375 0.73203125 0.071875 0.021875
6 0.625 0.803125 0.0796875 0.01875
6 0.65546875 0.878125 0.13828125 0.021875
6 0.69140625 0.9515625 0.20625 0.0203125
6 0.64609375 0.9734375 0.1125 0.02578125
7 0.55234375 0.58828125 0.0546875 0.01875
7 0.55625 0.66015625 0.04609375 0.02265625
7 0.55625 0.7328125 0.05 0.02578125
7 0.5515625 0.80625 0.059375 0.01796875
7 0.55625 0.878125 0.04453125 0.01953125
7 0.55234375 0.9484375 0.05234375 0.021875