7 0.5 0.02734375 0.75 0.03359375
0 0.9828125 0.01953125 0.0265625 0.03671875
6 0.5 0.071875 0.08203125 0.02578125
4 0.059375 0.14453125 0.071875 0.03125
0 0.059375 0.1421875 0.071875 0.07265625
7 0.1203125 0.1421875 0.0375 0.03515625
7 0.24375 0.13828125 0.096875 0.02578125
0 0.24375 0.13828125 0.11640625 0.05234375
7 0.05390625 0.225 0.06171875 0.08359375
6 0.1609375 0.22421875 0.08203125 0.0625
6 0.25234375 0.22421875 0.03046875 0.0625
6 0.31640625 0.22421875 0.02734375 0.0625
6 0.4328125 0.22421875 0.1359375 0.0625
6 0.56171875 0.22421875 0.0515625 0.0625
7 0.665625 0.140625 0.1328125 0.02578125
7 0.80546875 0.140625 0.0515625 0.02578125
0 0.93046875 0.14140625 0.12109375 0.05859375
2 0.35078125 0.5296875 0.328125 0.26171875
7 0.33671875 0.7703125 0.30078125 0.165625
7 0.24609375 0.9359375 0.071875 0.02734375
0 0.24609375 0.9359375 0.11875 0.0703125
4 0.7375 0.48125 0.096875 0.04296875
7 0.59453125 0.57734375 0.03046875 0.02734375