4 0.03515625 0.04140625 0.0234375 0.03125
0 0.03515625 0.04140625 0.046875 0.0625
7 0.190625 0.0421875 0.1125 0.0328125
0 0.1546875 0.04453125 0.184375 0.03125
4 0.85546875 0.04140625 0.0234375 0.03125
0 0.85546875 0.04140625 0.0390625 0.05234375
0 0.93359375 0.04140625 0.09375 0.046875
7 0.5 0.16953125 0.8203125 0.046875
7 0.5 0.21875 0.8203125 0.03125
7 0.53125 0.2828125 0.7578125 0.02578125
0 0.17421875 0.30859375 0.04375 0.02578125
7 0.44375 0.30859375 0.49609375 0.02109375
7 0.42890625 0.40625 0.62890625 0.03125
7 0.5 0.43984375 0.771875 0.02578125
7 0.43203125 0.5328125 0.6359375 0.03125
7 0.5 0.56640625 0.771875 0.02578125
0 0.5 0.921875 0.26171875 0.02578125
7 0.2953125 0.99453125 0.3640625 0.01015625
6 0.5734375 0.99453125 0.19375 0.01015625