2 0.08203125 0.0453125 0.0640625 0.0390625
0 0.08125 0.0453125 0.09375 0.090625
0 0.2015625 0.0453125 0.146875 0.090625
0 0.30390625 0.0453125 0.0609375 0.090625
0 0.36328125 0.0453125 0.0609375 0.090625
0 0.4375 0.0453125 0.090625 0.090625
0 0.9046875 0.0453125 0.090625 0.090625
7 0.771875 0.0484375 0.07421875 0.02578125
0 0.78046875 0.0484375 0.1296875 0.05859375
2 0.084375 0.21171875 0.06875 0.0640625
2 0.184375 0.21171875 0.13359375 0.0640625
2 0.28828125 0.21171875 0.0765625 0.0640625
2 0.35234375 0.2953125 0.6046875 0.09140625
2 0.378125 0.36875 0.65703125 0.09140625
7 0.42890625 0.84921875 0.03828125 0.02890625
7 0.47578125 0.84921875 0.059375 0.02890625
7 0.525 0.84921875 0.03828125 0.02890625
4 0.6546875 0.7453125 0.590625 0.509375
2 0.190625 0.6296875 0.28125 0.0328125
7 0.190625 0.75 0.28125 0.16171875
0 0.14375 0.89140625 0.18828125 0.07421875
0 0.10703125 0.9640625 0.1140625 0.071875
7 0.39296875 0.90859375 0.68671875 0.0546875
6 0.6796875 0.921875 0.09765625 0.02890625
7 0.41328125 0.93515625 0.7265625 0.0546875
0 0.8875 0.91328125 0.12578125 0.0609375