4 0.5 0.040625 0.1078125 0.0546875
0 0.5 0.040625 0.1078125 0.0546875
2 0.284375 0.25078125 0.19453125 0.0375
4 0.5 0.55078125 0.6265625 0.46875
2 0.5 0.646875 0.5078125 0.11171875
0 0.5 0.646875 0.5078125 0.11171875
0 0.5 0.7328125 0.5078125 0.03125
4 0.33359375 0.9109375 0.2953125 0.178125
0 0.33359375 0.91171875 0.2953125 0.1765625
3 0.665625 0.9234375 0.29296875 0.15234375
4 0.0328125 0.85625 0.0296875 0.040625
4 0.0328125 0.5796875 0.0296875 0.040625
0 0.0328125 0.5796875 0.046875 0.0640625
4 0.0328125 0.64921875 0.0296875 0.040625
0 0.0328125 0.64921875 0.046875 0.0640625
4 0.0328125 0.71796875 0.0296875 0.040625
0 0.0328125 0.71796875 0.046875 0.0640625
4 0.0328125 0.7875 0.0296875 0.040625
0 0.0328125 0.7875 0.046875 0.0640625