4 0.059375 0.040625 0.08671875 0.04921875
0 0.065625 0.0390625 0.10078125 0.078125
7 0.20546875 0.03828125 0.10078125 0.01953125
0 0.20546875 0.0390625 0.1203125 0.078125
7 0.296875 0.03828125 0.04296875 0.01953125
0 0.296875 0.0390625 0.0625 0.078125
7 0.38828125 0.03828125 0.10078125 0.01953125
0 0.38828125 0.0390625 0.1203125 0.078125
7 0.49921875 0.03828125 0.08203125 0.01953125
0 0.49921875 0.0390625 0.1015625 0.078125
7 0.78046875 0.115625 0.0453125 0.02109375
0 0.78046875 0.115625 0.06875 0.05703125
7 0.809375 0.19375 0.1015625 0.02109375
0 0.809375 0.19375 0.1265625 0.06015625
4 0.85546875 0.275 0.0234375 0.0234375
0 0.85546875 0.2734375 0.0234375 0.078125
7 0.890625 0.27265625 0.0078125 0.01953125
0 0.890625 0.2734375 0.0078125 0.078125
7 0.83359375 0.35 0.096875 0.02109375
0 0.83359375 0.35 0.121875 0.06015625
7 0.96484375 0.0390625 0.0390625 0.078125
2 0.5 0.15 0.56640625 0.040625
2 0.5 0.1890625 0.56640625 0.02578125
4 0.4234375 0.2796875 0.0390625 0.05234375
2 0.4234375 0.3296875 0.12109375 0.02578125
4 0.4234375 0.35546875 0.12109375 0.00546875
4 0.5765625 0.2796875 0.0390625 0.05234375
2 0.5765625 0.3296875 0.1015625 0.02578125
1 0.509375 0.43828125 0.32421875 0.02734375
7 0.39921875 0.5296875 0.103125 0.02734375
7 0.39921875 0.553125 0.103125 0.0234375
7 0.6203125 0.5296875 0.103125 0.02734375
7 0.6203125 0.553125 0.103125 0.0234375
7 0.37421875 0.63046875 0.05390625 0.0234375
7 0.43046875 0.6546875 0.165625 0.0234375
7 0.64609375 0.63125 0.07109375 0.0328125
0 0.64609375 0.63125 0.14921875 0.06484375
7 0.51171875 0.82265625 0.13671875 0.02109375
0 0.5 0.821875 0.17578125 0.046875
4 0.065625 0.9609375 0.0390625 0.05234375
7 0.4796875 0.95 0.7609375 0.0328125
0 0.8046875 0.9609375 0.1953125 0.05234375