2 0.33203125 0.1765625 0.325 0.121875
2 0.30859375 0.26953125 0.278125 0.05390625
2 0.25859375 0.43515625 0.15078125 0.03046875
7 0.40078125 0.51796875 0.43515625 0.075
4 0.40859375 0.78984375 0.44765625 0.4203125
4 0.76875 0.18359375 0.0703125 0.10078125
3 0.740625 0.6265625 0.15234375 0.2265625
1 0.71015625 0.48203125 0.09375 0.02421875
5 0.678125 0.4578125 0.03203125 0.01484375
0 0.7765625 0.48046875 0.03515625 0.025
2 0.68984375 0.77421875 0.0515625 0.01875
7 0.69140625 0.81640625 0.05625 0.0609375
2 0.6953125 0.875 0.06875 0.0171875
7 0.73359375 0.940625 0.1265625 0.11875
0 0.20859375 0.31640625 0.0515625 0.0296875
0 0.26328125 0.3171875 0.0484375 0.03125
0 0.334375 0.31875 0.08046875 0.03203125
0 0.4171875 0.31875 0.07109375 0.02890625
0 0.4953125 0.31953125 0.06953125 0.0328125
0 0.5765625 0.31796875 0.07734375 0.03046875
0 0.6375 0.3171875 0.03203125 0.0328125
0 0.68203125 0.3171875 0.04453125 0.0328125
0 0.75234375 0.31796875 0.08203125 0.03046875
0 0.2 0.36171875 0.03203125 0.0234375
0 0.24921875 0.36171875 0.0546875 0.0265625
0 0.31484375 0.36328125 0.065625 0.03125
5 0.2578125 0.46484375 0.1453125 0.0203125