7 0.46171875 0.0375 0.4140625 0.0234375
7 0.7078125 0.0375 0.07421875 0.0234375
0 0.7078125 0.0375 0.07421875 0.0234375
4 0.05390625 0.12734375 0.0296875 0.04140625
0 0.05390625 0.12734375 0.0296875 0.10390625
4 0.4671875 0.12734375 0.00859375 0.0078125
0 0.45625 0.12734375 0.05390625 0.0546875
7 0.546875 0.12734375 0.103125 0.0234375
0 0.546875 0.12734375 0.1265625 0.0546875
7 0.684375 0.12734375 0.12421875 0.0234375
0 0.684375 0.12734375 0.14765625 0.0546875
7 0.784375 0.12734375 0.0296875 0.0234375
0 0.784375 0.12734375 0.053125 0.0546875
7 0.8421875 0.12734375 0.0390625 0.0234375
0 0.8421875 0.12734375 0.0625 0.0546875
7 0.92109375 0.1265625 0.046875 0.025
0 0.92109375 0.12734375 0.0796875 0.0546875
7 0.0890625 0.23359375 0.10078125 0.02734375
7 0.20625 0.23359375 0.08671875 0.02734375
7 0.3421875 0.2390625 0.1375 0.03515625
0 0.3625 0.2390625 0.178125 0.03515625
7 0.43515625 0.23515625 0.02265625 0.025
7 0.17109375 0.3109375 0.21796875 0.02109375
1 0.17109375 0.33359375 0.21796875 0.0234375
7 0.434375 0.3109375 0.21796875 0.02109375
0 0.434375 0.32265625 0.26484375 0.09140625
7 0.434375 0.33359375 0.21796875 0.0234375
7 0.696875 0.3109375 0.21796875 0.02109375
0 0.696875 0.32265625 0.26484375 0.09140625
7 0.696875 0.33359375 0.21796875 0.0234375
7 0.90390625 0.32265625 0.04375 0.0234375
0 0.8953125 0.32265625 0.10859375 0.06015625
2 0.27421875 0.49765625 0.46953125 0.1171875
7 0.071875 0.646875 0.034375 0.02578125
0 0.18671875 0.8015625 0.2953125 0.38125
7 0.13359375 0.90390625 0.15703125 0.03125
7 0.1828125 0.946875 0.25625 0.0484375
7 0.38203125 0.646875 0.03515625 0.02578125
0 0.496875 0.8015625 0.29609375 0.38125
7 0.4265625 0.90390625 0.12421875 0.03125
7 0.478125 0.946875 0.228125 0.0484375
7 0.73828125 0.90390625 0.1265625 0.03125
0 0.80703125 0.8015625 0.29609375 0.38125
7 0.796875 0.9359375 0.24375 0.025