7 0.2984375 0.86796875 0.52421875 0.134375
6 0.34765625 0.92265625 0.275 0.025
7 0.275 0.9359375 0.478125 0.05234375
0 0.70859375 0.88203125 0.16484375 0.05859375
0 0.88125 0.88203125 0.1640625 0.05859375
7 0.459375 0.0375 0.59375 0.0234375
7 0.79765625 0.0375 0.0796875 0.0234375
0 0.79765625 0.0375 0.0796875 0.0234375
4 0.05390625 0.12734375 0.0296875 0.04140625
0 0.05390625 0.12734375 0.0296875 0.10390625
4 0.2703125 0.12734375 0.00859375 0.0078125
0 0.259375 0.12734375 0.05390625 0.0546875
7 0.3625 0.12734375 0.1296875 0.0234375
0 0.3625 0.12734375 0.153125 0.0546875
7 0.53828125 0.12734375 0.175 0.0234375
0 0.53828125 0.12734375 0.1984375 0.0546875
7 0.67734375 0.12734375 0.05546875 0.0234375
0 0.67734375 0.12734375 0.07890625 0.0546875
7 0.7484375 0.12734375 0.03984375 0.0234375
0 0.7484375 0.12734375 0.06328125 0.0546875
7 0.87421875 0.1265625 0.13984375 0.025
0 0.87421875 0.12734375 0.17265625 0.0546875
7 0.06328125 0.23359375 0.0484375 0.02734375
7 0.159375 0.23359375 0.0953125 0.02734375
7 0.309375 0.2390625 0.1578125 0.03515625
0 0.34296875 0.2390625 0.225 0.03515625
7 0.42578125 0.23515625 0.0484375 0.025
7 0.17109375 0.3109375 0.2171875 0.02109375
1 0.17109375 0.33359375 0.2171875 0.0234375
7 0.4328125 0.3109375 0.2171875 0.02109375
0 0.4328125 0.32265625 0.2640625 0.09140625
7 0.4328125 0.33359375 0.2171875 0.0234375
7 0.69453125 0.3109375 0.2171875 0.02109375
0 0.69453125 0.32265625 0.2640625 0.09140625
7 0.69453125 0.33359375 0.2171875 0.0234375
7 0.90234375 0.32265625 0.046875 0.0234375
0 0.89375 0.32265625 0.1109375 0.06015625
2 0.29140625 0.49765625 0.5046875 0.1171875
7 0.08515625 0.646875 0.0609375 0.02578125
0 0.18671875 0.80546875 0.2953125 0.3890625
7 0.146875 0.90390625 0.184375 0.03125
7 0.18046875 0.946875 0.25078125 0.0484375
7 0.3953125 0.646875 0.06171875 0.02578125
0 0.496875 0.80546875 0.29609375 0.3890625
7 0.47109375 0.90390625 0.2140625 0.03125
7 0.48984375 0.959375 0.25078125 0.071875
7 0.71171875 0.90390625 0.07421875 0.03125
0 0.80703125 0.80546875 0.29609375 0.3890625
7 0.803125 0.9359375 0.25703125 0.025