4 0.1109375 0.06484375 0.16015625 0.046875
0 0.1109375 0.0671875 0.16015625 0.134375
0 0.4703125 0.0671875 0.05 0.025
0 0.54609375 0.0671875 0.040625 0.025
0 0.628125 0.0671875 0.06328125 0.025
0 0.7171875 0.0671875 0.05390625 0.025
0 0.79609375 0.0671875 0.04296875 0.025
0 0.86875 0.0671875 0.04296875 0.025
0 0.94453125 0.0671875 0.04765625 0.025
2 0.265625 0.28828125 0.46875 0.071875
2 0.265625 0.4125 0.46875 0.13828125
1 0.15 0.553125 0.23828125 0.0609375
2 0.33984375 0.553125 0.0953125 0.0375
0 0.33984375 0.553125 0.1265625 0.0609375
7 0.0984375 0.61328125 0.13359375 0.02890625
0 0.18515625 0.61640625 0.03984375 0.03515625
4 0.73828125 0.43828125 0.4609375 0.52734375
4 0.5 0.834375 1 0.06015625
4 0.48984375 0.93671875 0.93828125 0.1265625
4 0.5 0.94375 0.9375 0.11171875