4 0.059375 0.0328125 0.071875 0.03125
0 0.13984375 0.03203125 0.2328125 0.04296875
7 0.178125 0.03203125 0.15625 0.03515625
1 0.68671875 0.03125 0.1953125 0.046875
0 0.8546875 0.03125 0.11015625 0.046875
0 0.9546875 0.03125 0.05859375 0.046875
0 0.0984375 0.16171875 0.0328125 0.03125
0 0.165625 0.16171875 0.05 0.03125
0 0.275 0.16171875 0.11796875 0.03125
0 0.4046875 0.16171875 0.090625 0.03125
7 0.1234375 0.21328125 0.05078125 0.02109375
0 0.1234375 0.21640625 0.05078125 0.02578125
7 0.121875 0.24453125 0.04765625 0.02109375
0 0.5078125 0.24453125 0.8203125 0.03125
7 0.1234375 0.27578125 0.028125 0.02109375
0 0.5140625 0.27578125 0.80859375 0.03125
7 0.121875 0.30703125 0.025 0.02109375
0 0.5140625 0.30703125 0.80859375 0.03125
7 0.13203125 0.33828125 0.0453125 0.02109375
0 0.5140625 0.33828125 0.80859375 0.03125
7 0.5 0.4375 0.8359375 0.0625
7 0.5 0.50546875 0.8359375 0.03125
2 0.5 0.60390625 0.8359375 0.04140625
7 0.49375 0.68671875 0.82421875 0.05625
7 0.48125 0.71796875 0.7984375 0.05859375
7 0.24609375 0.73359375 0.1796875 0.025
7 0.4859375 0.8015625 0.8078125 0.05625
6 0.69296875 0.8171875 0.03984375 0.025
7 0.7296875 0.8171875 0.034375 0.025
6 0.7921875 0.8171875 0.090625 0.025
7 0.4890625 0.8328125 0.8140625 0.05625
2 0.5 0.92421875 0.8359375 0.03671875
7 0.5 0.97890625 0.8359375 0.03125