4 0.5 0.50078125 1 0.9984375
4 0.42890625 0.41796875 0.375 0.42734375
4 0.690625 0.26953125 0.10703125 0.12109375
7 0.43203125 0.61953125 0.32109375 0.02109375
7 0.6890625 0.42265625 0.07421875 0.05625
7 0.69140625 0.5125 0.07109375 0.07734375
0 0.26796875 0.15859375 0.08828125 0.03203125
0 0.36171875 0.159375 0.08828125 0.03046875
0 0.45390625 0.16015625 0.0875 0.0328125
0 0.5453125 0.159375 0.08671875 0.02734375
0 0.63828125 0.1578125 0.0859375 0.03046875
0 0.73125 0.15859375 0.0875 0.03203125
7 0.69296875 0.6625 0.13515625 0.03125
7 0.3765625 0.740625 0.15703125 0.0640625
6 0.64296875 0.18671875 0.05078125 0.02265625
7 0.3859375 0.79921875 0.0546875 0.0234375
7 0.37421875 0.846875 0.065625 0.02265625
7 0.3546875 0.88828125 0.09609375 0.02578125
7 0.3796875 0.94609375 0.175 0.0484375