4 0.5 0.5 1 1
2 0.53359375 0.078125 0.26171875 0.05546875
2 0.53671875 0.515625 0.20703125 0.05546875
4 0.53203125 0.80078125 0.3921875 0.3984375
4 0.43359375 0.3296875 0.1984375 0.22578125
4 0.64140625 0.33046875 0.1859375 0.22265625
7 0.53046875 0.15859375 0.55703125 0.0703125
7 0.45078125 0.4578125 0.21171875 0.02265625
7 0.68515625 0.4578125 0.071875 0.01953125
7 0.53359375 0.57578125 0.23125 0.02890625
0 0.03828125 0.0734375 0.0703125 0.03203125
0 0.04375 0.1078125 0.08046875 0.03203125
0 0.05546875 0.13984375 0.10625 0.0328125
0 0.0546875 0.175 0.10546875 0.03359375
0 0.0546875 0.20625 0.10234375 0.03046875
0 0.0546875 0.24296875 0.10546875 0.034375