4 0.12421875 0.1078125 0.0375 0.0640625
0 0.1171875 0.021875 0.0125 0.0265625
2 0.1625 0.02578125 0.05625 0.034375
2 0.12421875 0.17109375 0.07109375 0.05859375
7 0.21796875 0.12890625 0.11328125 0.02734375
0 0.696875 0.025 0.0859375 0.04609375
0 0.78203125 0.025 0.06953125 0.04921875
0 0.86171875 0.021875 0.0703125 0.04375
0 0.86171875 0.11015625 0.09609375 0.04296875
0 0.85234375 0.1578125 0.1078125 0.03515625
1 0.60078125 0.10625 0.1203125 0.0484375
1 0.7390625 0.10703125 0.121875 0.0453125
0 0.11328125 0.2671875 0.0515625 0.05
0 0.1734375 0.26875 0.0640625 0.0390625
0 0.271875 0.27421875 0.121875 0.046875
0 0.371875 0.26953125 0.05546875 0.04921875
0 0.45859375 0.27421875 0.10625 0.04609375
0 0.57421875 0.27265625 0.1171875 0.04296875
2 0.265625 0.515625 0.384375 0.22265625
7 0.2765625 0.73125 0.38671875 0.146875
0 0.14375 0.88671875 0.11796875 0.0484375
0 0.72265625 0.634375 0.44453125 0.6421875