2 0.2375 0.053125 0.16875 0.05078125
7 0.6859375 0.2859375 0.246875 0.0671875
5 0.75625 0.334375 0.103125 0.02109375
2 0.21640625 0.54453125 0.1015625 0.0265625
2 0.51640625 0.5453125 0.18046875 0.03203125
4 0.28046875 0.6203125 0.2234375 0.07578125
4 0.4671875 0.65390625 0.0796875 0.10078125
4 0.46796875 0.78046875 0.078125 0.09765625
4 0.46796875 0.909375 0.08125 0.0984375
4 0.796875 0.65546875 0.0828125 0.096875
4 0.796875 0.78125 0.08046875 0.09765625
4 0.79609375 0.90703125 0.08046875 0.09921875
0 0.79765625 0.64453125 0.021875 0.04140625
0 0.7984375 0.76953125 0.01875 0.0359375
0 0.68125 0.01171875 0.03125 0.0234375
0 0.71875 0.0125 0.03515625 0.02421875
0 0.76640625 0.0109375 0.046875 0.021875
0 0.81796875 0.0109375 0.04296875 0.021875
0 0.58984375 0.065625 0.1078125 0.03046875
0 0.70859375 0.06484375 0.11953125 0.03203125
0 0.80703125 0.06484375 0.06953125 0.0328125
0 0.38984375 0.5484375 0.01328125 0.01953125
0 0.8015625 0.54921875 0.06015625 0.025
2 0.5765625 0.61328125 0.13046875 0.02265625
2 0.58984375 0.7390625 0.1546875 0.0296875
2 0.5671875 0.8671875 0.11171875 0.01953125
2 0.56328125 0.98984375 0.103125 0.0203125
7 0.18828125 0.67890625 0.05390625 0.01796875
7 0.19375 0.765625 0.06484375 0.0171875
7 0.19140625 0.8515625 0.05859375 0.0140625
7 0.19140625 0.93828125 0.05859375 0.01796875
7 0.275 0.71796875 0.22578125 0.05390625
4 0.1671875 0.70078125 0.01171875 0.0171875
4 0.16796875 0.87265625 0.01015625 0.0171875
4 0.16796875 0.959375 0.00859375 0.01484375
4 0.16796875 0.7859375 0.00859375 0.01640625
7 0.27578125 0.8046875 0.23046875 0.05625
7 0.27734375 0.88984375 0.23203125 0.0546875
7 0.27578125 0.97421875 0.2296875 0.0515625
6 0.23359375 0.73515625 0.10625 0.02109375
6 0.25546875 0.82265625 0.10390625 0.01953125
6 0.21015625 0.90859375 0.09609375 0.01640625
6 0.271875 0.99296875 0.1 0.0140625
7 0.56171875 0.63828125 0.0921875 0.0171875
7 0.56953125 0.66171875 0.1078125 0.01875
7 0.625 0.69453125 0.2234375 0.0296875
7 0.55390625 0.765625 0.07734375 0.01640625
7 0.57109375 0.7890625 0.1125 0.01640625
7 0.6171875 0.821875 0.20859375 0.03203125
7 0.55546875 0.89140625 0.08125 0.015625
7 0.575 0.91484375 0.11875 0.015625
7 0.6078125 0.95 0.18984375 0.034375