4 0.115625 0.0390625 0.1171875 0.0640625
7 0.25859375 0.04375 0.15078125 0.04375
0 0.37890625 0.0390625 0.05390625 0.05390625
6 0.87578125 0.02421875 0.13203125 0.028125
7 0.8765625 0.0578125 0.1265625 0.03359375
2 0.18046875 0.3375 0.1703125 0.07109375
7 0.35390625 0.47421875 0.50859375 0.15078125
4 0.4984375 0.44296875 0.88828125 0.5796875
2 0.50234375 0.79296875 0.33515625 0.03828125
0 0.13671875 0.78984375 0.13359375 0.02578125
0 0.865625 0.790625 0.13203125 0.02578125
7 0.19375 0.8734375 0.07421875 0.040625
7 0.39765625 0.871875 0.0765625 0.03359375
7 0.62109375 0.875 0.0765625 0.040625
7 0.85546875 0.87421875 0.07890625 0.0390625
4 0.1125 0.87265625 0.06875 0.05
4 0.32421875 0.87265625 0.06015625 0.05234375
4 0.54375 0.87421875 0.06484375 0.0484375
4 0.76953125 0.8734375 0.07734375 0.04375
7 0.16171875 0.94296875 0.17265625 0.03984375
7 0.39296875 0.9625 0.1984375 0.075
7 0.59765625 0.93984375 0.17265625 0.0390625
7 0.82421875 0.94453125 0.1953125 0.04609375