7 0.65625 0.025 0.059375 0.05
6 0.73984375 0.025 0.090625 0.021875
0 0.82109375 0.02578125 0.040625 0.0234375
4 0.9171875 0.0265625 0.015625 0.021875
0 0.9171875 0.025 0.015625 0.021875
4 0.9484375 0.0265625 0.015625 0.021875
0 0.95625 0.025 0.03125 0.021875
7 0.13359375 0.10390625 0.1625 0.05234375
0 0.13359375 0.12734375 0.234375 0.09921875
7 0.13359375 0.14375 0.234375 0.01953125
4 0.784375 0.10390625 0.03125 0.04140625
0 0.784375 0.10234375 0.03125 0.025
7 0.8 0.08984375 0.01953125 0.02578125
7 0.6140625 0.1015625 0.0875 0.03359375
1 0.71015625 0.10546875 0.0390625 0.046875
1 0.41953125 0.10546875 0.2703125 0.04140625
0 0.3296875 0.14453125 0.12578125 0.02109375
0 0.43125 0.14453125 0.07734375 0.02109375
0 0.5109375 0.14453125 0.0828125 0.02109375
0 0.58203125 0.14453125 0.05859375 0.02109375
0 0.65625 0.14453125 0.08984375 0.02109375
0 0.76015625 0.14453125 0.11796875 0.02109375
0 0.5578125 0.2015625 0.0828125 0.05234375
0 0.63828125 0.2015625 0.03046875 0.05234375
0 0.7328125 0.2015625 0.1125 0.05234375
7 0.090625 0.20078125 0.06953125 0.05234375
0 0.153125 0.20078125 0.1953125 0.05234375
4 0.009375 0.428125 0.01875 0.3578125
4 0.36796875 0.428125 0.703125 0.3578125
4 0.85859375 0.428125 0.28203125 0.3578125
4 0.5421875 0.5875 0.009375 0.01328125
4 0.08671875 0.7203125 0.12421875 0.165625
0 0.08671875 0.7375 0.13984375 0.2203125
7 0.08671875 0.8 0.065625 0.021875
7 0.08671875 0.82421875 0.12421875 0.02578125
4 0.2265625 0.7203125 0.125 0.165625
0 0.2265625 0.7375 0.140625 0.2203125
7 0.2265625 0.8 0.071875 0.021875
7 0.2265625 0.82421875 0.125 0.02578125
4 0.36640625 0.7203125 0.12421875 0.165625
0 0.36640625 0.7375 0.13984375 0.2203125
7 0.36640625 0.8 0.071875 0.021875
7 0.36640625 0.82421875 0.12421875 0.02578125
4 0.50703125 0.7203125 0.125 0.165625
0 0.50703125 0.7375 0.140625 0.2203125
7 0.50703125 0.8 0.065625 0.021875
7 0.50703125 0.82421875 0.125 0.02578125
4 0.646875 0.7203125 0.12421875 0.165625
0 0.646875 0.7375 0.13984375 0.2203125
7 0.646875 0.8 0.065625 0.021875
7 0.646875 0.82421875 0.12421875 0.02578125
4 0.85859375 0.30078125 0.046875 0.0625
0 0.85859375 0.30078125 0.046875 0.0625
6 0.85859375 0.353125 0.1484375 0.0234375
0 0.8015625 0.4203125 0.10546875 0.046875
0 0.91484375 0.4203125 0.10546875 0.046875
0 0.85859375 0.503125 0.203125 0.01953125
7 0.828125 0.55703125 0.1421875 0.046875
4 0.846875 0.63515625 0.18046875 0.06796875
7 0.83125 0.63515625 0.1484375 0.06796875
4 0.28515625 0.74375 0.0921875 0.12265625
0 0.2890625 0.74375 0.1 0.12265625
7 0.309375 0.7890625 0.05078125 0.01796875
4 0.3890625 0.74375 0.0921875 0.12265625
0 0.3921875 0.74375 0.1 0.12265625
7 0.41328125 0.7890625 0.05078125 0.01796875
4 0.4921875 0.74375 0.0921875 0.12265625
0 0.49609375 0.74375 0.1 0.12265625
7 0.51640625 0.7890625 0.05078125 0.01796875
4 0.5953125 0.74375 0.0921875 0.12265625
0 0.6 0.74375 0.1 0.12265625
7 0.6203125 0.7890625 0.05078125 0.01796875
4 0.69921875 0.74375 0.0921875 0.12265625
0 0.703125 0.74375 0.1 0.12265625
7 0.7234375 0.7890625 0.05078125 0.01796875
4 0.803125 0.74375 0.0921875 0.12265625
0 0.80625 0.74375 0.1 0.12265625
7 0.82734375 0.7890625 0.05078125 0.01796875
4 0.90625 0.74375 0.0921875 0.12265625
0 0.91015625 0.74375 0.1 0.12265625
7 0.93046875 0.7890625 0.05078125 0.01796875
4 0.98203125 0.74375 0.0359375 0.12265625
0 0.98203125 0.74375 0.0359375 0.12265625
2 0.1 0.90234375 0.0828125 0.02578125
7 0.9390625 0.9046875 0.0578125 0.03125
4 0.11953125 0.96796875 0.17890625 0.0640625
0 0.11953125 0.96796875 0.17890625 0.0640625
4 0.309375 0.96796875 0.1796875 0.0640625
0 0.309375 0.96796875 0.1796875 0.0640625
4 0.5 0.96796875 0.1796875 0.0640625
0 0.5 0.96796875 0.1796875 0.0640625
4 0.690625 0.96796875 0.1796875 0.0640625
0 0.690625 0.96796875 0.1796875 0.0640625
4 0.88046875 0.96796875 0.17890625 0.0640625
0 0.88046875 0.96796875 0.17890625 0.0640625
4 0.5 0.5 1 1
0 0.8171875 0.2328125 0.0296875 0.0390625
2 0.48046875 0.334375 0.625 0.071875
7 0.48046875 0.38671875 0.625 0.02109375
7 0.36640625 0.509375 0.01953125 0.16015625
7 0.4984375 0.49453125 0.24375 0.13046875
0 0.48046875 0.6578125 0.1625 0.0453125