4 0.50078125 0.55859375 0.61015625 0.653125
7 0.5 0.83828125 0.12109375 0.07265625
2 0.49921875 0.146875 0.19375 0.04296875
4 0.49921875 0.14765625 0.1984375 0.1203125
4 0.2921875 0.95390625 0.19296875 0.0921875
4 0.50078125 0.95234375 0.196875 0.0953125
4 0.70859375 0.95390625 0.196875 0.0921875
4 0.72421875 0.825 0.1328125 0.09375
0 0.83046875 0.2609375 0.0375 0.059375
0 0.83046875 0.3265625 0.03671875 0.059375
0 0.23359375 0.03046875 0.06484375 0.05390625
0 0.31640625 0.0296875 0.07109375 0.05703125
0 0.4 0.0296875 0.06796875 0.05625
0 0.48046875 0.02734375 0.0671875 0.0546875
1 0.70703125 0.03046875 0.20703125 0.0328125
0 0.83046875 0.028125 0.0359375 0.03984375