4 0.0609375 0.06328125 0.0609375 0.1
0 0.06796875 0.0296875 0.075 0.05859375
7 0.34296875 0.05625 0.046875 0.02109375
0 0.353125 0.06953125 0.06875 0.05078125
0 0.440625 0.06953125 0.0875 0.05078125
7 0.55234375 0.05625 0.11796875 0.02109375
0 0.5625 0.06953125 0.1390625 0.05078125
7 0.66796875 0.05625 0.0546875 0.02109375
0 0.67890625 0.06953125 0.0765625 0.05078125
0 0.759375 0.06953125 0.06875 0.05078125
7 0.825 0.05625 0.04375 0.02109375
0 0.83515625 0.06953125 0.0640625 0.05078125
7 0.36015625 0.10234375 0.08203125 0.02734375
6 0.4953125 0.10234375 0.16015625 0.021875
6 0.63984375 0.10234375 0.103125 0.021875
6 0.728125 0.10234375 0.04765625 0.021875
4 0.88203125 0.0546875 0.021875 0.02890625
0 0.903125 0.0640625 0.06953125 0.05859375
7 0.91015625 0.05703125 0.0296875 0.02109375
7 0.5 0.2046875 0.94140625 0.1171875
0 0.12109375 0.471875 0.18359375 0.040625
2 0.2390625 0.65390625 0.41875 0.265625
7 0.25703125 0.871875 0.45625 0.1265625
2 0.1765625 0.99921875 0.2953125 0.0015625
0 0.1765625 0.99921875 0.2953125 0.0015625
2 0.50078125 0.99921875 0.29375 0.0015625
0 0.50078125 0.99921875 0.29375 0.0015625
2 0.68671875 0.99921875 0.0203125 0.0015625
7 0.215625 0.95390625 0.384375 0.03515625
6 0.44765625 0.95390625 0.07890625 0.03515625
7 0.5890625 0.95390625 0.203125 0.03515625
6 0.78984375 0.95390625 0.1984375 0.03515625
0 0.9671875 0.9546875 0.01953125 0.02734375