4 0.20234375 0.1 0.3515625 0.15078125
0 0.20234375 0.103125 0.3515625 0.1578125
4 0.58203125 0.0921875 0.05859375 0.0453125
0 0.58203125 0.0921875 0.05859375 0.0453125
4 0.646875 0.0921875 0.05859375 0.0453125
0 0.646875 0.0921875 0.05859375 0.0453125
4 0.7109375 0.0921875 0.05859375 0.0453125
0 0.7109375 0.0921875 0.05859375 0.0453125
0 0.7796875 0.0921875 0.0671875 0.0453125
0 0.85 0.0921875 0.0609375 0.0453125
0 0.9296875 0.0921875 0.0875 0.0453125
7 0.1484375 0.2203125 0.225 0.0234375
0 0.1484375 0.26171875 0.225 0.03359375
7 0.0625 0.296875 0.0296875 0.02578125
0 0.1484375 0.296875 0.225 0.03359375
7 0.1171875 0.33203125 0.1390625 0.02578125
0 0.1484375 0.33203125 0.225 0.03359375
7 0.13203125 0.3671875 0.16875 0.02578125
0 0.1484375 0.3671875 0.225 0.03359375
7 0.13203125 0.40234375 0.16875 0.02578125
0 0.1484375 0.40234375 0.225 0.03359375
7 0.10546875 0.4375 0.115625 0.02578125
0 0.1484375 0.4375 0.225 0.03359375
7 0.1046875 0.47265625 0.1140625 0.02578125
0 0.1484375 0.47265625 0.225 0.03359375
7 0.103125 0.5078125 0.1109375 0.02578125
0 0.1484375 0.5078125 0.225 0.03359375
7 0.103125 0.54296875 0.1109375 0.02578125
0 0.1484375 0.54296875 0.225 0.03359375
7 0.1 0.578125 0.103125 0.02578125
0 0.1484375 0.578125 0.225 0.03359375
7 0.09296875 0.61328125 0.08984375 0.02578125
0 0.1484375 0.61328125 0.225 0.03359375
7 0.09453125 0.6484375 0.09296875 0.02578125
0 0.1484375 0.6484375 0.225 0.03359375
3 0.1484375 0.83984375 0.225 0.3203125
7 0.621875 0.215625 0.6640625 0.05625
7 0.621875 0.27421875 0.6640625 0.0375
7 0.61328125 0.37265625 0.646875 0.109375
6 0.52890625 0.41328125 0.11640625 0.02734375
7 0.7484375 0.41328125 0.3234375 0.02734375
7 0.40703125 0.46015625 0.23359375 0.02734375
6 0.5515625 0.46015625 0.05546875 0.02734375
7 0.61796875 0.5421875 0.65625 0.19140625
6 0.384375 0.62421875 0.05625 0.02734375
3 0.62109375 0.8328125 0.6640625 0.334375
2 0.165625 0.05859375 0.2640625 0.02578125
7 0.1625 0.1453125 0.25703125 0.1234375
7 0.0640625 0.23828125 0.0609375 0.04140625
7 0.25859375 0.23828125 0.07890625 0.04140625
7 0.165625 0.29296875 0.2640625 0.04140625