7 0.30546875 0.0359375 0.21171875 0.025
7 0.459375 0.0359375 0.09765625 0.025
7 0.59296875 0.0359375 0.171875 0.025
6 0.7390625 0.0359375 0.1234375 0.025
2 0.0859375 0.12109375 0.125 0.05703125
0 0.0859375 0.12109375 0.125 0.05703125
1 0.228125 0.12109375 0.09765625 0.05234375
0 0.325 0.1203125 0.08125 0.02734375
7 0.43671875 0.12265625 0.1046875 0.05234375
4 0.5078125 0.12265625 0.03125 0.04140625
7 0.57421875 0.1203125 0.05859375 0.025
0 0.57421875 0.12109375 0.09375 0.05234375
4 0.671875 0.12109375 0.03125 0.04140625
0 0.671875 0.12109375 0.0390625 0.05234375
4 0.734375 0.12109375 0.03125 0.04140625
0 0.734375 0.12109375 0.0390625 0.05234375
4 0.796875 0.12109375 0.03125 0.04140625
0 0.796875 0.12109375 0.0390625 0.05234375
7 0.88671875 0.12109375 0.09375 0.05234375
0 0.9078125 0.12109375 0.13671875 0.05234375
4 0.95703125 0.12109375 0.03125 0.04140625
7 0.86953125 0.0984375 0.03046875 0.021875
4 0.9109375 0.096875 0.05 0.0140625
7 0.0890625 0.22890625 0.053125 0.03125
0 0.0890625 0.22890625 0.084375 0.05234375
7 0.1828125 0.22890625 0.075 0.03125
0 0.1828125 0.22890625 0.10625 0.05234375
4 0.05859375 0.296875 0.0390625 0.03671875
0 0.1421875 0.296875 0.23828125 0.04140625
7 0.121875 0.296875 0.071875 0.04140625
4 0.05859375 0.33828125 0.0390625 0.03671875
0 0.1421875 0.33828125 0.23828125 0.04140625
7 0.1046875 0.33828125 0.0375 0.04140625
4 0.05859375 0.38046875 0.0390625 0.03671875
0 0.1421875 0.38046875 0.23828125 0.04140625
7 0.12578125 0.38046875 0.0796875 0.04140625
4 0.05859375 0.421875 0.0390625 0.03671875
0 0.1421875 0.421875 0.23828125 0.04140625
7 0.128125 0.421875 0.08515625 0.04140625
4 0.05859375 0.46328125 0.0390625 0.03671875
0 0.1421875 0.46328125 0.23828125 0.04140625
7 0.1109375 0.46328125 0.05 0.04140625
4 0.05859375 0.50546875 0.0390625 0.03671875
0 0.1421875 0.50546875 0.23828125 0.04140625
7 0.10625 0.50546875 0.03984375 0.04140625
4 0.05859375 0.546875 0.0390625 0.03671875
0 0.1421875 0.546875 0.23828125 0.04140625
7 0.1125 0.546875 0.053125 0.04140625
4 0.05859375 0.58828125 0.0390625 0.03671875
0 0.1421875 0.58828125 0.23828125 0.04140625
7 0.1453125 0.58828125 0.11875 0.04140625
4 0.05859375 0.63046875 0.0390625 0.03671875
0 0.1421875 0.63046875 0.23828125 0.04140625
7 0.1390625 0.63046875 0.10625 0.04140625
4 0.05859375 0.671875 0.0390625 0.03671875
0 0.1421875 0.671875 0.23828125 0.04140625
7 0.12578125 0.671875 0.07890625 0.04140625
4 0.05859375 0.71328125 0.0390625 0.03671875
0 0.1421875 0.71328125 0.23828125 0.04140625
7 0.13515625 0.71328125 0.0984375 0.04140625
7 0.22109375 0.71328125 0.0578125 0.02578125
4 0.05859375 0.75546875 0.0390625 0.03671875
0 0.1421875 0.75546875 0.23828125 0.04140625
7 0.13984375 0.75546875 0.1078125 0.04140625
4 0.05859375 0.796875 0.0390625 0.03671875
0 0.1421875 0.796875 0.23828125 0.04140625
7 0.13046875 0.796875 0.0890625 0.04140625
4 0.05859375 0.83828125 0.0390625 0.03671875
0 0.1421875 0.83828125 0.23828125 0.04140625
7 0.1125 0.83828125 0.05390625 0.04140625
4 0.05859375 0.88046875 0.0390625 0.03671875
0 0.1421875 0.88046875 0.23828125 0.04140625
7 0.1375 0.88046875 0.103125 0.04140625
0 0.1421875 0.9390625 0.23828125 0.05234375
4 0.590625 0.35703125 0.81875 0.328125
0 0.65 0.35703125 0.69921875 0.328125
7 0.37109375 0.55 0.125 0.02734375
7 0.5109375 0.55 0.125 0.02734375
7 0.65 0.55 0.125 0.02734375
7 0.78984375 0.55 0.125 0.02734375
7 0.93046875 0.55 0.12578125 0.02734375
2 0.65 0.640625 0.65234375 0.02890625
4 0.3890625 0.7875 0.12890625 0.171875
0 0.3890625 0.8109375 0.12890625 0.21875
7 0.3890625 0.89453125 0.12890625 0.02109375
4 0.5328125 0.7875 0.12890625 0.171875
0 0.5328125 0.8109375 0.12890625 0.21875
7 0.5328125 0.89453125 0.12890625 0.02109375
4 0.69375 0.7875 0.12890625 0.171875
0 0.69375 0.8109375 0.12890625 0.21875
7 0.69375 0.89453125 0.12890625 0.02109375
4 0.8375 0.7875 0.12890625 0.171875
0 0.8375 0.8109375 0.12890625 0.21875
7 0.8375 0.89453125 0.12890625 0.02109375
4 0.95859375 0.7875 0.0828125 0.171875
0 0.95859375 0.8109375 0.0828125 0.21875
7 0.95859375 0.89375 0.0828125 0.021875
4 0.5 0.5 1 1
4 0.73046875 0.3328125 0.03125 0.04296875
0 0.73046875 0.3328125 0.0390625 0.053125
2 0.5 0.36328125 0.453125 0.05234375
2 0.5 0.43828125 0.453125 0.05859375
7 0.5 0.59453125 0.453125 0.2203125
7 0.5 0.74921875 0.453125 0.05625
7 0.46796875 0.821875 0.3890625 0.053125
6 0.56328125 0.8359375 0.03046875 0.02578125
7 0.49921875 0.8765625 0.4515625 0.1078125
7 0.5 0.97421875 0.453125 0.0515625
0 0.37421875 0.94296875 0.1703125 0.05234375
0 0.65390625 0.94296875 0.1453125 0.05234375