7 0.0609375 0.15625 0.08125 0.02578125
4 0.1265625 0.1671875 0.0296875 0.0453125
0 0.13515625 0.17578125 0.05 0.06484375
4 0.15234375 0.16875 0.01953125 0.0453125
0 0.1640625 0.17578125 0.0484375 0.06484375
4 0.19375 0.1765625 0.04609375 0.0609375
0 0.19296875 0.17578125 0.05 0.06484375
4 0.21171875 0.1625 0.0296875 0.03359375
0 0.22109375 0.17578125 0.05 0.06484375
0 0.90078125 0.15625 0.1671875 0.02578125
4 0.06875 0.23671875 0.1078125 0.03671875
0 0.06875 0.23671875 0.13671875 0.10390625
7 0.1953125 0.2296875 0.0546875 0.025
0 0.2 0.23046875 0.12109375 0.06484375
1 0.38984375 0.22890625 0.2359375 0.06015625
4 0.59453125 0.2390625 0.04609375 0.0609375
0 0.58828125 0.23125 0.05546875 0.0640625
7 0.490625 0.23046875 0.1359375 0.0546875
4 0.64765625 0.2375 0.04609375 0.0609375
0 0.64375 0.2171875 0.04609375 0.06484375
7 0.65390625 0.2171875 0.02265625 0.02890625
4 0.69609375 0.23359375 0.04609375 0.0609375
0 0.69375 0.23671875 0.04609375 0.02578125
4 0.75546875 0.23046875 0.04375 0.06015625
0 0.83359375 0.23046875 0.21171875 0.06484375
7 0.8625 0.23046875 0.153125 0.06484375
4 0.9671875 0.225 0.02265625 0.00390625
0 0.9640625 0.1984375 0.0453125 0.02734375
4 0.9671875 0.23359375 0.02265625 0.00390625
4 0.9671875 0.24296875 0.02265625 0.00390625
2 0.24375 0.5578125 0.459375 0.0296875
6 0.24375 0.59609375 0.459375 0.046875
4 0.24375 0.46171875 0.4875 0.3640625
2 0.7328125 0.5578125 0.459375 0.0296875
6 0.6625 0.584375 0.31953125 0.0234375
4 0.7328125 0.4625 0.48828125 0.36484375
2 0.9953125 0.5578125 0.00859375 0.0296875
0 0.98828125 0.4625 0.0234375 0.36484375
6 0.9953125 0.59609375 0.00859375 0.046875
4 0.98828125 0.4625 0.0234375 0.36484375
4 0.05625 0.7171875 0.0859375 0.11484375
0 0.05625 0.7484375 0.09765625 0.17734375
7 0.05625 0.80625 0.09375 0.0625
4 0.18125 0.7171875 0.0859375 0.11484375
0 0.18125 0.7484375 0.09765625 0.17734375
7 0.18125 0.80625 0.09375 0.0625
4 0.30625 0.7171875 0.0859375 0.11484375
0 0.30625 0.7484375 0.09765625 0.17734375
7 0.30625 0.80625 0.09375 0.0625
4 0.43125 0.7171875 0.0859375 0.11484375
0 0.43125 0.7375 0.09765625 0.1546875
7 0.43125 0.7953125 0.09375 0.040625
4 0.55625 0.7171875 0.0859375 0.11484375
0 0.55625 0.7484375 0.09765625 0.17734375
7 0.55625 0.80625 0.09375 0.0625
4 0.68125 0.7171875 0.0859375 0.11484375
0 0.68125 0.7375 0.09765625 0.1546875
7 0.68125 0.7953125 0.09375 0.040625
4 0.80625 0.7171875 0.0859375 0.11484375
0 0.80625 0.7484375 0.09765625 0.17734375
7 0.80625 0.80625 0.09375 0.0625
4 0.93125 0.7171875 0.0859375 0.11484375
0 0.93125 0.7375 0.09765625 0.1546875
7 0.93125 0.7953125 0.09375 0.040625
2 0.18046875 0.89609375 0.33125 0.046875
4 0.0671875 0.9765625 0.08515625 0.046875
2 0.18984375 0.990625 0.10859375 0.01796875
4 0.32890625 0.9765625 0.08515625 0.046875
2 0.4515625 0.990625 0.10078125 0.01796875
4 0.590625 0.9765625 0.08515625 0.046875
2 0.71328125 0.990625 0.09453125 0.01796875
4 0.85234375 0.9765625 0.08515625 0.046875
2 0.96484375 0.990625 0.0703125 0.01796875