4 0.48046875 0.74375 0.3953125 0.4234375
4 0.709375 0.2578125 0.1890625 0.25546875
2 0.23125 0.2296875 0.303125 0.05859375
2 0.19296875 0.06328125 0.1578125 0.06328125
0 0.09375 0.059375 0.01796875 0.03984375
0 0.89765625 0.0578125 0.04140625 0.0453125
1 0.7921875 0.059375 0.16640625 0.0484375
5 0.7328125 0.06015625 0.04296875 0.028125
7 0.27890625 0.3078125 0.39296875 0.0765625
7 0.16328125 0.1796875 0.16328125 0.01953125
2 0.440625 0.50234375 0.3171875 0.04296875
7 0.2953125 0.46953125 0.03359375 0.02109375
0 0.16015625 0.44453125 0.16796875 0.03828125
0 0.16171875 0.48515625 0.16640625 0.03671875
0 0.159375 0.54453125 0.171875 0.06953125
0 0.16015625 0.6 0.16953125 0.04140625
0 0.16015625 0.63984375 0.165625 0.0359375
0 0.16015625 0.678125 0.16328125 0.0390625
0 0.16015625 0.7171875 0.1625 0.03515625
0 0.15859375 0.76015625 0.1625 0.04140625
0 0.159375 0.7984375 0.15625 0.03203125
0 0.1578125 0.834375 0.16171875 0.03984375
0 0.1578125 0.8734375 0.1609375 0.0390625
0 0.1546875 0.9125 0.16015625 0.04453125
0 0.15546875 0.95546875 0.15390625 0.03828125
0 0.15625 0.98671875 0.153125 0.0265625