0 0.0734375 0.0359375 0.1328125 0.0453125
4 0.025 0.0390625 0.01953125 0.0234375
0 0.025 0.0390625 0.0375 0.05234375
4 0.0984375 0.0390625 0.09453125 0.0390625
0 0.1296875 0.0390625 0.15703125 0.06484375
7 0.16328125 0.03359375 0.034375 0.01796875
7 0.64609375 0.02890625 0.07890625 0.01796875
0 0.665625 0.040625 0.1359375 0.06484375
7 0.659375 0.046875 0.10546875 0.02109375
7 0.76875 0.02890625 0.05078125 0.01796875
0 0.77265625 0.040625 0.07734375 0.06484375
7 0.77734375 0.05078125 0.06875 0.02578125
7 0.834375 0.02890625 0.0265625 0.01796875
0 0.846875 0.040625 0.06953125 0.06484375
7 0.840625 0.046875 0.0390625 0.02109375
7 0.95234375 0.046875 0.04609375 0.02109375
0 0.93984375 0.040625 0.1140625 0.06484375
4 0.91171875 0.0390625 0.03828125 0.03359375
7 0.2328125 0.03984375 0.0140625 0.04296875
7 0.57109375 0.03984375 0.021875 0.02734375
1 0.57109375 0.0390625 0.0453125 0.05234375
1 0.4046875 0.0390625 0.28984375 0.04921875
7 0.665625 0.11328125 0.109375 0.0390625
0 0.665625 0.1140625 0.1109375 0.04296875
7 0.6390625 0.15625 0.078125 0.015625
6 0.70625 0.15625 0.0515625 0.015625
4 0.0234375 0.10390625 0.021875 0.02890625
0 0.0734375 0.1046875 0.125 0.05078125
7 0.0671875 0.09375 0.0609375 0.01796875
7 0.08671875 0.115625 0.0984375 0.02578125
4 0.8046875 0.103125 0.390625 0.05078125
0 0.8046875 0.103125 0.390625 0.05078125
0 0.25 0.103125 0.084375 0.03359375
0 0.33671875 0.103125 0.08515625 0.03359375
0 0.42890625 0.103125 0.0953125 0.03359375
0 0.5046875 0.103125 0.0515625 0.03359375
0 0.25703125 0.16015625 0.09765625 0.03359375
0 0.36640625 0.16015625 0.11796875 0.03359375
0 0.48203125 0.16015625 0.10859375 0.03359375
0 0.24296875 0.2171875 0.0703125 0.03359375
0 0.31953125 0.2171875 0.07890625 0.03359375
0 0.42578125 0.2171875 0.12890625 0.03359375
0 0.509375 0.2171875 0.034375 0.03359375
0 0.24296875 0.275 0.06953125 0.03359375
0 0.325 0.275 0.0921875 0.03359375
0 0.3921875 0.275 0.03828125 0.03359375
0 0.46484375 0.275 0.103125 0.03359375
7 0.32109375 0.159375 0.6078125 0.01953125
6 0.0390625 0.353125 0.0328125 0.06796875
0 0.0390625 0.353125 0.078125 0.32578125
6 0.9609375 0.353125 0.0328125 0.06796875
0 0.9609375 0.353125 0.078125 0.32578125
7 0.4640625 0.540625 0.5359375 0.01953125
6 0.76875 0.540625 0.06953125 0.01953125
2 0.1734375 0.6359375 0.26875 0.03515625
4 0.171875 0.8328125 0.26875 0.334375
0 0.1734375 0.8328125 0.26875 0.334375
2 0.5 0.65390625 0.26953125 0.0703125
4 0.5 0.85078125 0.26953125 0.2984375
0 0.5 0.85078125 0.26953125 0.2984375
2 0.82734375 0.98515625 0.26953125 0.0296875
3 0.8265625 0.75546875 0.29375 0.32578125
7 0.928125 0.9296875 0.06328125 0.015625
0 0.93515625 0.93125 0.07734375 0.01796875
4 0.96640625 0.93125 0.01484375 0.015625