0 0.090625 0.0359375 0.16796875 0.0453125
4 0.025 0.0390625 0.01953125 0.0234375
0 0.025 0.0390625 0.0375 0.05234375
4 0.0984375 0.0390625 0.09453125 0.0390625
0 0.1296875 0.0390625 0.15703125 0.06484375
7 0.15546875 0.03359375 0.0171875 0.01796875
4 0.42109375 0.0484375 0.01484375 0.01796875
0 0.425 0.040625 0.05546875 0.06484375
7 0.42109375 0.02890625 0.0171875 0.01796875
7 0.51015625 0.02890625 0.09453125 0.01796875
0 0.52578125 0.040625 0.14375 0.06484375
7 0.51953125 0.046875 0.11328125 0.02109375
7 0.66953125 0.02890625 0.12421875 0.01796875
0 0.66484375 0.040625 0.1328125 0.06484375
7 0.66953125 0.05078125 0.12421875 0.02578125
7 0.784375 0.02890625 0.0859375 0.01796875
0 0.7796875 0.040625 0.09453125 0.06484375
7 0.7609375 0.046875 0.0390625 0.02109375
7 0.925 0.046875 0.10078125 0.02109375
0 0.9125 0.040625 0.16875 0.06484375
4 0.85703125 0.0390625 0.03828125 0.03359375
7 0.2359375 0.03984375 0.0203125 0.04296875
7 0.37109375 0.03984375 0.021875 0.02734375
1 0.37109375 0.0390625 0.0453125 0.05234375
1 0.3078125 0.0390625 0.0828125 0.04921875
7 0.52578125 0.11328125 0.1296875 0.0390625
0 0.52578125 0.1140625 0.13203125 0.04296875
7 0.4859375 0.15625 0.0734375 0.015625
6 0.56328125 0.15625 0.07734375 0.015625
4 0.0234375 0.10390625 0.021875 0.02890625
0 0.090625 0.1046875 0.159375 0.05078125
7 0.075 0.09375 0.0765625 0.01796875
7 0.103125 0.115625 0.1328125 0.02578125
4 0.8046875 0.103125 0.390625 0.05078125
0 0.8046875 0.103125 0.390625 0.05078125
0 0.24375 0.103125 0.071875 0.03359375
0 0.3328125 0.103125 0.10078125 0.03359375
0 0.42734375 0.103125 0.08515625 0.03359375
0 0.26953125 0.16015625 0.1234375 0.03359375
0 0.36796875 0.16015625 0.0703125 0.03359375
0 0.4265625 0.16015625 0.0421875 0.03359375
0 0.50625 0.16015625 0.11328125 0.03359375
0 0.29375 0.2171875 0.171875 0.03359375
0 0.41796875 0.2171875 0.071875 0.03359375
0 0.50859375 0.2171875 0.1046875 0.03359375
0 0.26015625 0.275 0.1046875 0.03359375
0 0.3546875 0.275 0.08125 0.03359375
0 0.43125 0.275 0.0671875 0.03359375
0 0.51875 0.275 0.1046875 0.03359375
0 0.25859375 0.33203125 0.10078125 0.03359375
0 0.34765625 0.33203125 0.07421875 0.03359375
7 0.34765625 0.159375 0.66015625 0.01953125
6 0.0390625 0.353125 0.0328125 0.06796875
0 0.0390625 0.353125 0.078125 0.32578125
6 0.9609375 0.353125 0.0328125 0.06796875
0 0.9609375 0.353125 0.078125 0.32578125
7 0.4828125 0.540625 0.69609375 0.01953125
6 0.85 0.540625 0.0328125 0.01953125
2 0.1734375 0.6359375 0.26875 0.03515625
4 0.1734375 0.82265625 0.215625 0.3125
0 0.1734375 0.82265625 0.26875 0.3125
7 0.04921875 0.99296875 0.0234375 0.0140625
7 0.06875 0.99453125 0.01484375 0.01015625
7 0.08125 0.99453125 0.0078125 0.01015625
7 0.1125 0.99296875 0.034375 0.0140625
7 0.13671875 0.99453125 0.0140625 0.01015625
7 0.14921875 0.99453125 0.00703125 0.01015625
2 0.5 0.65390625 0.26953125 0.0703125
4 0.5 0.85078125 0.26953125 0.2984375
0 0.5 0.85078125 0.26953125 0.2984375
2 0.82734375 0.98515625 0.26953125 0.0296875
3 0.8265625 0.75546875 0.29375 0.32578125
7 0.9171875 0.9296875 0.0859375 0.015625
0 0.9234375 0.93125 0.1 0.01796875
4 0.96640625 0.93125 0.01484375 0.015625