0 0.0734375 0.0359375 0.1328125 0.0453125
4 0.025 0.0390625 0.01953125 0.0234375
0 0.025 0.0390625 0.0375 0.05234375
4 0.0984375 0.0390625 0.09453125 0.0390625
0 0.1296875 0.0390625 0.15703125 0.06484375
7 0.153125 0.03359375 0.0125 0.01796875
0 0.13984375 0.05 0.05 0.0140625
4 0.5828125 0.0484375 0.01484375 0.01796875
0 0.58671875 0.040625 0.05546875 0.06484375
7 0.58203125 0.02890625 0.0171875 0.01796875
7 0.66328125 0.02890625 0.07890625 0.01796875
0 0.6828125 0.040625 0.1359375 0.06484375
7 0.6765625 0.046875 0.10546875 0.02109375
7 0.7859375 0.02890625 0.05078125 0.01796875
0 0.790625 0.040625 0.07734375 0.06484375
7 0.7953125 0.05078125 0.06875 0.02578125
7 0.8515625 0.02890625 0.025 0.01796875
0 0.8640625 0.040625 0.06875 0.06484375
7 0.85859375 0.046875 0.0390625 0.02109375
7 0.96015625 0.046875 0.028125 0.02109375
0 0.94765625 0.040625 0.096875 0.06484375
4 0.928125 0.0390625 0.03828125 0.03359375
7 0.2328125 0.03984375 0.0140625 0.04296875
7 0.53203125 0.03984375 0.021875 0.02734375
1 0.53203125 0.0390625 0.0453125 0.05234375
1 0.38515625 0.0390625 0.25078125 0.04921875
7 0.68359375 0.11328125 0.109375 0.0390625
0 0.68359375 0.1140625 0.1109375 0.04296875
7 0.65625 0.15625 0.078125 0.015625
6 0.72421875 0.15625 0.0515625 0.015625
4 0.0234375 0.10390625 0.021875 0.02890625
0 0.09453125 0.1046875 0.16796875 0.05078125
7 0.05625 0.09375 0.03828125 0.01796875
7 0.1078125 0.115625 0.14140625 0.02578125
4 0.8046875 0.103125 0.390625 0.05078125
0 0.8046875 0.103125 0.390625 0.05078125
0 0.24453125 0.103125 0.059375 0.03359375
0 0.31875 0.103125 0.08515625 0.03359375
0 0.38984375 0.103125 0.053125 0.03359375
0 0.4625 0.103125 0.0890625 0.03359375
0 0.5484375 0.103125 0.07890625 0.03359375
0 0.2640625 0.16015625 0.09765625 0.03359375
0 0.340625 0.16015625 0.0515625 0.03359375
0 0.42734375 0.16015625 0.11796875 0.03359375
0 0.50703125 0.16015625 0.0375 0.03359375
0 0.25 0.2171875 0.0703125 0.03359375
0 0.31015625 0.2171875 0.04609375 0.03359375
0 0.38515625 0.2171875 0.10078125 0.03359375
6 0.0390625 0.29140625 0.0328125 0.06796875
0 0.0390625 0.29140625 0.078125 0.32578125
6 0.9609375 0.29140625 0.0328125 0.06796875
0 0.9609375 0.29140625 0.078125 0.32578125
2 0.1734375 0.4984375 0.26875 0.03515625
4 0.103125 0.60390625 0.128125 0.15078125
0 0.103125 0.60390625 0.128125 0.15078125
7 0.05546875 0.69375 0.0328125 0.025
4 0.24375 0.60390625 0.128125 0.15078125
0 0.24375 0.60390625 0.128125 0.15078125
7 0.225 0.69375 0.08984375 0.025
4 0.103125 0.81484375 0.128125 0.15078125
0 0.103125 0.81484375 0.128125 0.15078125
7 0.10234375 0.9046875 0.12578125 0.025
4 0.24375 0.81484375 0.128125 0.15078125
0 0.24375 0.81484375 0.128125 0.15078125
7 0.2359375 0.9046875 0.11328125 0.025
0 0.1734375 0.9625 0.26875 0.025
2 0.5 0.515625 0.26953125 0.0703125
4 0.42890625 0.63125 0.128125 0.134375
0 0.4296875 0.63125 0.12890625 0.134375
7 0.42109375 0.71171875 0.1109375 0.025
4 0.56953125 0.63125 0.128125 0.134375
0 0.5703125 0.63125 0.12890625 0.134375
7 0.5515625 0.71171875 0.090625 0.025
4 0.42890625 0.8234375 0.128125 0.134375
0 0.4296875 0.8234375 0.12890625 0.134375
7 0.3765625 0.9046875 0.02265625 0.025
4 0.56953125 0.8234375 0.128125 0.134375
0 0.5703125 0.8234375 0.12890625 0.134375
7 0.5328125 0.9046875 0.05390625 0.025
0 0.5 0.9625 0.26953125 0.025
2 0.82734375 0.4984375 0.26953125 0.03515625
4 0.82734375 0.7265625 0.26953125 0.39609375
0 0.82734375 0.7265625 0.26953125 0.39609375
0 0.82734375 0.9625 0.26953125 0.025