0 0.0734375 0.0359375 0.1328125 0.0453125
0 0.5 0.0296875 1 0.05859375
4 0.96875 0.0296875 0.0140625 0.01953125
4 0.025 0.09765625 0.01953125 0.0234375
0 0.025 0.09765625 0.0375 0.05234375
4 0.0984375 0.09765625 0.09453125 0.0390625
0 0.1296875 0.09765625 0.15703125 0.06484375
7 0.1546875 0.0921875 0.015625 0.01796875
0 0.13984375 0.10859375 0.05 0.0140625
4 0.5828125 0.10703125 0.01484375 0.01796875
0 0.58671875 0.09921875 0.05546875 0.06484375
7 0.58203125 0.0875 0.0171875 0.01796875
7 0.66328125 0.0875 0.07890625 0.01796875
0 0.6828125 0.09921875 0.1359375 0.06484375
7 0.6765625 0.10546875 0.10546875 0.02109375
7 0.7859375 0.0875 0.05078125 0.01796875
0 0.790625 0.09921875 0.07734375 0.06484375
7 0.7953125 0.109375 0.06875 0.02578125
7 0.8515625 0.0875 0.025 0.01796875
0 0.8640625 0.09921875 0.06875 0.06484375
7 0.85859375 0.10546875 0.0390625 0.02109375
7 0.96015625 0.10546875 0.028125 0.02109375
0 0.94765625 0.09921875 0.096875 0.06484375
4 0.928125 0.09765625 0.03828125 0.03359375
7 0.2328125 0.0984375 0.0140625 0.04296875
7 0.53203125 0.0984375 0.021875 0.02734375
1 0.53203125 0.09765625 0.0453125 0.05234375
1 0.38515625 0.09765625 0.25078125 0.04921875
7 0.68359375 0.171875 0.109375 0.0390625
0 0.68359375 0.17265625 0.1109375 0.04296875
7 0.65625 0.21484375 0.078125 0.015625
6 0.72421875 0.21484375 0.0515625 0.015625
4 0.0234375 0.1625 0.021875 0.02890625
0 0.09453125 0.16328125 0.16796875 0.05078125
7 0.05625 0.15234375 0.03828125 0.01796875
7 0.1078125 0.17421875 0.14140625 0.02578125
4 0.8046875 0.1625 0.390625 0.05078125
0 0.8046875 0.1625 0.390625 0.05078125
0 0.25 0.16171875 0.084375 0.03359375
0 0.33515625 0.16171875 0.0828125 0.03359375
0 0.428125 0.16171875 0.0984375 0.03359375
0 0.51875 0.16171875 0.078125 0.03359375
0 0.2328125 0.21875 0.05 0.03359375
0 0.2953125 0.21875 0.07109375 0.03359375
0 0.3546875 0.21875 0.04296875 0.03359375
0 0.4171875 0.21875 0.078125 0.03359375
0 0.4953125 0.21875 0.07421875 0.03359375
0 0.24140625 0.27578125 0.0671875 0.03359375
0 0.29609375 0.27578125 0.0375 0.03359375
0 0.3484375 0.27578125 0.06328125 0.03359375
0 0.4078125 0.27578125 0.0515625 0.03359375
6 0.0390625 0.35 0.0328125 0.06796875
0 0.0390625 0.35 0.078125 0.32578125
6 0.9609375 0.35 0.0328125 0.06796875
0 0.9609375 0.35 0.078125 0.32578125
2 0.1734375 0.57421875 0.26875 0.0703125
4 0.17265625 0.803125 0.26953125 0.3609375
0 0.1734375 0.803125 0.26875 0.3609375
2 0.5 0.55625 0.26953125 0.03515625
4 0.5 0.78515625 0.26953125 0.39609375
0 0.5 0.78515625 0.26953125 0.39609375
2 0.82734375 0.92578125 0.26953125 0.0703125
0 0.82734375 0.99140625 0.2671875 0.0171875
0 0.82734375 0.990625 0.26953125 0.01796875
3 0.8265625 0.67578125 0.29375 0.32578125
7 0.928125 0.85 0.06328125 0.015625
0 0.93515625 0.8515625 0.07734375 0.01796875
4 0.96640625 0.8515625 0.01484375 0.015625