0 0.09453125 0.0359375 0.175 0.0453125
4 0.025 0.0390625 0.01953125 0.0234375
0 0.025 0.0390625 0.0375 0.05234375
4 0.0984375 0.0390625 0.09453125 0.0390625
0 0.1296875 0.0390625 0.15703125 0.06484375
7 0.153125 0.03359375 0.0125 0.01796875
0 0.153125 0.05 0.0765625 0.0140625
7 0.63125 0.02890625 0.13125 0.01796875
0 0.6265625 0.040625 0.13984375 0.06484375
7 0.61875 0.046875 0.10625 0.02109375
7 0.73125 0.02890625 0.05078125 0.01796875
0 0.75625 0.040625 0.1171875 0.06484375
7 0.76015625 0.05078125 0.10859375 0.02578125
7 0.8453125 0.02890625 0.04296875 0.01796875
0 0.85 0.040625 0.06953125 0.06484375
7 0.84375 0.046875 0.0390625 0.02109375
7 0.95390625 0.046875 0.04296875 0.02109375
0 0.940625 0.040625 0.11015625 0.06484375
4 0.91484375 0.0390625 0.03828125 0.03359375
7 0.2828125 0.03984375 0.1140625 0.04296875
7 0.53046875 0.03984375 0.021875 0.02734375
1 0.53046875 0.0390625 0.0453125 0.05234375
1 0.434375 0.0390625 0.1484375 0.04921875
7 0.62734375 0.11328125 0.13984375 0.0390625
0 0.62734375 0.1140625 0.14140625 0.04296875
7 0.5875 0.15625 0.084375 0.015625
6 0.66953125 0.15625 0.075 0.015625
4 0.0234375 0.10390625 0.021875 0.02890625
0 0.0984375 0.1046875 0.17578125 0.05078125
7 0.11171875 0.09375 0.14921875 0.01796875
7 0.0765625 0.115625 0.07890625 0.02578125
4 0.8046875 0.103125 0.390625 0.05078125
0 0.8046875 0.103125 0.390625 0.05078125
0 0.26640625 0.103125 0.11640625 0.03359375
0 0.3765625 0.103125 0.10078125 0.03359375
0 0.5 0.103125 0.1421875 0.03359375
0 0.24453125 0.16015625 0.0734375 0.03359375
0 0.30859375 0.16015625 0.05078125 0.03359375
0 0.39453125 0.16015625 0.1171875 0.03359375
0 0.4984375 0.16015625 0.08671875 0.03359375
0 0.56484375 0.16015625 0.0421875 0.03359375
0 0.240625 0.2171875 0.0640625 0.03359375
0 0.328125 0.2171875 0.1078125 0.03359375
0 0.44375 0.2171875 0.11875 0.03359375
0 0.27109375 0.275 0.12578125 0.03359375
0 0.3640625 0.275 0.05625 0.03359375
0 0.45234375 0.275 0.11640625 0.03359375
7 0.39921875 0.159375 0.7625 0.01953125
6 0.0390625 0.353125 0.0328125 0.06796875
0 0.0390625 0.353125 0.078125 0.32578125
6 0.9609375 0.353125 0.0328125 0.06796875
0 0.9609375 0.353125 0.078125 0.32578125
7 0.45703125 0.540625 0.55078125 0.01953125
6 0.7765625 0.540625 0.084375 0.01953125
2 0.1734375 0.65390625 0.26875 0.0703125
4 0.17265625 0.85078125 0.26953125 0.2984375
0 0.1734375 0.85078125 0.26875 0.2984375
2 0.5 0.65390625 0.26953125 0.0703125
4 0.5 0.85078125 0.26953125 0.2984375
0 0.5 0.85078125 0.26953125 0.2984375
2 0.82734375 0.98515625 0.26953125 0.0296875
3 0.8265625 0.75546875 0.29375 0.32578125
7 0.8875 0.9296875 0.1453125 0.015625
0 0.89375 0.93125 0.159375 0.01796875
4 0.96640625 0.93125 0.01484375 0.015625