0 0.0984375 0.0359375 0.18359375 0.0453125
4 0.025 0.0390625 0.01953125 0.0234375
0 0.025 0.0390625 0.0375 0.05234375
4 0.0984375 0.0390625 0.09453125 0.0390625
0 0.1296875 0.0390625 0.15703125 0.06484375
7 0.16875 0.03359375 0.04375 0.01796875
7 0.63203125 0.02890625 0.1109375 0.01796875
0 0.63359375 0.040625 0.1328125 0.06484375
7 0.6265625 0.046875 0.1015625 0.02109375
7 0.7453125 0.02890625 0.0703125 0.01796875
0 0.74296875 0.040625 0.0828125 0.06484375
7 0.746875 0.05078125 0.07421875 0.02578125
7 0.83125 0.02890625 0.075 0.01796875
0 0.82734375 0.040625 0.084375 0.06484375
7 0.81328125 0.046875 0.0390625 0.02109375
7 0.94609375 0.046875 0.0578125 0.02109375
0 0.93359375 0.040625 0.1265625 0.06484375
4 0.89921875 0.0390625 0.03828125 0.03359375
7 0.24140625 0.03984375 0.03203125 0.04296875
7 0.540625 0.03984375 0.021875 0.02734375
1 0.540625 0.0390625 0.0453125 0.05234375
1 0.39921875 0.0390625 0.24140625 0.04921875
7 0.634375 0.11328125 0.11640625 0.0390625
0 0.634375 0.1140625 0.11796875 0.04296875
7 0.59921875 0.15625 0.06953125 0.015625
6 0.66953125 0.15625 0.0671875 0.015625
4 0.0234375 0.10390625 0.021875 0.02890625
0 0.1 0.1046875 0.178125 0.05078125
7 0.0515625 0.09375 0.0296875 0.01796875
7 0.1125 0.115625 0.1515625 0.02578125
4 0.8046875 0.103125 0.390625 0.05078125
0 0.8046875 0.103125 0.390625 0.05078125
0 0.25703125 0.103125 0.0984375 0.03359375
0 0.334375 0.103125 0.05078125 0.03359375
0 0.4109375 0.103125 0.0984375 0.03359375
0 0.27421875 0.16015625 0.1328125 0.03359375
0 0.3828125 0.16015625 0.0796875 0.03359375
0 0.44921875 0.16015625 0.0484375 0.03359375
0 0.521875 0.16015625 0.09296875 0.03359375
0 0.2578125 0.2171875 0.1 0.03359375
0 0.3328125 0.2171875 0.04609375 0.03359375
0 0.42265625 0.2171875 0.13125 0.03359375
0 0.2671875 0.275 0.11875 0.03359375
6 0.0390625 0.29140625 0.0328125 0.06796875
0 0.0390625 0.29140625 0.078125 0.32578125
6 0.9609375 0.29140625 0.0328125 0.06796875
0 0.9609375 0.29140625 0.078125 0.32578125
2 0.1734375 0.4984375 0.26875 0.03515625
4 0.103125 0.60390625 0.128125 0.15078125
0 0.103125 0.60390625 0.128125 0.15078125
7 0.0640625 0.69375 0.05 0.025
4 0.24375 0.60390625 0.128125 0.15078125
0 0.24375 0.60390625 0.128125 0.15078125
7 0.21796875 0.69375 0.07734375 0.025
4 0.103125 0.81484375 0.128125 0.15078125
0 0.103125 0.81484375 0.128125 0.15078125
7 0.0609375 0.9046875 0.04375 0.025
4 0.24375 0.81484375 0.128125 0.15078125
0 0.24375 0.81484375 0.128125 0.15078125
7 0.2296875 0.9046875 0.10078125 0.025
0 0.1734375 0.9625 0.26875 0.025
2 0.5 0.4984375 0.26953125 0.03515625
4 0.5 0.7265625 0.26953125 0.39609375
0 0.5 0.7265625 0.26953125 0.39609375
0 0.5 0.9625 0.26953125 0.025
2 0.82734375 0.4984375 0.26953125 0.03515625
4 0.82734375 0.68515625 0.2265625 0.3125
0 0.82734375 0.68515625 0.26953125 0.3125
7 0.7 0.8609375 0.015625 0.01796875
7 0.725 0.8640625 0.03515625 0.0296875
7 0.7484375 0.8609375 0.01484375 0.01796875
7 0.82734375 0.91171875 0.26953125 0.04921875
0 0.82734375 0.9625 0.26953125 0.025