2 0.0703125 0.03984375 0.09765625 0.04296875
0 0.78828125 0.03984375 0.0890625 0.040625
0 0.91015625 0.03984375 0.13671875 0.040625
4 0.18046875 0.23828125 0.31875 0.265625
0 0.18046875 0.26171875 0.31875 0.3125
6 0.18046875 0.40703125 0.2796875 0.021875
4 0.49921875 0.2390625 0.31953125 0.2671875
0 0.49921875 0.2625 0.31953125 0.3140625
6 0.49921875 0.4078125 0.28046875 0.021875
4 0.81875 0.2390625 0.31953125 0.2671875
0 0.81875 0.2625 0.31953125 0.3140625
6 0.81875 0.4078125 0.28046875 0.021875
2 0.334375 0.5453125 0.625 0.02109375
6 0.11640625 0.6328125 0.1890625 0.06484375
0 0.11640625 0.72890625 0.1890625 0.2578125
4 0.11640625 0.76796875 0.1890625 0.1796875
6 0.334375 0.6328125 0.1890625 0.06484375
0 0.334375 0.72890625 0.1890625 0.2578125
4 0.334375 0.76796875 0.1890625 0.1796875
6 0.5515625 0.6328125 0.1890625 0.06484375
0 0.5515625 0.72890625 0.1890625 0.2578125
4 0.5515625 0.76796875 0.1890625 0.1796875
6 0.11640625 0.94140625 0.1890625 0.06484375
0 0.11640625 0.95390625 0.1890625 0.0921875
4 0.11640625 0.99296875 0.1890625 0.0140625
6 0.334375 0.94140625 0.1890625 0.06484375
0 0.33359375 0.95390625 0.1890625 0.0921875
4 0.33359375 0.99296875 0.1890625 0.0140625
6 0.5515625 0.94140625 0.1890625 0.06484375
0 0.55078125 0.95390625 0.1890625 0.0921875
4 0.55078125 0.99296875 0.1890625 0.0140625
2 0.83203125 0.5453125 0.29296875 0.02109375
0 0.725 0.625 0.078125 0.0390625
0 0.8328125 0.625 0.11875 0.0390625
0 0.725 0.67734375 0.078125 0.0390625
0 0.80546875 0.67734375 0.0640625 0.0390625
0 0.8796875 0.67734375 0.0640625 0.0390625
0 0.71796875 0.72890625 0.0640625 0.0390625
0 0.7984375 0.72890625 0.078125 0.0390625
0 0.7546875 0.78125 0.1375 0.0390625
0 0.871875 0.78125 0.07890625 0.0390625
0 0.73125 0.83359375 0.0921875 0.0390625
0 0.8265625 0.83359375 0.078125 0.0390625
0 0.90703125 0.83359375 0.0640625 0.0390625
2 0.83203125 0.90234375 0.29296875 0.02109375
0 0.72421875 0.98125 0.0765625 0.0375
0 0.83359375 0.98125 0.1203125 0.0375