0 0.534375 0.01640625 0.08671875 0.0328125
0 0.6109375 0.01640625 0.06640625 0.0328125
0 0.7140625 0.01640625 0.1390625 0.0328125
0 0.834375 0.01640625 0.1015625 0.0328125
0 0.94609375 0.01640625 0.1078125 0.0328125
4 0.08125 0.0796875 0.1625 0.09140625
0 0.08203125 0.0796875 0.1640625 0.09140625
0 0.2078125 0.0796875 0.0890625 0.0625
0 0.2984375 0.0796875 0.0953125 0.0625
0 0.41484375 0.0796875 0.1390625 0.0625
0 0.55625 0.0796875 0.146875 0.0625
0 0.6515625 0.0796875 0.0453125 0.09140625
0 0.81171875 0.0796875 0.13984375 0.0625
0 0.940625 0.0796875 0.11875 0.09140625
7 0.8609375 0.8734375 0.1859375 0.02734375
2 0.2515625 0.39921875 0.396875 0.02734375
2 0.21484375 0.49375 0.30625 0.103125
0 0.14375 0.60078125 0.19609375 0.06875
2 0.265625 0.9703125 0.4390625 0.02578125
7 0.265625 0.996875 0.4390625 0.00625
1 0.6171875 0.978125 0.2046875 0.04296875
1 0.8515625 0.978125 0.2046875 0.04296875
2 0.4453125 0.93984375 0.22265625 0.03671875
0 0.61875 0.93984375 0.09375 0.04921875
7 0.775 0.7578125 0.3515625 0.10390625
0 0.78046875 0.85703125 0.0375 0.0390625