4 0.23046875 0.05 0.3125 0.040625
0 0.23046875 0.05546875 0.3125 0.0609375
6 0.10625 0.10703125 0.05546875 0.02109375
6 0.2 0.10703125 0.10625 0.02109375
6 0.315625 0.10703125 0.1 0.02109375
6 0.4109375 0.10703125 0.065625 0.02109375
6 0.4875 0.10703125 0.0625 0.02109375
6 0.5671875 0.10703125 0.07109375 0.02109375
6 0.63984375 0.10703125 0.0484375 0.02109375
7 0.34453125 0.29453125 0.56640625 0.02109375
7 0.33515625 0.37265625 0.54765625 0.02578125
6 0.18359375 0.4140625 0.24375 0.02578125
7 0.334375 0.43515625 0.54609375 0.06796875
6 0.24375 0.45546875 0.240625 0.02578125
7 0.3296875 0.4765625 0.5359375 0.06796875
2 0.30859375 0.715625 0.571875 0.08203125
7 0.071875 0.77734375 0.0984375 0.02578125
4 0.3359375 0.94296875 0.625 0.1140625
1 0.85625 0.27890625 0.209375 0.04453125
4 0.7640625 0.35859375 0.0234375 0.0328125
2 0.81015625 0.35703125 0.03984375 0.03125
7 0.94921875 0.35703125 0.0234375 0.03125
7 0.7625 0.42890625 0.0234375 0.0328125
2 0.8125 0.428125 0.0453125 0.0328125
7 0.94921875 0.428125 0.0234375 0.0328125
4 0.7640625 0.4984375 0.0234375 0.0328125
0 0.7859375 0.49296875 0.0671875 0.0328125
2 0.8046875 0.4984375 0.0296875 0.0328125
2 0.8 0.5671875 0.096875 0.0328125
6 0.809375 0.6140625 0.115625 0.021875
6 0.8046875 0.64921875 0.10546875 0.021875
6 0.79609375 0.684375 0.0890625 0.021875
6 0.78359375 0.72578125 0.06328125 0.021875
6 0.81015625 0.7671875 0.11640625 0.021875
6 0.7875 0.809375 0.0703125 0.021875
7 0.83125 0.8953125 0.0453125 0.021875
0 0.85625 0.89765625 0.0953125 0.02734375
7 0.86484375 0.8953125 0.01484375 0.021875
4 0.89609375 0.8953125 0.01640625 0.021875
7 0.85703125 0.9421875 0.14765625 0.0171875
0 0.85625 0.9421875 0.16015625 0.0296875