4 0.26015625 0.10390625 0.14765625 0.0640625
2 0.26015625 0.10234375 0.12421875 0.04609375
4 0.34609375 0.35 0.3296875 0.31328125
4 0.25546875 0.6953125 0.14375 0.15703125
4 0.25625 0.92578125 0.146875 0.121875
4 0.55625 0.32265625 0.04765625 0.08125
4 0.55546875 0.465625 0.0453125 0.075
4 0.55546875 0.59140625 0.046875 0.078125
4 0.55625 0.7171875 0.046875 0.07890625
4 0.55546875 0.8421875 0.046875 0.078125
2 0.34453125 0.55 0.33125 0.05859375
2 0.27578125 0.8109375 0.18984375 0.0359375
2 0.5796875 0.96171875 0.08203125 0.0265625
2 0.5734375 0.25390625 0.0703125 0.02421875
2 0.7578125 0.2125 0.053125 0.04140625
2 0.775 0.45546875 0.0875 0.03671875
2 0.24453125 0.38515625 0.11796875 0.01640625
7 0.34296875 0.4390625 0.3203125 0.07890625
7 0.42734375 0.6828125 0.18515625 0.103125
7 0.42578125 0.934375 0.18359375 0.10625
7 0.7734375 0.33203125 0.09765625 0.18359375
7 0.65078125 0.48203125 0.13203125 0.0640625
7 0.65390625 0.60625 0.13515625 0.065625
7 0.65234375 0.74140625 0.13515625 0.0375
7 0.6140625 0.77109375 0.16875 0.03125
7 0.6390625 0.871875 0.10078125 0.02265625
7 0.61640625 0.90390625 0.17265625 0.040625
7 0.646875 0.35078125 0.12109375 0.021875
7 0.61875 0.3828125 0.1796875 0.04296875
2 0.64921875 0.309375 0.1296875 0.06015625
2 0.6484375 0.43671875 0.128125 0.02109375
2 0.64296875 0.56171875 0.11875 0.021875
2 0.64921875 0.69921875 0.12578125 0.03671875
7 0.65234375 0.83046875 0.134375 0.0578125
6 0.7515625 0.49453125 0.05703125 0.02578125
6 0.64609375 0.38984375 0.053125 0.0234375
6 0.5578125 0.52109375 0.0515625 0.0203125
6 0.69375 0.6265625 0.046875 0.01640625
6 0.66796875 0.77109375 0.05625 0.0234375
6 0.5765625 0.9125 0.0515625 0.0203125
1 0.625 0.20859375 0.1859375 0.03359375
5 0.5515625 0.20703125 0.03515625 0.02734375
0 0.7078125 0.20859375 0.01640625 0.02734375
0 0.72734375 0.0171875 0.0265625 0.034375
0 0.78984375 0.0171875 0.015625 0.0234375
5 0.27109375 0.59453125 0.18046875 0.01796875
5 0.259375 0.8421875 0.1625 0.021875
0 0.4796875 0.75390625 0.06796875 0.02890625
0 0.20234375 0.1578125 0.0625 0.0296875
0 0.265625 0.15703125 0.0421875 0.0265625
0 0.328125 0.1609375 0.06640625 0.028125
0 0.39765625 0.1578125 0.046875 0.02734375
0 0.4640625 0.15625 0.065625 0.0296875
0 0.53515625 0.159375 0.0578125 0.0296875
0 0.6015625 0.15703125 0.05546875 0.02890625
0 0.6875 0.159375 0.09296875 0.028125
0 0.78203125 0.1578125 0.07578125 0.02734375
0 0.1921875 0.0171875 0.0421875 0.02890625
0 0.2484375 0.01640625 0.0484375 0.02734375
0 0.315625 0.01640625 0.0625 0.0328125
0 0.390625 0.01640625 0.0671875 0.03203125
0 0.45546875 0.01640625 0.0453125 0.0328125
0 0.52734375 0.0171875 0.0796875 0.034375