7 0.5 0.015625 0.946875 0.01328125
3 0.50078125 0.18515625 0.9484375 0.32578125
4 0.19921875 0.41328125 0.3453125 0.1078125
1 0.8296875 0.3875 0.1234375 0.025
1 0.934375 0.3875 0.078125 0.025
6 0.66796875 0.38671875 0.0328125 0.01796875
6 0.728125 0.38671875 0.04765625 0.01796875
4 0.8953125 0.4328125 0.028125 0.0375
4 0.9265625 0.4328125 0.0296875 0.0375
4 0.959375 0.4328125 0.0296875 0.0375
6 0.63671875 0.4328125 0.0390625 0.01953125
6 0.68984375 0.4328125 0.0421875 0.01953125
6 0.7484375 0.4328125 0.05 0.01953125
6 0.8140625 0.4328125 0.05546875 0.01953125
7 0.0984375 0.50625 0.13203125 0.025
0 0.1078125 0.5078125 0.19375 0.0625
7 0.178125 0.509375 0.009375 0.01328125
7 0.3234375 0.50625 0.196875 0.025
0 0.3328125 0.5078125 0.25859375 0.0625
7 0.4359375 0.509375 0.009375 0.01328125
7 0.5171875 0.50625 0.06953125 0.025
0 0.5265625 0.5078125 0.13125 0.0625
7 0.565625 0.509375 0.009375 0.01328125
0 0.675 0.50625 0.16796875 0.05859375
7 0.8078125 0.50625 0.05625 0.025
0 0.8171875 0.5078125 0.11796875 0.0625
7 0.85 0.509375 0.009375 0.01328125
0 0.92109375 0.50625 0.09296875 0.05859375
3 0.79765625 0.55625 0.153125 0.02578125
7 0.07421875 0.55625 0.1265625 0.04140625
6 0.1609375 0.55625 0.02421875 0.015625
6 0.2109375 0.55625 0.03125 0.015625
6 0.27421875 0.55625 0.05 0.015625
6 0.36171875 0.55625 0.08125 0.015625
6 0.440625 0.55625 0.03125 0.015625
6 0.496875 0.55625 0.0375 0.015625
6 0.56328125 0.55625 0.05078125 0.015625
6 0.64375 0.55625 0.0640625 0.015625
6 0.04375 0.59765625 0.0421875 0.015625
4 0.34296875 0.7875 0.66328125 0.37890625
7 0.5890625 0.64296875 0.171875 0.0546875
0 0.34296875 0.7859375 0.66328125 0.021875
2 0.34296875 0.88515625 0.62578125 0.06796875
0 0.34296875 0.9015625 0.62578125 0.103125
7 0.07578125 0.94375 0.090625 0.02109375
0 0.6171875 0.94375 0.078125 0.0171875
4 0.171875 0.99765625 0.321875 0.0046875
0 0.171875 0.99765625 0.321875 0.0046875
7 0.51796875 0.996875 0.3140625 0.00625
3 0.8421875 0.79765625 0.29375 0.4046875
3 0.5 0.9296875 0.946875 0.1171875
7 0.5 0.99375 1 0.01171875
0 0.98515625 0.88828125 0.01953125 0.02578125
4 0.95390625 0.8296875 0.0625 0.08359375