4 0.10859375 0.0359375 0.17890625 0.04296875
0 0.10859375 0.0328125 0.17890625 0.06484375
6 0.82578125 0.0328125 0.08671875 0.03125
7 0.9328125 0.0328125 0.05859375 0.03125
7 0.2625 0.096875 0.2171875 0.0328125
6 0.41484375 0.09921875 0.08671875 0.02578125
7 0.47421875 0.096875 0.02421875 0.0328125
7 0.6234375 0.096875 0.27421875 0.0328125
6 0.803125 0.09921875 0.08515625 0.02578125
2 0.38515625 0.2484375 0.39765625 0.078125
2 0.6984375 0.2484375 0.23046875 0.078125
7 0.5 0.3296875 1 0.05234375
4 0.28515625 0.6890625 0.37109375 0.3515625
7 0.259375 0.62578125 0.21875 0.040625
7 0.259375 0.6703125 0.2203125 0.040625
0 0.259375 0.7515625 0.165625 0.06484375
7 0.66484375 0.559375 0.0453125 0.0375
7 0.759375 0.6703125 0.28125 0.1328125
0 0.759375 0.7953125 0.165625 0.06484375