4 0.08984375 0.0625 0.12890625 0.04453125
0 0.08984375 0.0625 0.12890625 0.04453125
7 0.2359375 0.0625 0.08515625 0.03359375
7 0.403125 0.0625 0.1671875 0.03359375
0 0.403125 0.0625 0.1671875 0.03359375
7 0.584375 0.0625 0.14453125 0.03359375
0 0.584375 0.0625 0.14453125 0.03359375
0 0.8171875 0.0625 0.17578125 0.05234375
6 0.95234375 0.0625 0.04375 0.02890625
2 0.2671875 0.2796875 0.46484375 0.13125
7 0.2671875 0.38203125 0.46484375 0.03515625
0 0.18125 0.46015625 0.29296875 0.0609375
4 0.059375 0.5484375 0.0171875 0.0296875
0 0.103125 0.5484375 0.13671875 0.05625
7 0.12109375 0.5484375 0.0703125 0.0296875
4 0.215625 0.54921875 0.0171875 0.02578125
0 0.259375 0.5484375 0.13671875 0.05625
7 0.271875 0.5484375 0.08125 0.0296875
4 0.7328125 0.39609375 0.46484375 0.44765625
4 0.5 0.678125 1 0.025
2 0.4484375 0.80625 0.66015625 0.0484375
2 0.8296875 0.80625 0.0890625 0.0484375
2 0.87734375 0.80625 0.00859375 0.0484375
2 0.159375 0.85859375 0.140625 0.0484375
2 0.2640625 0.85859375 0.0703125 0.0484375
2 0.37109375 0.85859375 0.13125 0.0484375
2 0.67734375 0.884375 0.46796875 0.1