4 0.5015625 0.50234375 0.996875 0.9953125
4 0.48671875 0.4515625 0.1984375 0.209375
7 0.28359375 0.44453125 0.22265625 0.084375
7 0.70078125 0.45078125 0.234375 0.096875
0 0.0390625 0.9515625 0.05234375 0.03984375
0 0.09140625 0.95078125 0.0421875 0.0421875
0 0.13671875 0.95 0.03984375 0.0453125
0 0.18515625 0.95234375 0.04921875 0.046875
0 0.240625 0.9515625 0.05234375 0.04296875
0 0.296875 0.953125 0.0515625 0.04296875
0 0.353125 0.95390625 0.05390625 0.0375
0 0.409375 0.9515625 0.0515625 0.0328125
0 0.46875 0.953125 0.05859375 0.03671875
0 0.73984375 0.95625 0.02265625 0.0390625
0 0.775 0.95625 0.02421875 0.0453125
0 0.809375 0.95390625 0.025 0.03515625
0 0.84375 0.95234375 0.02109375 0.03515625
0 0.921875 0.95546875 0.1109375 0.03828125