7 0.41953125 0.934375 0.6828125 0.05859375
6 0.31953125 0.9515625 0.075 0.025
7 0.359375 0.9515625 0.00390625 0.025
0 0.85546875 0.93515625 0.1328125 0.0625
7 0.4390625 0.0453125 0.103125 0.03125
0 0.4390625 0.0453125 0.103125 0.090625
7 0.5640625 0.0453125 0.06875 0.03125
0 0.5640625 0.0453125 0.06875 0.090625
7 0.69296875 0.0453125 0.11015625 0.03125
0 0.6921875 0.0453125 0.109375 0.090625
7 0.8203125 0.0453125 0.06640625 0.03125
0 0.81953125 0.0453125 0.0671875 0.090625
2 0.2484375 0.35390625 0.340625 0.16171875
7 0.2484375 0.56015625 0.340625 0.125
0 0.1453125 0.6953125 0.134375 0.0625
4 0.15 0.08671875 0.3 0.1734375