7 0.5984375 0.00625 0.034375 0.0125
0 0.621875 0.0171875 0.1015625 0.03359375
4 0.0890625 0.03125 0.13125 0.04140625
0 0.0890625 0.03125 0.13125 0.02109375
6 0.2515625 0.03125 0.05390625 0.02109375
6 0.3703125 0.03125 0.08984375 0.02109375
6 0.4984375 0.03125 0.071875 0.02109375
0 0.596875 0.03125 0.03125 0.02109375
4 0.62421875 0.03125 0.0234375 0.03125
6 0.1296875 0.109375 0.2125 0.03125
6 0.23828125 0.15625 0.4296875 0.02109375
2 0.34609375 0.30703125 0.575 0.07265625
7 0.10390625 0.36015625 0.090625 0.025
7 0.2390625 0.4125 0.36015625 0.025
7 0.3640625 0.49609375 0.6109375 0.09375
7 0.25703125 0.57890625 0.39765625 0.025
6 0.55 0.57890625 0.1875 0.025
7 0.35859375 0.65703125 0.6 0.18125
7 0.3171875 0.7875 0.51640625 0.025
6 0.359375 0.803125 0.6015625 0.05625
7 0.35703125 0.85 0.596875 0.0875
6 0.58046875 0.88125 0.1203125 0.025
7 0.0734375 0.9125 0.03046875 0.025
6 0.1671875 0.9125 0.15625 0.025
7 0.246875 0.9125 0.00390625 0.025
7 0.353125 0.97578125 0.58984375 0.0484375
6 0.4328125 0.99140625 0.446875 0.0171875
7 0.3625 0.99140625 0.6078125 0.0171875
1 0.8203125 0.31484375 0.209375 0.04453125
4 0.72734375 0.3953125 0.0234375 0.0328125
2 0.77421875 0.39296875 0.03984375 0.03125
7 0.91328125 0.39296875 0.0234375 0.03125
7 0.7265625 0.465625 0.0234375 0.0328125
2 0.7765625 0.4640625 0.0453125 0.0328125
7 0.91328125 0.4640625 0.0234375 0.0328125
4 0.72734375 0.534375 0.0234375 0.0328125
0 0.8203125 0.534375 0.209375 0.0328125
2 0.76875 0.534375 0.0296875 0.0328125
4 0.72734375 0.6046875 0.0234375 0.0328125
0 0.8203125 0.60390625 0.209375 0.03359375
2 0.78671875 0.603125 0.065625 0.0328125
7 0.8203125 0.67578125 0.209375 0.03671875
4 0.79296875 0.7078125 0.0234375 0.0328125
0 0.80859375 0.70859375 0.0546875 0.03125
4 0.84765625 0.7078125 0.0234375 0.0328125
0 0.84765625 0.70859375 0.0234375 0.03125
7 0.8203125 0.77890625 0.209375 0.03671875
4 0.765625 0.8109375 0.0296875 0.0328125
0 0.78125 0.8109375 0.0609375 0.03125
4 0.82265625 0.8109375 0.02421875 0.0328125
0 0.83828125 0.8109375 0.05546875 0.03125
4 0.87734375 0.8109375 0.02421875 0.0328125
0 0.87734375 0.8109375 0.02421875 0.03125