6 0.815625 0.0328125 0.04375 0.02578125
6 0.884375 0.0328125 0.06640625 0.02578125
4 0.940625 0.0328125 0.021875 0.02578125
4 0.96484375 0.0328125 0.021875 0.02578125
4 0.00703125 0.71953125 0.0140625 0.0328125
2 0.621875 0.2046875 0.6859375 0.1484375
7 0.46015625 0.3828125 0.3515625 0.11484375
6 0.4359375 0.4703125 0.27421875 0.021875
6 0.4109375 0.5015625 0.2234375 0.021875
6 0.4546875 0.5328125 0.31171875 0.021875
6 0.44765625 0.5640625 0.29765625 0.021875
6 0.415625 0.5953125 0.23359375 0.021875
7 0.7734375 0.35859375 0.1796875 0.021875
0 0.7984375 0.359375 0.2609375 0.05234375
4 0.90390625 0.3609375 0.02265625 0.02890625
7 0.7796875 0.434375 0.19140625 0.021875
0 0.7984375 0.43515625 0.2609375 0.05234375
4 0.90390625 0.4359375 0.02265625 0.02890625
7 0.784375 0.509375 0.2015625 0.021875
0 0.7984375 0.51015625 0.2609375 0.05234375
4 0.90390625 0.51171875 0.02265625 0.02890625
2 0.6921875 0.6828125 0.60078125 0.02734375
7 0.42109375 0.740625 0.025 0.02109375
7 0.478125 0.740625 0.090625 0.025
7 0.525 0.75234375 0.21171875 0.04453125
7 0.49140625 0.7640625 0.0375 0.02109375
7 0.5203125 0.77578125 0.221875 0.04453125
7 0.5203125 0.8421875 0.2546875 0.046875
1 0.51484375 0.909375 0.13984375 0.03515625
1 0.5203125 0.9796875 0.23359375 0.040625
2 0.81875 0.6828125 0.2609375 0.02734375
4 0.81953125 0.7828125 0.14765625 0.09140625
7 0.81953125 0.92578125 0.2546875 0.1171875
4 0.009375 0.98828125 0.01875 0.0234375
4 0.5 0.2296875 1 0.0453125