4 0.1328125 0.0453125 0.1578125 0.0484375
0 0.10625 0.04765625 0.21171875 0.053125
7 0.3015625 0.04765625 0.0640625 0.021875
0 0.3015625 0.04765625 0.0640625 0.021875
4 0.346875 0.04765625 0.0125 0.0171875
7 0.428125 0.04765625 0.096875 0.021875
0 0.428125 0.04765625 0.096875 0.021875
7 0.54609375 0.04765625 0.0859375 0.021875
0 0.54609375 0.04765625 0.0859375 0.021875
7 0.64921875 0.04765625 0.06953125 0.021875
0 0.64921875 0.04765625 0.06953125 0.021875
7 0.809375 0.04765625 0.0578125 0.021875
0 0.809375 0.04765625 0.0578125 0.021875
7 0.89921875 0.04765625 0.0703125 0.021875
0 0.89921875 0.04765625 0.0703125 0.021875
4 0.5 0.3609375 1 0.5328125
4 0.9125 0.2515625 0.175 0.3125
7 0.12890625 0.21015625 0.146875 0.02734375
4 0.278125 0.2109375 0.11875 0.01328125
2 0.278125 0.30546875 0.4453125 0.165625
7 0.278125 0.4625 0.4453125 0.103125
4 0.6109375 0.19921875 0.015625 0.02109375
0 0.721875 0.2015625 0.3734375 0.06015625
7 0.7328125 0.2015625 0.2140625 0.021875
7 0.721875 0.2515625 0.028125 0.02890625
1 0.6234375 0.31875 0.1765625 0.053125
7 0.59375 0.32109375 0.09765625 0.02734375
7 0.890625 0.2765625 0.03515625 0.0328125
0 0.890625 0.2765625 0.03515625 0.0328125
1 0.81953125 0.31875 0.1765625 0.053125
7 0.81484375 0.32109375 0.14765625 0.02734375
7 0.721875 0.38125 0.3734375 0.02734375
7 0.60859375 0.415625 0.0859375 0.03515625
7 0.80625 0.415625 0.11015625 0.03515625
7 0.59375 0.4546875 0.05625 0.03515625
7 0.7828125 0.4546875 0.0640625 0.03515625
7 0.58359375 0.4953125 0.0359375 0.03515625
7 0.721875 0.56328125 0.290625 0.021875
0 0.721875 0.5625 0.3734375 0.06015625
7 0.63046875 0.6109375 0.16328125 0.0171875
0 0.753125 0.61171875 0.08515625 0.01796875
7 0.8078125 0.6109375 0.0265625 0.0171875
0 0.8578125 0.61171875 0.075 0.01796875
4 0.8953125 0.375 0.1515625 0.56015625
4 0.1828125 0.77734375 0.11875 0.10390625
7 0.1828125 0.85625 0.14765625 0.02734375
7 0.1828125 0.93125 0.2953125 0.103125
4 0.5 0.77734375 0.11875 0.10390625
7 0.5 0.85625 0.13125 0.02734375
7 0.5 0.93125 0.2953125 0.103125
4 0.8171875 0.77734375 0.11875 0.10390625
7 0.8171875 0.85625 0.2234375 0.02734375
7 0.8171875 0.93125 0.2953125 0.103125