4 0.2234375 0.45546875 0.39453125 0.57265625
2 0.696875 0.19296875 0.5234375 0.046875
7 0.52421875 0.27109375 0.178125 0.02578125
7 0.66328125 0.27109375 0.10234375 0.02578125
7 0.69609375 0.30234375 0.5203125 0.08828125
7 0.7171875 0.41953125 0.484375 0.0625
7 0.7171875 0.50546875 0.484375 0.03125
7 0.7125 0.60703125 0.4765625 0.08828125
6 0.65546875 0.63828125 0.1109375 0.02578125
7 0.7125 0.63828125 0.00625 0.02578125
7 0.696875 0.72421875 0.5234375 0.0625
5 0.484375 0.7875 0.09765625 0.03125
1 0.653125 0.7875 0.23125 0.0390625
5 0.48359375 0.8296875 0.0953125 0.03125
1 0.65078125 0.8296875 0.23125 0.0390625
5 0.465625 0.87109375 0.059375 0.03125
1 0.61484375 0.87109375 0.23125 0.0390625
1 0.5109375 0.9125 0.15 0.0390625
7 0.690625 0.9671875 0.5109375 0.06484375