0 0.10390625 0.01953125 0.08125 0.0390625
7 0.19921875 0.01953125 0.046875 0.0234375
0 0.20390625 0.01953125 0.1 0.0390625
7 0.346875 0.01953125 0.12109375 0.0234375
0 0.3515625 0.01953125 0.1734375 0.0390625
7 0.528125 0.01953125 0.11640625 0.0234375
0 0.5328125 0.01953125 0.16875 0.0390625
7 0.6765625 0.01953125 0.0546875 0.0234375
0 0.68125 0.01953125 0.1078125 0.0390625
7 0.8078125 0.01953125 0.08203125 0.0234375
0 0.8125 0.01953125 0.134375 0.0390625
0 0.91953125 0.01953125 0.0578125 0.0390625
4 0.1125 0.21796875 0.1125 0.15
0 0.1125 0.21796875 0.1125 0.15
4 0.5 0.19453125 0.4296875 0.2328125
2 0.5 0.37734375 0.603125 0.02890625
7 0.253125 0.46484375 0.06171875 0.0234375
0 0.25859375 0.46484375 0.1140625 0.0390625
7 0.365625 0.46484375 0.05078125 0.0234375
0 0.3703125 0.46484375 0.103125 0.0390625
7 0.48984375 0.46484375 0.08671875 0.0234375
0 0.49453125 0.46484375 0.13984375 0.0390625
7 0.61640625 0.46484375 0.0546875 0.0234375
0 0.62109375 0.46484375 0.1078125 0.0390625
7 0.73359375 0.46484375 0.06875 0.0234375
0 0.73828125 0.46484375 0.12109375 0.0390625
4 0.88203125 0.225 0.121875 0.1625
0 0.88203125 0.225 0.121875 0.1625
2 0.26328125 0.60546875 0.44453125 0.0703125
7 0.2828125 0.66640625 0.40546875 0.02578125
7 0.2828125 0.69296875 0.40546875 0.02578125
7 0.2828125 0.71875 0.40546875 0.02578125
7 0.2828125 0.74453125 0.40546875 0.02578125
7 0.2828125 0.77109375 0.40546875 0.02578125
7 0.2828125 0.796875 0.40546875 0.02578125
7 0.2828125 0.8359375 0.40546875 0.02578125
7 0.2828125 0.86171875 0.40546875 0.02578125
7 0.2828125 0.88828125 0.40546875 0.02578125
6 0.26328125 0.953125 0.44453125 0.07578125
7 0.7390625 0.615625 0.4 0.06484375
7 0.59140625 0.67421875 0.05390625 0.0234375
7 0.77421875 0.6875 0.3140625 0.04921875
0 0.53515625 0.6484375 0.040625 0.078125
0 0.93828125 0.6484375 0.040625 0.078125
4 0.71953125 0.73984375 0.0109375 0.01328125
4 0.73671875 0.73984375 0.0109375 0.01328125
4 0.7546875 0.73984375 0.0109375 0.01328125
3 0.73671875 0.8890625 0.44453125 0.22109375