2 0.08984375 0.0390625 0.15625 0.078125
0 0.278125 0.0390625 0.08671875 0.078125
0 0.35859375 0.0390625 0.07734375 0.078125
0 0.4328125 0.0390625 0.0734375 0.078125
0 0.51640625 0.0390625 0.09453125 0.078125
0 0.59453125 0.0390625 0.06328125 0.078125
1 0.7296875 0.0390625 0.17109375 0.0390625
1 0.84296875 0.03828125 0.0578125 0.0375
4 0.91328125 0.0375 0.01640625 0.0140625
0 0.93984375 0.0390625 0.0984375 0.078125
7 0.93828125 0.03828125 0.021875 0.01953125
2 0.06328125 0.1765625 0.046875 0.0640625
2 0.1890625 0.17578125 0.1796875 0.0703125
2 0.6203125 0.17578125 0.68125 0.0703125
2 0.5 0.31875 0.946875 0.046875
2 0.5 0.37265625 0.946875 0.04140625
7 0.5 0.4359375 0.946875 0.06640625
3 0.73828125 0.66875 0.4671875 0.35
4 0.4203125 0.93671875 0.0203125 0.02734375
0 0.5 0.95234375 0.9359375 0.0875
7 0.48125 0.93515625 0.0828125 0.0234375
6 0.55546875 0.93515625 0.06953125 0.0234375
7 0.5 0.9703125 0.9140625 0.021875