4 0.96328125 0.0421875 0.0203125 0.02734375
0 0.96328125 0.0421875 0.034375 0.0453125
4 0.89921875 0.0421875 0.06953125 0.0375
0 0.89921875 0.0421875 0.06953125 0.0375
4 0.82890625 0.0421875 0.0203125 0.02734375
0 0.8171875 0.0421875 0.06953125 0.04296875
7 0.80390625 0.0421875 0.0203125 0.04296875
4 0.2375 0.0421875 0.01484375 0.01953125
0 0.2046875 0.0421875 0.103125 0.040625
7 0.196875 0.0421875 0.06328125 0.0375
4 0.1203125 0.0421875 0.015625 0.021875
0 0.08046875 0.0421875 0.1203125 0.04296875
7 0.07109375 0.0421875 0.07734375 0.04296875
1 0.521875 0.0421875 0.40703125 0.053125
4 0.49921875 0.040625 0.44921875 0.05078125
4 0.3 0.0421875 0.0203125 0.02734375
0 0.3 0.0421875 0.03828125 0.02734375
7 0.94609375 0.109375 0.053125 0.02890625
7 0.79765625 0.109375 0.21015625 0.02890625
0 0.79765625 0.109375 0.221875 0.02890625
2 0.8453125 0.178125 0.1453125 0.0296875
0 0.8453125 0.178125 0.1453125 0.0296875
7 0.12421875 0.178125 0.05390625 0.0390625
0 0.11640625 0.178125 0.06953125 0.0390625
4 0.0890625 0.178125 0.0140625 0.01796875
4 0.815625 0.3078125 0.2046875 0.365625
0 0.815625 0.3078125 0.2046875 0.1578125
4 0.815625 0.3078125 0.2046875 0.1578125
4 0.86796875 0.3078125 0.08125 0.1421875
7 0.76484375 0.32890625 0.034375 0.02734375
4 0.7375 0.3296875 0.015625 0.02109375
7 0.7625 0.3640625 0.03203125 0.02734375
4 0.73359375 0.36328125 0.01953125 0.02578125
2 0.9109375 0.4125 0.0140625 0.02578125
0 0.821875 0.4125 0.19140625 0.02890625
7 0.90390625 0.45546875 0.028125 0.02109375
7 0.87265625 0.45546875 0.028125 0.02109375
7 0.8328125 0.45546875 0.0453125 0.02109375
7 0.78984375 0.45546875 0.03515625 0.02109375
4 0.60625 0.3078125 0.2046875 0.365625
0 0.60625 0.3078125 0.2046875 0.1578125
4 0.60625 0.3078125 0.2046875 0.1578125
4 0.65859375 0.3078125 0.08125 0.1421875
4 0.60625 0.290625 0.1859375 0.3296875
7 0.55703125 0.32890625 0.0359375 0.02734375
4 0.528125 0.3296875 0.015625 0.02109375
7 0.5546875 0.3640625 0.03515625 0.02734375
4 0.52421875 0.36328125 0.01953125 0.02578125
2 0.70234375 0.4125 0.0140625 0.02578125
0 0.61328125 0.4125 0.19140625 0.02890625
7 0.6953125 0.45546875 0.02734375 0.02109375
7 0.66484375 0.45546875 0.028125 0.02109375
7 0.62890625 0.45546875 0.0375 0.02109375
7 0.58828125 0.45546875 0.03828125 0.02109375
4 0.39765625 0.3078125 0.2046875 0.365625
0 0.39765625 0.3078125 0.2046875 0.1578125
4 0.39765625 0.3078125 0.2046875 0.1578125
4 0.45 0.3078125 0.08125 0.1421875
7 0.3484375 0.32890625 0.0375 0.02734375
4 0.31953125 0.3296875 0.015625 0.02109375
7 0.34609375 0.3640625 0.0359375 0.02734375
4 0.315625 0.36328125 0.01953125 0.02578125
2 0.4859375 0.4125 0.02734375 0.02578125
0 0.4046875 0.4125 0.19140625 0.02890625
7 0.4859375 0.45546875 0.02734375 0.02109375
7 0.45390625 0.45546875 0.03203125 0.02109375
7 0.4203125 0.45546875 0.0296875 0.02109375
7 0.37265625 0.45546875 0.059375 0.02109375
4 0.18828125 0.3078125 0.2046875 0.365625
0 0.18828125 0.3078125 0.2046875 0.1578125
4 0.18828125 0.3078125 0.2046875 0.1578125
4 0.240625 0.3078125 0.08125 0.1421875
7 0.13203125 0.3640625 0.0359375 0.02734375
4 0.103125 0.36328125 0.015625 0.02109375
2 0.278125 0.4125 0.0265625 0.02578125
0 0.1953125 0.4125 0.19140625 0.02890625
7 0.278125 0.45546875 0.0265625 0.02109375
7 0.24765625 0.45546875 0.028125 0.02109375
7 0.2078125 0.45546875 0.0453125 0.02109375
7 0.1671875 0.45546875 0.03046875 0.02109375
4 0.040625 0.3078125 0.08125 0.365625
0 0.040625 0.30703125 0.08125 0.1578125
4 0.040625 0.30703125 0.08125 0.1578125
4 0.0359375 0.3078125 0.071875 0.1421875
2 0.04453125 0.4125 0.075 0.02578125
0 0.040625 0.41171875 0.08125 0.0296875
7 0.06953125 0.45546875 0.025 0.02109375
7 0.03984375 0.45546875 0.028125 0.02109375
7 0.0109375 0.4546875 0.021875 0.021875
4 0.08515625 0.30078125 0.0328125 0.04453125
0 0.08515625 0.3015625 0.0390625 0.053125
2 0.87578125 0.5375 0.084375 0.0296875
4 0.815625 0.65546875 0.2046875 0.1578125
0 0.815625 0.65546875 0.2046875 0.1578125
7 0.73515625 0.7125 0.03046875 0.02578125
2 0.82578125 0.76015625 0.184375 0.02578125
0 0.821875 0.76015625 0.19140625 0.02890625
7 0.9078125 0.79765625 0.0203125 0.021875
0 0.821875 0.796875 0.19140625 0.0234375
7 0.88671875 0.8265625 0.0625 0.025
7 0.809375 0.8265625 0.06171875 0.025
4 0.60625 0.65546875 0.2046875 0.1578125
0 0.60625 0.65546875 0.2046875 0.1578125
7 0.5296875 0.7125 0.03828125 0.02578125
2 0.653125 0.76015625 0.1125 0.02578125
0 0.61328125 0.76015625 0.19140625 0.02890625
7 0.70078125 0.79765625 0.01640625 0.021875
0 0.61328125 0.796875 0.19140625 0.0234375
4 0.678125 0.79765625 0.0109375 0.0140625
7 0.6734375 0.8265625 0.07109375 0.025
7 0.5890625 0.8265625 0.065625 0.025
4 0.39765625 0.65546875 0.2046875 0.1578125
0 0.39765625 0.65546875 0.2046875 0.1578125
7 0.31796875 0.7125 0.03203125 0.02578125
2 0.41796875 0.77421875 0.1640625 0.053125
0 0.4046875 0.77421875 0.19140625 0.05625
7 0.48515625 0.825 0.0296875 0.021875
0 0.4046875 0.82421875 0.19140625 0.0234375
7 0.46875 0.853125 0.0625 0.025
7 0.38984375 0.853125 0.0640625 0.025
4 0.18828125 0.65546875 0.2046875 0.1578125
0 0.18828125 0.65546875 0.2046875 0.1578125
7 0.1109375 0.7125 0.0359375 0.02578125
2 0.19609375 0.77421875 0.1890625 0.053125
0 0.1953125 0.77421875 0.19140625 0.05625
7 0.27109375 0.825 0.03984375 0.021875
0 0.1953125 0.82421875 0.19140625 0.0234375
4 0.23671875 0.825 0.0109375 0.0140625
7 0.2671875 0.853125 0.046875 0.025
7 0.19609375 0.853125 0.0640625 0.025
4 0.815625 0.94140625 0.2046875 0.1171875
0 0.815625 0.94140625 0.2046875 0.1171875
4 0.60625 0.94140625 0.2046875 0.1171875
0 0.60625 0.94140625 0.2046875 0.1171875
4 0.39765625 0.94140625 0.2046875 0.1171875
0 0.39765625 0.94140625 0.2046875 0.1171875
4 0.18828125 0.94140625 0.2046875 0.1171875
0 0.18828125 0.94140625 0.2046875 0.1171875