4 0.5 0.4375 1 0.4796875
4 0.50234375 0.07578125 0.11953125 0.1109375
2 0.5015625 0.7328125 0.14609375 0.04296875
2 0.496875 0.9328125 0.43046875 0.053125
7 0.50234375 0.984375 0.4109375 0.03125
1 0.325 0.7953125 0.1796875 0.0484375
1 0.5015625 0.796875 0.171875 0.0546875
5 0.2796875 0.79453125 0.07265625 0.034375
5 0.45390625 0.79453125 0.06953125 0.0359375
0 0.678125 0.79609375 0.175 0.05234375
0 0.48515625 0.6375 0.02421875 0.03984375
0 0.5140625 0.63828125 0.0265625 0.04765625
0 0.26953125 0.17109375 0.07890625 0.046875
0 0.35390625 0.1703125 0.07890625 0.04921875
0 0.4390625 0.1703125 0.08203125 0.04921875
0 0.51328125 0.17109375 0.0625 0.05
0 0.5890625 0.16875 0.08125 0.04765625
0 0.6640625 0.171875 0.06875 0.0515625
0 0.7390625 0.1703125 0.07734375 0.0453125
0 0.8484375 0.0703125 0.04453125 0.0453125
0 0.92265625 0.07265625 0.09296875 0.046875
7 0.08125 0.06796875 0.12265625 0.028125