4 0.06875 0.0453125 0.059375 0.090625
0 0.12578125 0.0453125 0.1765625 0.090625
7 0.91953125 0.0421875 0.0828125 0.03515625
0 0.67890625 0.09453125 0.07109375 0.0640625
7 0.7546875 0.0921875 0.03984375 0.02109375
4 0.7890625 0.09375 0.0140625 0.01015625
0 0.83359375 0.09453125 0.0359375 0.0640625
7 0.890625 0.09453125 0.0390625 0.0640625
4 0.9453125 0.0921875 0.03125 0.04140625
7 0.5 0.19140625 0.946875 0.02109375
3 0.5 0.26015625 0.946875 0.1171875
4 0.06875 0.3375 0.05859375 0.01015625
7 0.5 0.36640625 0.921875 0.0484375
2 0.4984375 0.44765625 0.921875 0.07265625
0 0.5 0.44765625 0.921875 0.07265625
7 0.20546875 0.50625 0.33515625 0.0234375
7 0.4203125 0.50625 0.09453125 0.0234375
4 0.5 0.76953125 0.921875 0.4609375
0 0.5 0.76953125 0.921875 0.4609375