4 0.5 0.5 1 0.996875
2 0.246875 0.15546875 0.16640625 0.1078125
4 0.2421875 0.078125 0.05390625 0.0796875
0 0.98359375 0.0265625 0.01640625 0.02421875
0 0.9828125 0.0578125 0.01796875 0.0265625
0 0.98359375 0.24296875 0.01796875 0.02578125
0 0.98515625 0.7546875 0.02890625 0.07734375
0 0.77890625 0.98046875 0.02265625 0.03046875
0 0.8 0.97890625 0.01484375 0.02734375
0 0.81875 0.98203125 0.01796875 0.0296875
0 0.83828125 0.98125 0.01796875 0.02890625
0 0.87265625 0.965625 0.02109375 0.0265625
0 0.16875 0.97734375 0.046875 0.0453125
0 0.2515625 0.9765625 0.05703125 0.03984375
0 0.34921875 0.9765625 0.08125 0.0390625
0 0.43203125 0.97890625 0.0390625 0.0421875
0 0.50390625 0.97890625 0.05859375 0.040625
0 0.59296875 0.978125 0.06953125 0.04140625
0 0.6796875 0.97890625 0.05 0.0421875
0 0.73984375 0.96953125 0.0296875 0.01875