4 0.06484375 0.040625 0.028125 0.03359375
0 0.14609375 0.0375 0.0515625 0.075
0 0.2328125 0.0375 0.06875 0.075
0 0.32578125 0.0375 0.0609375 0.075
0 0.41015625 0.0375 0.0546875 0.075
7 0.5140625 0.04296875 0.08515625 0.02109375
0 0.5203125 0.03671875 0.109375 0.07265625
0 0.640625 0.0375 0.078125 0.075
0 0.73984375 0.0375 0.0671875 0.075
0 0.82890625 0.0375 0.0546875 0.075
7 0.93515625 0.04453125 0.01484375 0.02578125
7 0.5 0.09140625 1 0.03125
3 0.5 0.26953125 0.946875 0.32578125
2 0.30703125 0.475 0.54375 0.01953125
4 0.30703125 0.6859375 0.49140625 0.36484375
0 0.30703125 0.6859375 0.54375 0.36484375
2 0.25625 0.93125 0.4421875 0.1015625
2 0.78203125 0.475 0.3859375 0.01953125
4 0.66953125 0.55546875 0.1296875 0.103125
0 0.66953125 0.55546875 0.1515625 0.103125
2 0.8546875 0.5484375 0.2015625 0.0859375
4 0.66953125 0.7046875 0.13984375 0.103125
0 0.66953125 0.7046875 0.1515625 0.103125
2 0.86015625 0.69765625 0.2125 0.0859375
4 0.66875 0.8546875 0.140625 0.103125
0 0.66953125 0.8546875 0.1515625 0.103125
2 0.8609375 0.84765625 0.2140625 0.0859375
4 0.66953125 0.9765625 0.13984375 0.046875
0 0.66953125 0.9765625 0.1515625 0.046875
2 0.859375 0.97734375 0.2109375 0.0453125