7 0.265625 0.0453125 0.48828125 0.046875
4 0.5328125 0.0453125 0.01640625 0.021875
0 0.67265625 0.0453125 0.32734375 0.046875
7 0.659375 0.046875 0.26953125 0.046875
0 0.89765625 0.0453125 0.0921875 0.046875
0 0.0296875 0.11953125 0.03515625 0.05703125
0 0.12421875 0.11953125 0.04609375 0.05703125
0 0.225 0.11953125 0.046875 0.05703125
0 0.33359375 0.11953125 0.06328125 0.05703125
0 0.4484375 0.11953125 0.059375 0.05703125
0 0.5515625 0.11953125 0.03828125 0.05703125
0 0.65234375 0.11953125 0.05625 0.05703125
0 0.7703125 0.11953125 0.07109375 0.05703125
4 0.878125 0.11953125 0.03828125 0.05703125
0 0.96953125 0.11953125 0.0375 0.05703125
0 0.5 0.17734375 0.359375 0.02578125
6 0.31953125 0.234375 0.071875 0.02109375
7 0.5359375 0.234375 0.36328125 0.02109375
2 0.5 0.37890625 1 0.0625
2 0.5 0.453125 0.3421875 0.07265625
7 0.3765625 0.5140625 0.04375 0.02734375
7 0.43515625 0.5140625 0.075 0.03359375
7 0.484375 0.5140625 0.025 0.02734375
7 0.5171875 0.5140625 0.040625 0.03359375
7 0.5890625 0.5140625 0.103125 0.02734375
6 0.64375 0.509375 0.00625 0.0171875
6 0.4640625 0.5625 0.115625 0.03359375
6 0.56875 0.5625 0.0484375 0.03359375
7 0.5 0.70625 0.77734375 0.5875