4 0.14765625 0.034375 0.17890625 0.01953125
6 0.27890625 0.0328125 0.02421875 0.06484375
6 0.32421875 0.0328125 0.02734375 0.06484375
6 0.36953125 0.0328125 0.02421875 0.06484375
6 0.41328125 0.0328125 0.02421875 0.06484375
6 0.4578125 0.0328125 0.02421875 0.06484375
6 0.503125 0.0328125 0.028125 0.06484375
7 0.9640625 0.0328125 0.05390625 0.02578125
0 0.95078125 0.0328125 0.08125 0.0390625
7 0.77421875 0.0328125 0.025 0.0390625
7 0.81640625 0.03203125 0.053125 0.01953125
0 0.81640625 0.0328125 0.0609375 0.0234375
7 0.8484375 0.03046875 0.0046875 0.02734375
7 0.87578125 0.03203125 0.04375 0.01953125
0 0.87578125 0.0328125 0.0515625 0.0234375
0 0.17109375 0.08515625 0.0421875 0.01953125
0 0.25234375 0.08515625 0.0578125 0.01953125
0 0.3296875 0.08515625 0.034375 0.01953125
0 0.4109375 0.08515625 0.06328125 0.01953125
0 0.490625 0.08515625 0.03125 0.01953125
7 0.5640625 0.08359375 0.053125 0.01796875
0 0.56953125 0.08515625 0.0625 0.01953125
0 0.64921875 0.08515625 0.03203125 0.01953125
0 0.7328125 0.08515625 0.0734375 0.01953125
0 0.82578125 0.08515625 0.04765625 0.01953125
7 0.40703125 0.13203125 0.2578125 0.021875
6 0.5734375 0.13203125 0.0765625 0.021875
7 0.66640625 0.13203125 0.11015625 0.021875
4 0.35625 0.23046875 0.21015625 0.078125
0 0.35625 0.23046875 0.28828125 0.078125
1 0.64375 0.228125 0.25859375 0.0390625
6 0.49921875 0.98671875 0.20625 0.015625
7 0.15234375 0.5703125 0.2328125 0.28671875
7 0.4046875 0.4453125 0.19375 0.0390625
7 0.48515625 0.61640625 0.3546875 0.37890625
7 0.3265625 0.61015625 0.03046875 0.040625
0 0.3265625 0.60390625 0.0359375 0.0390625
7 0.3265625 0.6375 0.02421875 0.0140625
7 0.3703125 0.61015625 0.034375 0.040625
0 0.3703125 0.60390625 0.03984375 0.0390625
7 0.37109375 0.6375 0.01953125 0.0140625
7 0.415625 0.61015625 0.03046875 0.040625
0 0.415625 0.60390625 0.0359375 0.0390625
7 0.41484375 0.6375 0.0234375 0.0140625
7 0.4578125 0.61015625 0.03046875 0.040625
0 0.4578125 0.60390625 0.0359375 0.0390625
7 0.45703125 0.6375 0.01953125 0.0140625
7 0.49921875 0.61015625 0.03046875 0.040625
0 0.49921875 0.60390625 0.0359375 0.0390625
7 0.49921875 0.6375 0.02265625 0.0140625
7 0.54140625 0.61015625 0.03046875 0.040625
0 0.54140625 0.60390625 0.0359375 0.0390625
7 0.5421875 0.6375 0.0234375 0.0140625
7 0.5859375 0.61015625 0.03515625 0.040625
0 0.5859375 0.60390625 0.040625 0.0390625
7 0.58671875 0.6375 0.02265625 0.0140625
7 0.63125 0.61015625 0.03046875 0.040625
0 0.63125 0.60390625 0.0359375 0.0390625
7 0.63125 0.6375 0.0234375 0.0140625
7 0.6734375 0.61015625 0.03046875 0.040625
0 0.6734375 0.60390625 0.0359375 0.0390625
7 0.6734375 0.6375 0.02421875 0.0140625
1 0.471875 0.703125 0.315625 0.0390625
0 0.575 0.74453125 0.109375 0.02578125
0 0.665625 0.703125 0.04609375 0.0390625
2 0.84765625 0.4390625 0.1546875 0.025
6 0.83515625 0.4921875 0.12890625 0.04453125
6 0.84765625 0.55703125 0.1546875 0.04453125
6 0.83984375 0.63515625 0.1390625 0.0703125
6 0.8890625 0.69921875 0.0734375 0.02109375
2 0.5 0.88828125 0.91796875 0.03359375
4 0.1828125 0.97265625 0.0875 0.0546875
4 0.375 0.97265625 0.0875 0.0546875
4 0.5671875 0.97265625 0.0875 0.0546875
4 0.80625 0.97265625 0.18046875 0.0546875