4 0.0578125 0.03515625 0.115625 0.0703125
4 0.9734375 0.03515625 0.03515625 0.046875
0 0.9734375 0.03515625 0.053125 0.0703125
0 0.5 0.10859375 1 0.071875
0 0.5 0.18046875 1 0.071875
7 0.5 0.25078125 0.0953125 0.01953125
0 0.5 0.2515625 1 0.071875
7 0.5 0.321875 0.0328125 0.01953125
0 0.5 0.3234375 1 0.071875
0 0.5 0.3953125 1 0.071875
0 0.5 0.4671875 1 0.071875
0 0.5 0.53828125 1 0.071875
4 0.84375 0.03671875 0.02734375 0.03671875
0 0.84375 0.03515625 0.0453125 0.0703125
7 0.90703125 0.034375 0.06328125 0.01953125
0 0.90703125 0.03515625 0.08125 0.0703125
0 0.5 0.10546875 1 0.0703125
2 0.5875 0.2875 0.24609375 0.04140625
4 0.3625 0.28828125 0.14765625 0.1390625
7 0.178125 0.440625 0.0390625 0.0296875
0 0.25625 0.440625 0.234375 0.0640625
4 0.3421875 0.4375 0.02265625 0.03125
7 0.434375 0.440625 0.0640625 0.0296875
0 0.5 0.440625 0.234375 0.0640625
4 0.58671875 0.43984375 0.02265625 0.03125
7 0.68828125 0.440625 0.0828125 0.0296875
0 0.74375 0.440625 0.234375 0.0640625
4 0.83046875 0.43984375 0.02265625 0.03125
0 0.5 0.7484375 0.72265625 0.50234375
4 0.5 0.7484375 0.72265625 0.50234375