4 0.5 0.15390625 0.60546875 0.28515625
4 0.6734375 0.56640625 0.21640625 0.23046875
4 0.6734375 0.81875 0.215625 0.23515625
4 0.67265625 0.97890625 0.2125 0.04140625
2 0.26484375 0.4015625 0.0671875 0.034375
7 0.365625 0.503125 0.271875 0.10859375
7 0.36640625 0.6359375 0.275 0.13515625
7 0.36640625 0.76796875 0.27421875 0.11875
0 0.23125 0.31796875 0.06328125 0.0390625
0 0.29296875 0.315625 0.053125 0.0375
0 0.3703125 0.3171875 0.09375 0.0421875
0 0.4484375 0.31640625 0.0515625 0.0359375
0 0.52265625 0.3171875 0.0859375 0.0375
0 0.596875 0.31796875 0.05546875 0.03203125
0 0.65859375 0.3171875 0.05625 0.034375
0 0.7421875 0.31953125 0.03359375 0.0203125
0 0.784375 0.3171875 0.03515625 0.02109375