4 0.18984375 0.05625 0.29375 0.08046875
4 0.9421875 0.05546875 0.01484375 0.01953125
0 0.9421875 0.0546875 0.03046875 0.0390625
1 0.85390625 0.0546875 0.14765625 0.0390625
0 0.721875 0.0546875 0.109375 0.0390625
0 0.63984375 0.0546875 0.04609375 0.0390625
1 0.56640625 0.0546875 0.103125 0.0390625
1 0.459375 0.0546875 0.103125 0.0390625
4 0.38828125 0.0546875 0.03046875 0.0390625
0 0.065625 0.1328125 0.0484375 0.04140625
0 0.1375 0.1328125 0.08125 0.04140625
0 0.2234375 0.1328125 0.0796875 0.04140625
0 0.303125 0.1328125 0.0640625 0.04140625
0 0.3859375 0.1328125 0.08984375 0.04140625
0 0.46953125 0.1328125 0.0640625 0.04140625
0 0.5671875 0.1328125 0.11640625 0.04140625
0 0.65546875 0.1328125 0.046875 0.04140625
0 0.7125 0.1328125 0.0546875 0.04140625
0 0.78203125 0.1328125 0.06953125 0.04140625
0 0.89140625 0.1328125 0.1359375 0.04140625
2 0.10234375 0.1953125 0.13671875 0.04140625
3 0.1359375 0.38828125 0.20390625 0.3125
2 0.10390625 0.584375 0.13984375 0.04140625
4 0.0640625 0.66015625 0.059375 0.078125
0 0.1375 0.66171875 0.20625 0.08046875
7 0.16953125 0.63203125 0.1375 0.0171875
6 0.11328125 0.65703125 0.025 0.025
4 0.134375 0.65703125 0.0109375 0.0171875
7 0.15546875 0.65625 0.0265625 0.015625
7 0.128125 0.6828125 0.05546875 0.01953125
2 0.084375 0.7515625 0.10078125 0.04140625
4 0.146875 0.865625 0.22578125 0.1546875
7 0.146875 0.959375 0.22578125 0.021875
0 0.146875 0.86640625 0.22578125 0.01953125
7 0.146875 0.984375 0.22578125 0.03125
2 0.325 0.1953125 0.10078125 0.04140625
7 0.675 0.2 0.07109375 0.0140625
0 0.68203125 0.20078125 0.08515625 0.02578125
4 0.7171875 0.19921875 0.01484375 0.01796875
4 0.30390625 0.27109375 0.059375 0.078125
0 0.37734375 0.271875 0.20625 0.08046875
7 0.409375 0.24296875 0.1375 0.0171875
4 0.35234375 0.2671875 0.01171875 0.015625
4 0.37265625 0.2671875 0.0109375 0.0171875
7 0.38984375 0.2671875 0.01875 0.015625
7 0.35625 0.29375 0.03046875 0.01953125
7 0.40546875 0.29375 0.06171875 0.01953125
4 0.51796875 0.27109375 0.059375 0.078125
0 0.59140625 0.271875 0.20625 0.08046875
7 0.6234375 0.24296875 0.1375 0.0171875
4 0.56640625 0.2671875 0.01171875 0.015625
4 0.58671875 0.2671875 0.0109375 0.0171875
7 0.60234375 0.2671875 0.01484375 0.015625
7 0.56953125 0.29375 0.03046875 0.01953125
7 0.63046875 0.29375 0.0828125 0.01953125
4 0.30390625 0.3671875 0.059375 0.078125
0 0.37734375 0.36875 0.20625 0.08046875
7 0.409375 0.3390625 0.1375 0.0171875
6 0.353125 0.3640625 0.025 0.025
4 0.37421875 0.3640625 0.0109375 0.0171875
7 0.38984375 0.36328125 0.01484375 0.015625
7 0.35625 0.38984375 0.03046875 0.01953125
7 0.3984375 0.38984375 0.046875 0.01953125
4 0.51796875 0.3671875 0.059375 0.078125
0 0.59140625 0.36875 0.20625 0.08046875
7 0.6234375 0.3390625 0.1375 0.0171875
6 0.5671875 0.3640625 0.025 0.025
4 0.58828125 0.3640625 0.0109375 0.0171875
7 0.60390625 0.36328125 0.01484375 0.015625
7 0.56953125 0.38984375 0.03046875 0.01953125
7 0.60703125 0.38984375 0.0359375 0.01953125
4 0.30390625 0.46328125 0.059375 0.078125
0 0.37734375 0.46484375 0.20625 0.08046875
7 0.409375 0.44375 0.1375 0.03359375
6 0.353125 0.47734375 0.025 0.025
4 0.37421875 0.47734375 0.0109375 0.0171875
7 0.390625 0.4765625 0.015625 0.015625
7 0.35625 0.503125 0.03125 0.01953125
4 0.51796875 0.46328125 0.059375 0.078125
0 0.59140625 0.46484375 0.20625 0.08046875
7 0.6234375 0.4359375 0.1375 0.0171875
6 0.5671875 0.46015625 0.025 0.025
4 0.58828125 0.46015625 0.0109375 0.0171875
7 0.60703125 0.459375 0.0203125 0.015625
7 0.57734375 0.4859375 0.04609375 0.01953125
4 0.30390625 0.56015625 0.059375 0.078125
0 0.37734375 0.5609375 0.20625 0.08046875
7 0.409375 0.53203125 0.1375 0.0171875
6 0.353125 0.55625 0.025 0.025
4 0.37421875 0.55625 0.0109375 0.0171875
7 0.39296875 0.55625 0.0203125 0.015625
7 0.371875 0.5828125 0.06171875 0.01953125
4 0.51796875 0.56015625 0.059375 0.078125
0 0.59140625 0.5609375 0.20625 0.08046875
7 0.6234375 0.53203125 0.1375 0.0171875
6 0.5671875 0.55625 0.025 0.025
4 0.58828125 0.55625 0.0109375 0.0171875
7 0.60703125 0.55625 0.0203125 0.015625
7 0.5875 0.5828125 0.06640625 0.01953125
4 0.30390625 0.65625 0.059375 0.078125
0 0.37734375 0.6578125 0.20625 0.08046875
7 0.409375 0.628125 0.1375 0.0171875
6 0.353125 0.653125 0.025 0.025
4 0.37421875 0.653125 0.0109375 0.0171875
7 0.39296875 0.65234375 0.0203125 0.015625
7 0.3640625 0.67890625 0.046875 0.01953125
4 0.51796875 0.65625 0.059375 0.078125
0 0.59140625 0.6578125 0.20625 0.08046875
7 0.6234375 0.63671875 0.1375 0.03359375
7 0.59140625 0.64609375 0.20625 0.05703125
4 0.30390625 0.75234375 0.059375 0.078125
0 0.37734375 0.75390625 0.20625 0.08046875
7 0.409375 0.7328125 0.1375 0.03359375
6 0.353125 0.76640625 0.025 0.025
4 0.37421875 0.76640625 0.0109375 0.0171875
7 0.39375 0.765625 0.021875 0.015625
7 0.37578125 0.7921875 0.0703125 0.01953125
4 0.51796875 0.75234375 0.059375 0.078125
0 0.59140625 0.75390625 0.20625 0.08046875
7 0.6234375 0.725 0.1375 0.0171875
4 0.56640625 0.7484375 0.01171875 0.015625
4 0.58671875 0.74921875 0.0109375 0.0171875
7 0.6046875 0.7484375 0.0203125 0.015625
7 0.59453125 0.775 0.07890625 0.01953125
4 0.30390625 0.84921875 0.059375 0.078125
0 0.37734375 0.85 0.20625 0.08046875
7 0.409375 0.82109375 0.1375 0.0171875
6 0.353125 0.8453125 0.025 0.025
4 0.37421875 0.8453125 0.0109375 0.0171875
7 0.39296875 0.8453125 0.0203125 0.015625
7 0.38046875 0.871875 0.07890625 0.01953125
4 0.51796875 0.84921875 0.059375 0.078125
0 0.59140625 0.85 0.20625 0.08046875
7 0.6234375 0.82109375 0.1375 0.0171875
6 0.5671875 0.8453125 0.025 0.025
4 0.58828125 0.8453125 0.0109375 0.0171875
7 0.60703125 0.8453125 0.0203125 0.015625
7 0.5890625 0.871875 0.06875 0.01953125
4 0.30390625 0.9453125 0.059375 0.078125
0 0.37734375 0.946875 0.20625 0.08046875
7 0.409375 0.9171875 0.1375 0.0171875
6 0.353125 0.9421875 0.025 0.025
4 0.37421875 0.9421875 0.0109375 0.0171875
7 0.39296875 0.94140625 0.0203125 0.015625
7 0.359375 0.96796875 0.0375 0.01953125
4 0.51796875 0.9453125 0.059375 0.078125
0 0.59140625 0.946875 0.20625 0.08046875
7 0.6234375 0.9171875 0.1375 0.0171875
6 0.5671875 0.9421875 0.025 0.025
4 0.58828125 0.9421875 0.0109375 0.0171875
7 0.60703125 0.94140625 0.0203125 0.015625
7 0.575 0.96796875 0.040625 0.01953125
2 0.80546875 0.1953125 0.1296875 0.04140625
4 0.7703125 0.27109375 0.059375 0.078125
0 0.8453125 0.271875 0.2109375 0.08046875
7 0.878125 0.24296875 0.1421875 0.0171875
6 0.81953125 0.2671875 0.025 0.025
4 0.840625 0.2671875 0.0109375 0.0171875
7 0.85625 0.2671875 0.015625 0.015625
7 0.8375 0.29375 0.06171875 0.01953125
4 0.7703125 0.3671875 0.059375 0.078125
0 0.8453125 0.36875 0.2109375 0.08046875
7 0.878125 0.3390625 0.1421875 0.0171875
6 0.81953125 0.3640625 0.025 0.025
4 0.840625 0.3640625 0.0109375 0.0171875
7 0.86171875 0.36328125 0.0265625 0.015625
7 0.8375 0.38984375 0.06171875 0.01953125
4 0.7703125 0.46328125 0.059375 0.078125
0 0.8453125 0.46484375 0.2109375 0.08046875
7 0.878125 0.44375 0.1421875 0.03359375
6 0.81953125 0.47734375 0.025 0.025
4 0.840625 0.47734375 0.0109375 0.0171875
7 0.85625 0.4765625 0.015625 0.015625
7 0.83515625 0.503125 0.0578125 0.01953125
4 0.7703125 0.56015625 0.059375 0.078125
0 0.8453125 0.5609375 0.2109375 0.08046875
7 0.878125 0.53203125 0.1421875 0.0171875
6 0.81953125 0.55625 0.025 0.025
4 0.840625 0.55625 0.0109375 0.0171875
7 0.85625 0.55625 0.015625 0.015625
7 0.825 0.5828125 0.0375 0.01953125
4 0.7703125 0.65625 0.059375 0.078125
0 0.8453125 0.6578125 0.2109375 0.08046875
7 0.878125 0.63671875 0.1421875 0.03359375
6 0.81953125 0.6703125 0.025 0.025
4 0.840625 0.6703125 0.0109375 0.0171875
7 0.86171875 0.66953125 0.0265625 0.015625
7 0.83515625 0.69609375 0.0578125 0.01953125
4 0.7703125 0.75234375 0.059375 0.078125
0 0.8453125 0.75390625 0.2109375 0.08046875
7 0.878125 0.725 0.1421875 0.0171875
6 0.81953125 0.74921875 0.025 0.025
4 0.840625 0.74921875 0.0109375 0.0171875
7 0.85625 0.7484375 0.015625 0.015625
7 0.8328125 0.775 0.053125 0.01953125
4 0.7703125 0.84921875 0.059375 0.078125
0 0.8453125 0.85 0.2109375 0.08046875
7 0.878125 0.82109375 0.1421875 0.0171875
6 0.81953125 0.8453125 0.025 0.025
4 0.840625 0.8453125 0.0109375 0.0171875
7 0.85625 0.8453125 0.015625 0.015625
7 0.82890625 0.871875 0.04375 0.01953125
4 0.7703125 0.9453125 0.059375 0.078125
0 0.8453125 0.946875 0.2109375 0.08046875
7 0.878125 0.9171875 0.1421875 0.0171875
6 0.81953125 0.9421875 0.025 0.025
4 0.840625 0.9421875 0.0109375 0.0171875
7 0.85625 0.94140625 0.015625 0.015625
7 0.8296875 0.96796875 0.04609375 0.01953125