7 0.3859375 0.83515625 0.3609375 0.3296875
7 0.7421875 0.33125 0.21328125 0.3625
1 0.69921875 0.540625 0.11640625 0.0265625
0 0.78046875 0.5421875 0.0359375 0.025
2 0.384375 0.14921875 0.35390625 0.071875
4 0.3890625 0.4296875 0.34921875 0.459375
2 0.22421875 0.03359375 0.13359375 0.04140625
0 0.18125 0.08125 0.05 0.02578125
0 0.2453125 0.08125 0.0625 0.0296875
0 0.309375 0.08046875 0.0453125 0.028125
0 0.365625 0.08203125 0.04375 0.0265625
0 0.41484375 0.0796875 0.03125 0.0328125
0 0.46171875 0.08046875 0.04140625 0.02421875
0 0.75625 0.034375 0.09375 0.03203125