4 0.49765625 0.1421875 0.68984375 0.284375
2 0.62265625 0.0359375 0.2234375 0.071875
2 0.57265625 0.4015625 0.31875 0.03203125
2 0.2296875 0.3921875 0.10546875 0.0421875
1 0.2296875 0.43984375 0.09765625 0.021875
0 0.2296875 0.48046875 0.065625 0.02421875
6 0.228125 0.5421875 0.1125 0.02109375
6 0.22421875 0.5765625 0.10703125 0.0234375
6 0.18984375 0.9203125 0.06171875 0.021875
6 0.4234375 0.6265625 0.1125 0.01875
6 0.696875 0.5203125 0.046875 0.01875
6 0.7953125 0.73125 0.025 0.025
1 0.23671875 0.87265625 0.15078125 0.03046875
5 0.21015625 0.871875 0.096875 0.015625
7 0.225 0.665625 0.1328125 0.134375
7 0.2296875 0.7890625 0.14140625 0.0953125
7 0.52109375 0.45 0.4171875 0.0171875
7 0.5734375 0.50234375 0.5234375 0.059375
7 0.57265625 0.590625 0.52265625 0.0921875
7 0.5734375 0.67734375 0.521875 0.05625
7 0.57265625 0.7484375 0.521875 0.053125
7 0.36640625 0.80078125 0.10859375 0.02734375
7 0.57265625 0.8875 0.09140625 0.0203125
0 0.184375 0.30625 0.0453125 0.03828125
0 0.2453125 0.30625 0.059375 0.040625
0 0.30078125 0.30625 0.040625 0.04140625
0 0.35703125 0.30625 0.0546875 0.040625
0 0.41640625 0.30546875 0.04921875 0.040625
0 0.47109375 0.30546875 0.04375 0.0421875