0 0.25 0.03671875 0.5 0.07265625
0 0.75 0.03671875 0.5 0.07265625
0 0.0484375 0.03671875 0.05859375 0.07265625
7 0.22734375 0.03671875 0.07890625 0.07265625
0 0.178125 0.03671875 0.2 0.07265625
7 0.34375 0.03671875 0.1078125 0.07265625
0 0.34375 0.03671875 0.13125 0.07265625
0 0.4453125 0.03671875 0.071875 0.07265625
7 0.93359375 0.03671875 0.021875 0.02890625
0 0.94609375 0.03671875 0.06953125 0.07265625
4 0.61640625 0.38828125 0.65234375 0.63046875
4 0.034375 0.25625 0.0484375 0.196875
2 0.175 0.2171875 0.2328125 0.115625
2 0.175 0.31328125 0.2328125 0.0796875
7 0.0859375 0.38203125 0.0546875 0.03515625
2 0.175 0.48359375 0.2328125 0.13125
7 0.1140625 0.5921875 0.0390625 0.0234375
0 0.103125 0.5921875 0.08984375 0.04921875
2 0.18046875 0.72265625 0.24375 0.0390625
4 0.18828125 0.8578125 0.25859375 0.19296875
0 0.1921875 0.88046875 0.26875 0.2390625
7 0.2828125 0.92421875 0.05 0.03359375
2 0.18828125 0.98046875 0.25859375 0.02578125
2 0.18828125 0.996875 0.25859375 0.00625
4 0.48125 0.8578125 0.25859375 0.19296875
0 0.4859375 0.88046875 0.26875 0.2390625
7 0.5734375 0.92421875 0.0546875 0.03359375
2 0.48125 0.98046875 0.25859375 0.02578125
4 0.77421875 0.8578125 0.25859375 0.19296875
0 0.778125 0.88046875 0.26875 0.2390625
7 0.86640625 0.92421875 0.0546875 0.03359375
2 0.77421875 0.98359375 0.25859375 0.0328125
4 0.96875 0.8578125 0.0625 0.19296875
0 0.96875 0.88046875 0.0625 0.2390625
2 0.96875 0.98046875 0.0625 0.02578125
7 0.3921875 0.90390625 0.765625 0.05703125
6 0.0375 0.95078125 0.0546875 0.02578125
7 0.1421875 0.95078125 0.15625 0.02578125
0 0.9546875 0.9296875 0.05078125 0.02890625