4 0.0390625 0.03828125 0.015625 0.01953125
0 0.06875 0.03828125 0.09765625 0.053125
7 0.08046875 0.0375 0.05 0.01953125
6 0.1734375 0.04140625 0.06328125 0.01796875
6 0.2703125 0.04140625 0.0921875 0.01796875
6 0.35703125 0.04140625 0.0421875 0.01796875
6 0.4125 0.04140625 0.03046875 0.01796875
6 0.471875 0.04140625 0.05 0.01796875
6 0.54140625 0.04140625 0.05 0.01796875
6 0.58828125 0.04140625 0.0046875 0.01796875
6 0.6484375 0.04140625 0.0765625 0.01796875
6 0.740625 0.04140625 0.06953125 0.01796875
6 0.83515625 0.04140625 0.08125 0.01796875
7 0.8890625 0.03984375 0.04375 0.053125
0 0.8890625 0.03828125 0.075 0.053125
4 0.9609375 0.03828125 0.0234375 0.0328125
0 0.9609375 0.03828125 0.0390625 0.053125
0 0.0859375 0.13359375 0.1328125 0.0796875
4 0.5 0.15 0.50390625 0.078125
0 0.5 0.146875 0.50390625 0.0390625
0 0.9140625 0.13359375 0.1328125 0.0796875
7 0.053125 0.2046875 0.06640625 0.0140625
7 0.9703125 0.2046875 0.0203125 0.0140625
0 0.9703125 0.2046875 0.0203125 0.0140625
0 0.2125 0.2484375 0.10546875 0.02578125
0 0.31328125 0.2484375 0.0765625 0.02578125
0 0.3890625 0.2484375 0.05546875 0.02578125
0 0.48046875 0.2484375 0.1078125 0.02578125
0 0.5890625 0.2484375 0.08984375 0.02578125
0 0.67109375 0.2484375 0.0546875 0.02578125
0 0.76875 0.2484375 0.121875 0.02578125
7 0.5 0.309375 0.6875 0.0140625
3 0.5 0.5015625 0.6875 0.35703125
4 0.5 0.85234375 0.6484375 0.2953125
0 0.5 0.85234375 0.6484375 0.2953125
7 0.35078125 0.8578125 0.2625 0.01953125
6 0.52890625 0.8578125 0.09453125 0.01953125
7 0.590625 0.8578125 0.0296875 0.01953125
6 0.64375 0.8578125 0.07890625 0.01953125
7 0.49375 0.87265625 0.54765625 0.04921875
6 0.53984375 0.8875 0.07890625 0.01953125
7 0.5796875 0.8875 0.00390625 0.01953125
0 0.60078125 0.88828125 0.03828125 0.04140625
7 0.234375 0.91640625 0.390625 0.03125
7 0.065625 0.95234375 0.0390625 0.040625
7 0.10078125 0.95234375 0.0328125 0.040625
7 0.17578125 0.95234375 0.12109375 0.040625
7 0.2390625 0.95234375 0.0078125 0.040625
7 0.27421875 0.95234375 0.06171875 0.040625
7 0.3203125 0.95234375 0.0328125 0.040625
7 0.3796875 0.95234375 0.0875 0.040625
6 0.84296875 0.940625 0.1609375 0.040625
0 0.84375 0.94140625 0.1953125 0.0703125