4 0.02734375 0.03671875 0.0234375 0.03125
0 0.02734375 0.03671875 0.046875 0.0625
4 0.14453125 0.03828125 0.1796875 0.0296875
0 0.14453125 0.03671875 0.1796875 0.07265625
7 0.5140625 0.03671875 0.05546875 0.046875
0 0.5140625 0.03671875 0.07109375 0.07265625
7 0.58984375 0.03671875 0.06640625 0.046875
0 0.58984375 0.03671875 0.08203125 0.07265625
7 0.6703125 0.03671875 0.065625 0.046875
0 0.6703125 0.03671875 0.08125 0.07265625
7 0.75703125 0.03671875 0.07890625 0.046875
0 0.75703125 0.03671875 0.09453125 0.07265625
4 0.83203125 0.03671875 0.0234375 0.03125
0 0.83203125 0.03671875 0.046875 0.0625
4 0.87890625 0.03671875 0.0234375 0.03125
0 0.87890625 0.03671875 0.0390625 0.05234375
0 0.94921875 0.03671875 0.078125 0.046875
4 0.5 0.35078125 0.921875 0.43125
0 0.5 0.35078125 0.921875 0.43125
7 0.5078125 0.3734375 0.859375 0.021875
2 0.37890625 0.42265625 0.6015625 0.06875
2 0.5078125 0.46953125 0.859375 0.02734375
4 0.0875 0.521875 0.0171875 0.02734375
0 0.0875 0.52421875 0.046875 0.0640625
4 0.1875 0.70859375 0.296875 0.22421875
0 0.1875 0.7875 0.296875 0.38125
7 0.1875 0.85078125 0.296875 0.021875
2 0.17578125 0.896875 0.2734375 0.0640625
2 0.1859375 0.94609375 0.29296875 0.021875
4 0.32421875 0.8484375 0.0171875 0.02734375
0 0.32421875 0.85078125 0.046875 0.0640625
4 0.5 0.70859375 0.296875 0.22421875
0 0.5 0.7875 0.296875 0.38125
7 0.5 0.85078125 0.296875 0.021875
2 0.48828125 0.896875 0.2734375 0.0640625
2 0.4984375 0.95625 0.29296875 0.04296875
4 0.63671875 0.8484375 0.0171875 0.02734375
0 0.63671875 0.85078125 0.046875 0.0640625
4 0.8125 0.70859375 0.296875 0.22421875
0 0.8125 0.7875 0.296875 0.38125
4 0.8140625 0.71015625 0.03125 0.04296875
7 0.8125 0.85078125 0.296875 0.021875
2 0.80078125 0.88125 0.2734375 0.0328125
2 0.8109375 0.925 0.29296875 0.04296875
4 0.94921875 0.8484375 0.0171875 0.02734375
0 0.94921875 0.85078125 0.046875 0.0640625