4 0.07421875 0.03203125 0.11875 0.0296875
0 0.07421875 0.03203125 0.11875 0.0296875
1 0.4328125 0.03203125 0.559375 0.04296875
1 0.4328125 0.03203125 0.559375 0.04296875
6 0.746875 0.03203125 0.01875 0.0640625
7 0.825 0.03203125 0.0484375 0.02734375
0 0.81484375 0.03203125 0.09453125 0.0640625
7 0.92578125 0.03125 0.0484375 0.0234375
0 0.915625 0.03203125 0.084375 0.0375
7 0.984375 0.03203125 0.03125 0.0640625
7 0.0171875 0.09140625 0.034375 0.0296875
0 0.02421875 0.0921875 0.0484375 0.053125
7 0.13203125 0.0921875 0.10078125 0.0296875
0 0.121875 0.0921875 0.1484375 0.053125
7 0.2625 0.0921875 0.0640625 0.0296875
0 0.2515625 0.0921875 0.11328125 0.053125
7 0.38828125 0.0921875 0.090625 0.0296875
0 0.37734375 0.0921875 0.13984375 0.053125
7 0.503125 0.0921875 0.04609375 0.0296875
0 0.49296875 0.0921875 0.09375 0.053125
7 0.5890625 0.0921875 0.03125 0.0296875
0 0.57890625 0.0921875 0.07890625 0.053125
7 0.67265625 0.0921875 0.04296875 0.0296875
0 0.6625 0.0921875 0.090625 0.053125
7 0.7828125 0.0921875 0.08203125 0.0296875
0 0.77265625 0.0921875 0.13125 0.053125
7 0.90546875 0.0921875 0.06875 0.0296875
0 0.8953125 0.0921875 0.11640625 0.053125
7 0.99375 0.0921875 0.0125 0.0296875
0 0.97578125 0.0921875 0.04765625 0.053125
2 0.49921875 0.21171875 0.3953125 0.05625
2 0.5 0.2609375 0.18125 0.05625
7 0.21171875 0.34609375 0.0328125 0.03125
0 0.2421875 0.34609375 0.23046875 0.06796875
7 0.2578125 0.34609375 0.0609375 0.03125
7 0.45234375 0.34609375 0.03203125 0.03125
0 0.5 0.34609375 0.23046875 0.06796875
7 0.51640625 0.34609375 0.09453125 0.03125
7 0.7375 0.34609375 0.0328125 0.03125
0 0.7578125 0.34609375 0.23046875 0.06796875
7 0.77421875 0.34609375 0.0421875 0.03125
6 0.93671875 0.44453125 0.103125 0.0171875
7 0.1 0.6703125 0.17109375 0.04296875
0 0.1 0.5953125 0.2 0.26796875
7 0.1 0.7 0.17109375 0.01953125
4 0.1 0.59453125 0.2 0.2671875
7 0.28828125 0.68046875 0.1484375 0.021875
0 0.3 0.5953125 0.2015625 0.26796875
7 0.28828125 0.7 0.1484375 0.01953125
4 0.3 0.59453125 0.2015625 0.2671875
7 0.5 0.6703125 0.171875 0.04296875
0 0.5 0.5953125 0.2015625 0.26796875
7 0.5 0.7 0.171875 0.01953125
4 0.5 0.59453125 0.2015625 0.2671875
7 0.7 0.6703125 0.171875 0.04296875
0 0.7 0.5953125 0.2015625 0.26796875
7 0.7 0.7 0.171875 0.01953125
4 0.7 0.59453125 0.2015625 0.2671875
7 0.9 0.6703125 0.17109375 0.04296875
0 0.9 0.5953125 0.2 0.26796875
7 0.9 0.7 0.17109375 0.01953125
4 0.9 0.59453125 0.2 0.2671875
0 0.06796875 0.821875 0.10625 0.0546875
0 0.165625 0.821875 0.0921875 0.0546875
0 0.24609375 0.821875 0.0703125 0.0546875
0 0.31171875 0.821875 0.06328125 0.0546875
7 0.403125 0.821875 0.053125 0.02578125
0 0.39375 0.821875 0.10234375 0.0546875
7 0.89296875 0.821875 0.121875 0.02578125
0 0.9015625 0.821875 0.16796875 0.0546875
7 0.75390625 0.821875 0.0640625 0.02578125
0 0.7625 0.821875 0.1109375 0.0546875
4 0.5125 0.8640625 0.015625 0.01953125
0 0.6 0.97890625 0.2 0.02578125
4 0.6 0.9234375 0.2 0.15234375
4 0.0125 0.8640625 0.015625 0.01953125
0 0.05 0.9125 0.1 0.02578125
4 0.05 0.9140625 0.1 0.134375
4 0.1125 0.8640625 0.01640625 0.01953125
0 0.15 0.9125 0.10078125 0.02578125
4 0.13828125 0.8640625 0.01640625 0.01953125
4 0.15 0.91484375 0.10078125 0.134375
4 0.25 0.91484375 0.1015625 0.134375
4 0.31328125 0.8640625 0.01640625 0.01953125
0 0.35 0.9125 0.10078125 0.02578125
4 0.35 0.91484375 0.10078125 0.134375
4 0.4125 0.8640625 0.01640625 0.01953125
0 0.45 0.9125 0.10078125 0.02578125
4 0.4359375 0.8640625 0.01171875 0.01953125
4 0.45 0.91484375 0.10078125 0.134375
4 0.7125 0.8640625 0.01640625 0.01953125
0 0.74921875 0.9125 0.10078125 0.02578125
4 0.75 0.91484375 0.1015625 0.134375
4 0.81328125 0.8640625 0.01640625 0.01953125
0 0.85 0.9125 0.10078125 0.02578125
4 0.85 0.91484375 0.10078125 0.134375
4 0.94921875 0.9140625 0.1015625 0.134375
4 0.05 0.98984375 0.1 0.0203125
4 0.11171875 0.99296875 0.0171875 0.0140625
4 0.14921875 0.98984375 0.1015625 0.0203125
4 0.24921875 0.98984375 0.1015625 0.0203125
4 0.34921875 0.98984375 0.1015625 0.0203125
4 0.44921875 0.98984375 0.1015625 0.0203125
4 0.71171875 0.99296875 0.0171875 0.0140625
4 0.74921875 0.98984375 0.1015625 0.0203125
4 0.8125 0.99296875 0.015625 0.0140625
4 0.84921875 0.98984375 0.1015625 0.0203125
4 0.94921875 0.98984375 0.1015625 0.0203125