4 0.1078125 0.03203125 0.1953125 0.05859375
7 0.88359375 0.01953125 0.21171875 0.01796875
7 0.86171875 0.0375 0.2546875 0.01796875
2 0.08671875 0.11875 0.1546875 0.05859375
6 0.96484375 0.08671875 0.0328125 0.01953125
1 0.74296875 0.12265625 0.16875 0.03671875
6 0.70234375 0.153125 0.025 0.01953125
7 0.71875 0.153125 0.009375 0.01953125
6 0.76953125 0.153125 0.09375 0.01953125
1 0.8703125 0.12265625 0.1109375 0.03671875
0 0.95625 0.12265625 0.06328125 0.03671875
7 0.5 0.22421875 0.98046875 0.0703125
7 0.09921875 0.2921875 0.17890625 0.021875
1 0.325 0.29296875 0.27734375 0.02578125
1 0.4953125 0.29296875 0.0578125 0.02890625
1 0.578125 0.29296875 0.1015625 0.02890625
1 0.66484375 0.29296875 0.065625 0.02890625
7 0.1078125 0.3453125 0.15703125 0.02734375
7 0.4734375 0.3875 0.8890625 0.021875
6 0.08515625 0.4171875 0.0328125 0.021875
6 0.134375 0.43828125 0.1328125 0.021875
7 0.0734375 0.496875 0.0875 0.021875
6 0.25859375 0.496875 0.2875 0.021875
7 0.0734375 0.5171875 0.0875 0.021875
6 0.246875 0.5171875 0.2625 0.021875
7 0.0640625 0.55625 0.0703125 0.021875
7 0.4703125 0.5671875 0.88203125 0.04296875
7 0.06015625 0.6390625 0.10078125 0.021875
6 0.15234375 0.6390625 0.0859375 0.021875
7 0.2390625 0.6390625 0.0890625 0.021875
6 0.3265625 0.6390625 0.08984375 0.021875
7 0.5078125 0.6390625 0.275 0.021875
2 0.5 0.6890625 0.98046875 0.03515625
6 0.0890625 0.740625 0.08125 0.021875
7 0.13203125 0.740625 0.00859375 0.021875
7 0.165625 0.740625 0.0578125 0.021875
6 0.21015625 0.740625 0.0265625 0.021875
7 0.22578125 0.740625 0.00859375 0.021875
6 0.24921875 0.740625 0.03984375 0.021875
7 0.27265625 0.740625 0.00859375 0.021875
6 0.29765625 0.740625 0.04296875 0.021875
7 0.32109375 0.740625 0.00625 0.021875
7 0.07890625 0.7609375 0.059375 0.021875
6 0.18515625 0.7609375 0.15546875 0.021875
7 0.26484375 0.7609375 0.00859375 0.021875
6 0.39765625 0.7609375 0.25859375 0.021875
7 0.53046875 0.7609375 0.00859375 0.021875
6 0.63828125 0.7609375 0.2078125 0.021875
7 0.7453125 0.7609375 0.00859375 0.021875
6 0.48125 0.771875 0.865625 0.04296875
7 0.128125 0.78203125 0.00859375 0.021875
6 0.275 0.78203125 0.2859375 0.021875
7 0.42109375 0.78203125 0.00859375 0.021875
6 0.51875 0.78203125 0.1875 0.021875
6 0.10703125 0.803125 0.11640625 0.021875
7 0.16875 0.803125 0.009375 0.021875
7 0.2046875 0.803125 0.0640625 0.021875
6 0.253125 0.803125 0.0265625 0.021875
7 0.26875 0.803125 0.00859375 0.021875
6 0.2921875 0.803125 0.03984375 0.021875
7 0.315625 0.803125 0.00859375 0.021875
6 0.340625 0.803125 0.04296875 0.021875
7 0.3640625 0.803125 0.00625 0.021875
7 0.07890625 0.8234375 0.0609375 0.021875
6 0.2390625 0.8234375 0.2625 0.021875
7 0.3734375 0.8234375 0.00859375 0.021875
6 0.4328125 0.8234375 0.1109375 0.021875
7 0.49296875 0.8234375 0.00859375 0.021875
6 0.60546875 0.8234375 0.21875 0.021875
7 0.7171875 0.8234375 0.00859375 0.021875
6 0.7984375 0.8234375 0.15546875 0.021875
7 0.88046875 0.8234375 0.00859375 0.021875
6 0.4953125 0.834375 0.89375 0.04296875
7 0.09296875 0.84453125 0.00859375 0.021875
6 0.16953125 0.84453125 0.1453125 0.021875
7 0.2453125 0.84453125 0.00859375 0.021875
6 0.31484375 0.84453125 0.13203125 0.021875
7 0.38515625 0.84453125 0.00859375 0.021875
6 0.48125 0.84453125 0.184375 0.021875
7 0.5765625 0.84453125 0.00859375 0.021875
6 0.6359375 0.84453125 0.1125 0.021875
6 0.18671875 0.865625 0.275 0.021875
7 0.32734375 0.865625 0.009375 0.021875
7 0.34921875 0.865625 0.0359375 0.021875
6 0.3828125 0.865625 0.025 0.021875
7 0.4 0.865625 0.00859375 0.021875
6 0.4234375 0.865625 0.03984375 0.021875
7 0.446875 0.865625 0.00859375 0.021875
6 0.471875 0.865625 0.04296875 0.021875
7 0.4953125 0.865625 0.00625 0.021875
6 0.15546875 0.8859375 0.2140625 0.021875
7 0.26640625 0.8859375 0.009375 0.021875
7 0.29375 0.8859375 0.046875 0.021875
6 0.33203125 0.8859375 0.025 0.021875
7 0.34921875 0.8859375 0.00859375 0.021875
6 0.37265625 0.8859375 0.03984375 0.021875
7 0.39609375 0.8859375 0.00859375 0.021875
6 0.42109375 0.8859375 0.04296875 0.021875
7 0.44453125 0.8859375 0.00625 0.021875
6 0.14140625 0.90703125 0.184375 0.021875
7 0.2375 0.90703125 0.009375 0.021875
7 0.2640625 0.90703125 0.046875 0.021875
6 0.30390625 0.90703125 0.0265625 0.021875
7 0.31953125 0.90703125 0.00859375 0.021875
6 0.34296875 0.90703125 0.03984375 0.021875
7 0.36640625 0.90703125 0.00859375 0.021875
6 0.39140625 0.90703125 0.04296875 0.021875
7 0.41484375 0.90703125 0.00625 0.021875
6 0.17109375 0.928125 0.2453125 0.021875
7 0.29609375 0.928125 0.00859375 0.021875
7 0.325 0.928125 0.04765625 0.021875
6 0.36484375 0.928125 0.0265625 0.021875
7 0.38125 0.928125 0.00859375 0.021875
6 0.4046875 0.928125 0.03984375 0.021875
7 0.428125 0.928125 0.00859375 0.021875
6 0.453125 0.928125 0.04296875 0.021875
7 0.4765625 0.928125 0.00625 0.021875
6 0.1421875 0.9484375 0.18671875 0.021875
7 0.2390625 0.9484375 0.009375 0.021875
7 0.2640625 0.9484375 0.04375 0.021875
6 0.30234375 0.9484375 0.0265625 0.021875
7 0.31875 0.9484375 0.00859375 0.021875
6 0.3421875 0.9484375 0.03984375 0.021875
7 0.365625 0.9484375 0.00859375 0.021875
6 0.390625 0.9484375 0.04296875 0.021875
7 0.4140625 0.9484375 0.00625 0.021875
6 0.1171875 0.96953125 0.13671875 0.021875
7 0.1890625 0.96953125 0.009375 0.021875
7 0.221875 0.96953125 0.05625 0.021875
6 0.26484375 0.96953125 0.025 0.021875
7 0.28203125 0.96953125 0.00859375 0.021875
6 0.30546875 0.96953125 0.03984375 0.021875
7 0.32890625 0.96953125 0.00859375 0.021875
6 0.35390625 0.96953125 0.04375 0.021875
7 0.3765625 0.96953125 0.0046875 0.021875
6 0.109375 0.9890625 0.121875 0.021875
7 0.175 0.9890625 0.009375 0.021875
7 0.190625 0.9890625 0.025 0.021875
6 0.21953125 0.9890625 0.0265625 0.021875
7 0.2359375 0.9890625 0.009375 0.021875
6 0.259375 0.9890625 0.040625 0.021875
7 0.2828125 0.9890625 0.009375 0.021875
6 0.3078125 0.9890625 0.04375 0.021875
7 0.33125 0.9890625 0.00625 0.021875