3 0.5 0.071875 0.946875 0.078125
2 0.08515625 0.190625 0.1265625 0.053125
0 0.08515625 0.190625 0.1265625 0.053125
0 0.33203125 0.1921875 0.02734375 0.025
7 0.37890625 0.1921875 0.02734375 0.01953125
0 0.37890625 0.1921875 0.02734375 0.025
7 0.42578125 0.1921875 0.02734375 0.01953125
0 0.42578125 0.1921875 0.02734375 0.025
0 0.47265625 0.1921875 0.02734375 0.025
0 0.51953125 0.1921875 0.02734375 0.025
0 0.58671875 0.1921875 0.06875 0.025
7 0.65234375 0.19296875 0.0234375 0.03125
0 0.715625 0.19296875 0.0234375 0.03125
7 0.75859375 0.19296875 0.0234375 0.03125
0 0.8578125 0.19140625 0.09375 0.04140625
0 0.94140625 0.19296875 0.0546875 0.0390625
7 0.0421875 0.2671875 0.040625 0.01953125
0 0.0421875 0.26796875 0.040625 0.0546875
7 0.1046875 0.2671875 0.028125 0.01953125
0 0.1046875 0.26796875 0.028125 0.0546875
7 0.1609375 0.2671875 0.028125 0.01953125
0 0.1609375 0.26796875 0.028125 0.0546875
7 0.21640625 0.2671875 0.028125 0.01953125
0 0.21640625 0.26796875 0.028125 0.0546875
7 0.271875 0.2671875 0.028125 0.01953125
0 0.271875 0.26796875 0.028125 0.0546875
7 0.34140625 0.2671875 0.05546875 0.01953125
0 0.34140625 0.26796875 0.05546875 0.0546875
7 0.43125 0.2671875 0.06953125 0.01953125
0 0.43125 0.26796875 0.06953125 0.0546875
7 0.521875 0.2671875 0.0578125 0.01953125
0 0.521875 0.26796875 0.05625 0.0546875
7 0.61171875 0.2671875 0.06953125 0.01953125
0 0.61171875 0.26796875 0.06953125 0.0546875
7 0.69453125 0.2671875 0.0421875 0.01953125
0 0.69453125 0.26796875 0.0421875 0.0546875
7 0.784375 0.2671875 0.0828125 0.01953125
0 0.784375 0.26796875 0.0828125 0.0546875
7 0.88828125 0.2671875 0.06953125 0.01953125
0 0.88828125 0.26796875 0.06953125 0.0546875
7 0.9640625 0.2671875 0.028125 0.01953125
0 0.9640625 0.26796875 0.028125 0.0546875
6 0.1265625 0.3328125 0.1875 0.021875
0 0.34375 0.3328125 0.62109375 0.021875
6 0.6109375 0.33046875 0.0640625 0.02109375
0 0.61640625 0.3296875 0.075 0.0234375
7 0.07109375 0.36640625 0.0765625 0.025
7 0.146875 0.36796875 0.05859375 0.021875
7 0.21015625 0.36640625 0.06875 0.025
7 0.2640625 0.36640625 0.0421875 0.025
7 0.3171875 0.36796875 0.05078125 0.021875
7 0.36875 0.36640625 0.05390625 0.025
7 0.421875 0.36640625 0.0546875 0.025
7 0.4859375 0.36796875 0.059375 0.021875
7 0.54921875 0.36640625 0.06953125 0.025
7 0.07265625 0.39765625 0.07890625 0.025
7 0.2625 0.39765625 0.3015625 0.025
7 0.29609375 0.484375 0.54609375 0.02890625
0 0.34375 0.478125 0.64453125 0.0609375
7 0.5828125 0.4859375 0.0234375 0.01796875
4 0.60234375 0.4828125 0.01171875 0.0171875
7 0.39140625 0.53515625 0.35546875 0.02109375
0 0.4390625 0.5328125 0.45390625 0.0453125
7 0.584375 0.5359375 0.0265625 0.01953125
4 0.6046875 0.5328125 0.01171875 0.0171875
7 0.39140625 0.58203125 0.35546875 0.02109375
0 0.4390625 0.5796875 0.45390625 0.0453125
7 0.584375 0.5828125 0.025 0.01953125
7 0.39140625 0.62890625 0.35546875 0.02109375
0 0.4390625 0.6265625 0.45390625 0.0453125
7 0.584375 0.6296875 0.0265625 0.01953125
4 0.6046875 0.6265625 0.01171875 0.0171875
7 0.39140625 0.67578125 0.35546875 0.02109375
0 0.4390625 0.6734375 0.45390625 0.0453125
7 0.584375 0.6765625 0.0265625 0.01953125
4 0.6046875 0.6734375 0.01171875 0.0171875
7 0.39140625 0.72265625 0.35546875 0.02109375
0 0.4390625 0.7203125 0.45390625 0.0453125
7 0.584375 0.7234375 0.0265625 0.01953125
7 0.39140625 0.76953125 0.35546875 0.02109375
0 0.4390625 0.7671875 0.45390625 0.0453125
7 0.584375 0.7703125 0.0265625 0.01953125
4 0.6046875 0.7671875 0.01171875 0.0171875
7 0.39140625 0.81640625 0.35546875 0.02109375
0 0.4390625 0.815625 0.45390625 0.0484375
4 0.5859375 0.8140625 0.01171875 0.0171875
4 0.109375 0.640625 0.1734375 0.234375
0 0.109375 0.66015625 0.17578125 0.2734375
7 0.109375 0.77578125 0.17578125 0.02109375
7 0.0875 0.87265625 0.13203125 0.03125
7 0.403125 0.87109375 0.05078125 0.01796875
0 0.4109375 0.871875 0.06640625 0.0171875
4 0.43671875 0.8703125 0.0109375 0.0171875
0 0.471875 0.871875 0.0359375 0.0171875
7 0.2015625 0.9140625 0.35546875 0.02109375
0 0.25625 0.9125 0.46875 0.0453125
4 0.3875 0.9125 0.01171875 0.0171875
7 0.19453125 0.9609375 0.3421875 0.02109375
0 0.25625 0.959375 0.46875 0.0453125
4 0.37421875 0.959375 0.01171875 0.0171875
7 0.2015625 0.9984375 0.35625 0.00234375
0 0.25625 0.99140625 0.46875 0.0171875
4 0.3875 0.9984375 0.01171875 0.00234375
7 0.56328125 0.87109375 0.05859375 0.02109375
4 0.5953125 0.9328125 0.121875 0.0921875
0 0.5953125 0.94296875 0.125 0.1140625
7 0.59609375 0.99609375 0.12421875 0.0078125
4 0.93828125 0.365625 0.0796875 0.10703125
0 0.93828125 0.365625 0.0796875 0.10703125
6 0.7671875 0.3265625 0.16328125 0.021875
6 0.78828125 0.36875 0.20625 0.040625
2 0.75234375 0.46015625 0.13359375 0.021875
0 0.946875 0.46171875 0.06328125 0.0171875
0 0.790625 0.50703125 0.2109375 0.0171875
0 0.790625 0.54296875 0.2109375 0.04453125
4 0.9375 0.553125 0.0796875 0.10703125
0 0.9375 0.553125 0.08203125 0.109375
3 0.83203125 0.80703125 0.29296875 0.32578125