4 0.0328125 0.0296875 0.02421875 0.0328125
7 0.396875 0.02890625 0.6859375 0.02109375
0 0.946875 0.0296875 0.065625 0.03515625
7 0.20234375 0.0953125 0.0359375 0.03671875
0 0.20078125 0.0953125 0.0515625 0.071875
0 0.253125 0.0921875 0.0515625 0.0640625
0 0.3078125 0.0921875 0.0484375 0.0640625
0 0.378125 0.0921875 0.08515625 0.0640625
0 0.44765625 0.0921875 0.04609375 0.0640625
0 0.51484375 0.0921875 0.08125 0.0640625
0 0.6 0.0921875 0.08125 0.0640625
0 0.696875 0.09375 0.08515625 0.04140625
7 0.91875 0.0953125 0.071875 0.0234375
0 0.92109375 0.0953125 0.10859375 0.0703125
6 0.0515625 0.1515625 0.0359375 0.021875
7 0.115625 0.15234375 0.09296875 0.02890625
7 0.11796875 0.23125 0.16875 0.05625
7 0.51875 0.23125 0.615625 0.05625
6 0.8890625 0.2171875 0.1078125 0.021875
0 0.959375 0.215625 0.01484375 0.0328125
2 0.5 0.4125 0.8984375 0.09375
7 0.50078125 0.51640625 0.49296875 0.0484375
7 0.49921875 0.61015625 0.86640625 0.1109375
0 0.4 0.7296875 0.1765625 0.0640625
0 0.6 0.7296875 0.1765625 0.0640625
7 0.5 0.79609375 0.8984375 0.0296875
0 0.2703125 0.99921875 0.44921875 0.0015625
0 0.7296875 0.99921875 0.44921875 0.0015625