7 0.28984375 0.07578125 0.5203125 0.0703125
0 0.28046875 0.1 0.21015625 0.02109375
7 0.3875 0.1 0.0046875 0.02109375
0 0.696875 0.06796875 0.1765625 0.04140625
0 0.88203125 0.06796875 0.1765625 0.04140625
4 0.071875 0.190625 0.1046875 0.0296875
0 0.184375 0.1890625 0.0625 0.07421875
0 0.28828125 0.1890625 0.0859375 0.07421875
7 0.38203125 0.1890625 0.04375 0.021875
0 0.3828125 0.1890625 0.0453125 0.07421875
7 0.409375 0.1765625 0.025 0.01171875
0 0.46640625 0.1890625 0.06328125 0.07421875
0 0.55546875 0.1890625 0.05546875 0.07421875
0 0.63125 0.1890625 0.03828125 0.07421875
0 0.69765625 0.1890625 0.0359375 0.07421875
7 0.9359375 0.190625 0.05 0.021875
0 0.9359375 0.19140625 0.05 0.078125
0 0.5 0.4703125 1 0.48046875
4 0.5 0.4703125 1 0.48046875
0 0.4703125 0.6734375 0.0078125 0.01171875
0 0.5 0.6734375 0.0078125 0.01171875
0 0.5296875 0.6734375 0.0078125 0.01171875
0 0.165625 0.85703125 0.33125 0.2859375
4 0.165625 0.96171875 0.2140625 0.0765625
7 0.165625 0.7703125 0.303125 0.0328125
2 0.165625 0.7984375 0.303125 0.02578125
0 0.49921875 0.85703125 0.3296875 0.2859375
4 0.5 0.9609375 0.2125 0.078125
7 0.5 0.7703125 0.30078125 0.0328125
2 0.5 0.7984375 0.30078125 0.02578125
0 0.83203125 0.85703125 0.3296875 0.2859375
4 0.8328125 0.9609375 0.2125 0.078125
7 0.8328125 0.7703125 0.30078125 0.0328125
2 0.8328125 0.7984375 0.30078125 0.02578125
4 0.79609375 0.934375 0.03046875 0.040625
0 0.83203125 0.934375 0.1015625 0.040625
6 0.8515625 0.934375 0.0625 0.0171875