4 0.50078125 0.43359375 0.99765625 0.45546875
4 0.3328125 0.66015625 0.1625 0.08671875
4 0.49921875 0.65703125 0.15859375 0.08828125
4 0.22265625 0.8328125 0.1 0.10625
4 0.5546875 0.83125 0.09765625 0.09921875
4 0.278125 0.08359375 0.16796875 0.0890625
7 0.46171875 0.1171875 0.1796875 0.03125
7 0.384375 0.8359375 0.2109375 0.11328125
7 0.32890625 0.94609375 0.3203125 0.09453125
7 0.7171875 0.83203125 0.21171875 0.1171875
7 0.6625 0.93984375 0.31875 0.0859375
2 0.2703125 0.74609375 0.1640625 0.034375
2 0.56875 0.7453125 0.09921875 0.0328125
4 0.59140625 0.6296875 0.0140625 0.02421875
0 0.809375 0.06640625 0.01953125 0.03046875
0 0.80859375 0.10234375 0.01796875 0.03125
0 0.2171875 0.1859375 0.05703125 0.03984375
0 0.29296875 0.1890625 0.06796875 0.03515625
0 0.359375 0.1890625 0.04609375 0.03515625
0 0.41484375 0.18828125 0.0484375 0.0359375
0 0.47265625 0.18828125 0.04921875 0.0375
0 0.553125 0.1890625 0.08203125 0.0375
0 0.64453125 0.18828125 0.06875 0.03828125