4 0.50078125 0.46875 0.99765625 0.55703125
4 0.49921875 0.04453125 0.0578125 0.05390625
4 0.2578125 0.92734375 0.1921875 0.04453125
4 0.709375 0.92421875 0.19296875 0.0421875
4 0.5015625 0.790625 0.13046875 0.0421875
3 0.50078125 0.97421875 0.99765625 0.05078125
0 0.85859375 0.97421875 0.1140625 0.0375
0 0.934375 0.9703125 0.02734375 0.0390625
0 0.7328125 0.1703125 0.06953125 0.0359375
0 0.25390625 0.1703125 0.04921875 0.03828125
0 0.31796875 0.16953125 0.0734375 0.03984375
0 0.3828125 0.17109375 0.05625 0.0375
0 0.446875 0.17109375 0.0703125 0.03515625
0 0.51875 0.171875 0.07578125 0.0359375
0 0.59140625 0.17109375 0.071875 0.03515625
0 0.6625 0.171875 0.06953125 0.0359375
2 0.50234375 0.09921875 0.10234375 0.05625
2 0.265625 0.85 0.11796875 0.059375
2 0.49140625 0.8546875 0.17421875 0.05625
2 0.71796875 0.85546875 0.1703125 0.0546875