4 0.5 0.3953125 1 0.49453125
4 0.82578125 0.95078125 0.28046875 0.0984375
4 0.03984375 0.10078125 0.04765625 0.07109375
2 0.1328125 0.11015625 0.12890625 0.05703125
7 0.10546875 0.03203125 0.1671875 0.03203125
1 0.30390625 0.03203125 0.0859375 0.03515625
1 0.425 0.03203125 0.08515625 0.0390625
1 0.56171875 0.0328125 0.10859375 0.03671875
1 0.684375 0.0328125 0.1078125 0.0375
1 0.80625 0.03125 0.109375 0.03828125
0 0.92890625 0.0296875 0.109375 0.03671875
0 0.48125 0.03125 0.0234375 0.0375
0 0.359375 0.0296875 0.02421875 0.03671875
5 0.2875 0.03125 0.04375 0.02734375
5 0.4140625 0.03125 0.053125 0.02734375
5 0.53046875 0.03125 0.03671875 0.02109375
5 0.65859375 0.03125 0.04296875 0.025
5 0.771875 0.0328125 0.0203125 0.02109375
0 0.4078125 0.1046875 0.059375 0.04453125
0 0.5015625 0.10703125 0.08828125 0.05
0 0.5921875 0.10390625 0.06953125 0.04609375
0 0.68984375 0.10625 0.1046875 0.046875
0 0.78515625 0.1046875 0.06484375 0.04453125
0 0.85390625 0.1046875 0.0578125 0.04765625
0 0.940625 0.10390625 0.078125 0.0453125
2 0.28125 0.76015625 0.52734375 0.04140625
7 0.3328125 0.89609375 0.62734375 0.1859375
7 0.8203125 0.83359375 0.24140625 0.028125
7 0.765625 0.8734375 0.12890625 0.02265625