0 0.115625 0.028125 0.0703125 0.04296875
0 0.18828125 0.028125 0.059375 0.04296875
0 0.27734375 0.028125 0.103125 0.04296875
0 0.3546875 0.028125 0.03828125 0.04296875
0 0.4109375 0.028125 0.05859375 0.04296875
7 0.89765625 0.02734375 0.046875 0.02109375
4 0.46328125 0.37578125 0.35859375 0.478125
4 0.47109375 0.3859375 0.35859375 0.478125
4 0.47578125 0.3921875 0.35859375 0.478125
4 0.4796875 0.39765625 0.35859375 0.478125
4 0.4828125 0.4015625 0.35859375 0.478125
4 0.48515625 0.4046875 0.35859375 0.478125
4 0.48671875 0.40703125 0.35859375 0.478125
4 0.4875 0.4078125 0.35859375 0.478125
4 0.4890625 0.409375 0.35859375 0.478125
4 0.48984375 0.4109375 0.35859375 0.478125
4 0.5 0.8015625 0.1890625 0.025
7 0.5 0.8984375 0.1890625 0.04140625
0 0.5 0.9328125 0.1890625 0.02734375
7 0.5 0.99453125 0.1890625 0.01015625
4 0.2203125 0.31875 0.1828125 0.26328125