7 0.83125 0.03828125 0.19453125 0.01953125
6 0.97578125 0.03828125 0.03984375 0.01953125
4 0.0875 0.09375 0.13671875 0.0703125
0 0.0875 0.09375 0.13671875 0.0703125
7 0.209375 0.103125 0.046875 0.02109375
1 0.88203125 0.103125 0.22734375 0.05234375
4 0.5078125 0.09765625 0.29296875 0.1953125
4 0.5 0.09765625 1 0.1953125
2 0.50859375 0.02421875 0.67265625 0.0484375
2 0.50703125 0.08515625 0.33515625 0.08203125
7 0.5078125 0.1828125 0.28125 0.053125
0 0.5078125 0.1828125 0.3125 0.053125
7 0.45859375 0.2296875 0.090625 0.01953125
4 0.528125 0.23359375 0.053125 0.021875
7 0.578125 0.2296875 0.0484375 0.01953125
7 0.50859375 0.278125 0.26875 0.01953125
4 0.5 0.325 1 0.259375
2 0.7578125 0.259375 0.4765625 0.0453125
7 0.7296875 0.2984375 0.4203125 0.0296875
7 0.7328125 0.3328125 0.4265625 0.0296875
7 0.5890625 0.36640625 0.1390625 0.0296875
4 0.5 0.6953125 1 0.48203125
2 0.2578125 0.51328125 0.4765625 0.04453125
7 0.20234375 0.55234375 0.365625 0.02890625
2 0.278125 0.62890625 0.4359375 0.06796875
2 0.278125 0.70546875 0.4359375 0.03359375
2 0.278125 0.765625 0.4359375 0.03359375
7 0.215625 0.834375 0.2796875 0.05234375
0 0.215625 0.834375 0.3109375 0.05234375
7 0.215625 0.88125 0.25390625 0.01796875