4 0.0875 0.034375 0.13671875 0.0296875
4 0.7609375 0.03515625 0.0203125 0.02890625
0 0.7609375 0.03359375 0.04375 0.0671875
7 0.759375 0.02734375 0.040625 0.03125
4 0.80546875 0.03515625 0.0203125 0.02890625
0 0.8046875 0.03359375 0.04375 0.0671875
7 0.865625 0.03359375 0.053125 0.0671875
0 0.86484375 0.03359375 0.0765625 0.0671875
4 0.925 0.03515625 0.0203125 0.02890625
0 0.925 0.03359375 0.04375 0.0671875
0 0.97265625 0.03359375 0.0515625 0.0671875
4 0.5 0.38125 1 0.625
4 0.0296875 0.146875 0.01171875 0.015625
4 0.05625 0.146875 0.01171875 0.015625
7 0.13984375 0.146875 0.13125 0.025
2 0.23515625 0.2484375 0.43125 0.08828125
7 0.23515625 0.36953125 0.43125 0.13046875
7 0.165625 0.4703125 0.29296875 0.0296875
4 0.03984375 0.77890625 0.040625 0.0546875
0 0.165625 0.77890625 0.2921875 0.0546875
7 0.15390625 0.7640625 0.1671875 0.0296875
7 0.184375 0.7765625 0.22734375 0.05625
4 0.38359375 0.77890625 0.0421875 0.0546875
0 0.50859375 0.77890625 0.2921875 0.0546875
7 0.46953125 0.7640625 0.1109375 0.0296875
7 0.5046875 0.7765625 0.18046875 0.05625
4 0.70625 0.77890625 0.0421875 0.0546875
0 0.83125 0.77890625 0.2921875 0.0546875
7 0.8546875 0.77890625 0.24609375 0.0546875
7 0.49609375 0.89140625 0.953125 0.02734375
4 0.02734375 0.9234375 0.015625 0.02109375
0 0.49609375 0.9234375 0.953125 0.02109375
7 0.1109375 0.92265625 0.1328125 0.0296875
7 0.98203125 0.446875 0.0359375 0.046875
3 0.94609375 0.928125 0.0875 0.1171875