4 0.5 0.15234375 0.9984375 0.3046875
2 0.21171875 0.14453125 0.271875 0.215625
3 0.5 0.44140625 0.5046875 0.11171875
0 0.39921875 0.3234375 0.040625 0.0375
0 0.44375 0.32578125 0.04609375 0.03515625
0 0.49375 0.325 0.046875 0.03828125
0 0.54140625 0.32421875 0.04375 0.03203125
0 0.5921875 0.32421875 0.05 0.0390625
2 0.153125 0.51796875 0.05546875 0.0203125
2 0.1640625 0.69296875 0.08046875 0.02734375
2 0.553125 0.6953125 0.09140625 0.025
2 0.55234375 0.7421875 0.0765625 0.0265625
2 0.55390625 0.85 0.0703125 0.0296875
7 0.309375 0.83828125 0.35859375 0.2203125
7 0.50078125 0.57265625 0.75703125 0.05703125
7 0.5671875 0.7796875 0.1046875 0.02578125
7 0.690625 0.93671875 0.35625 0.1265625