4 0.09296875 0.04140625 0.15625 0.04140625
0 0.078125 0.04140625 0.1265625 0.04140625
0 0.49453125 0.04140625 0.1078125 0.0828125
0 0.596875 0.04140625 0.09375 0.0828125
0 0.6796875 0.04140625 0.075 0.0828125
0 0.76328125 0.04140625 0.0921875 0.0828125
0 0.8609375 0.04296875 0.08984375 0.05234375
2 0.3140625 0.3828125 0.50390625 0.390625
2 0.3140625 0.6578125 0.50390625 0.1171875
0 0.18046875 0.796875 0.2359375 0.078125
4 0.7890625 0.540625 0.421875 0.4125
3 0.95859375 0.9453125 0.0828125 0.109375