4 0.09375 0.03046875 0.1578125 0.0296875
0 0.09375 0.03046875 0.1578125 0.0296875
7 0.6125 0.03046875 0.0703125 0.01953125
0 0.62421875 0.03359375 0.1171875 0.06015625
4 0.6625 0.03125 0.0171875 0.0234375
7 0.71640625 0.03046875 0.0359375 0.01953125
0 0.728125 0.03125 0.0828125 0.06015625
4 0.74921875 0.03125 0.0171875 0.0234375
0 0.8203125 0.0296875 0.09375 0.059375
0 0.89921875 0.0296875 0.0578125 0.059375
0 0.96484375 0.0296875 0.0640625 0.059375
0 0.0484375 0.0875 0.0671875 0.0546875
0 0.115625 0.0875 0.06640625 0.0546875
0 0.1875 0.0875 0.078125 0.0546875
0 0.27890625 0.0875 0.1046875 0.0546875
0 0.35703125 0.0875 0.0515625 0.0546875
7 0.41171875 0.08671875 0.04609375 0.025
0 0.41171875 0.0875 0.0578125 0.0546875
0 0.4828125 0.0875 0.08515625 0.0546875
0 0.56328125 0.0875 0.075 0.0546875
0 0.6375 0.0875 0.0734375 0.0546875
7 0.69296875 0.08671875 0.0265625 0.025
0 0.69296875 0.0875 0.03828125 0.0546875
0 0.740625 0.0875 0.0578125 0.0546875
0 0.940625 0.08125 0.11328125 0.04296875
0 0.5 0.146875 0.55078125 0.02734375
2 0.33359375 0.4328125 0.6375 0.23046875
0 0.0765625 0.63359375 0.1234375 0.0765625
7 0.25 0.759375 0.4703125 0.08046875
7 0.25859375 0.8609375 0.45390625 0.0296875
7 0.25859375 0.903125 0.45390625 0.0296875
7 0.05078125 0.94453125 0.0390625 0.0328125
7 0.20625 0.94453125 0.27265625 0.0328125