4 0.5 0.50390625 1 0.9921875
4 0.32890625 0.315625 0.62265625 0.29453125
0 0.05546875 0.04140625 0.06953125 0.0453125
0 0.1546875 0.03984375 0.1140625 0.04765625
0 0.26328125 0.040625 0.08828125 0.05546875
0 0.36875 0.03671875 0.05703125 0.0484375
2 0.24296875 0.1125 0.47421875 0.03359375
0 0.56171875 0.1109375 0.09140625 0.03515625
2 0.33046875 0.525 0.17265625 0.04453125
7 0.32578125 0.625 0.64296875 0.11484375
7 0.32578125 0.86796875 0.6359375 0.26328125
2 0.32734375 0.71796875 0.1375 0.0296875