2 0.3109375 0.11484375 0.21953125 0.046875
7 0.29140625 0.15390625 0.1796875 0.03203125
4 0.50234375 0.43515625 0.696875 0.44375
1 0.75546875 0.11640625 0.07734375 0.03828125
5 0.7515625 0.1140625 0.034375 0.02890625
0 0.72421875 0.1171875 0.01796875 0.04375
0 0.2234375 0.63359375 0.04921875 0.0453125
0 0.2765625 0.63125 0.04765625 0.0453125
0 0.334375 0.63515625 0.0515625 0.04453125
0 0.41796875 0.63359375 0.09140625 0.04140625
0 0.496875 0.63671875 0.04375 0.0421875
0 0.54921875 0.63359375 0.040625 0.0453125
0 0.59140625 0.6359375 0.03046875 0.04609375
0 0.6359375 0.63359375 0.04375 0.04453125
0 0.69296875 0.6390625 0.04921875 0.04296875
7 0.69765625 0.70390625 0.07578125 0.02109375
6 0.68046875 0.73125 0.0421875 0.02734375
2 0.26875 0.778125 0.13203125 0.0453125
7 0.4 0.871875 0.396875 0.1078125
7 0.309375 0.97109375 0.22421875 0.04375
6 0.40546875 0.9671875 0.025 0.02734375
6 0.521875 0.88515625 0.09140625 0.02734375
6 0.23671875 0.91328125 0.06484375 0.0265625