4 0.10234375 0.04375 0.17578125 0.040625
0 0.10234375 0.0328125 0.2046875 0.06484375
0 0.45859375 0.0453125 0.1375 0.06484375
0 0.596875 0.0453125 0.13984375 0.06484375
0 0.7375 0.0453125 0.14140625 0.06484375
0 0.8375 0.0453125 0.0578125 0.06484375
0 0.89609375 0.0453125 0.059375 0.06484375
0 0.95546875 0.0453125 0.059375 0.06484375
7 0.2203125 0.2015625 0.13125 0.06484375
7 0.4859375 0.2015625 0.34296875 0.03359375
7 0.69453125 0.2015625 0.0765625 0.02578125
0 0.7140625 0.2015625 0.115625 0.0390625
4 0.75625 0.20390625 0.03046875 0.0296875
2 0.5 0.31875 0.9703125 0.06484375
2 0.36796875 0.39453125 0.2671875 0.04140625
2 0.5140625 0.39453125 0.0265625 0.04140625
2 0.64609375 0.39453125 0.2390625 0.04140625
2 0.1828125 0.603125 0.22734375 0.05234375
0 0.1828125 0.68828125 0.22734375 0.22265625
7 0.178125 0.71640625 0.21796875 0.16953125
0 0.1578125 0.8453125 0.1765625 0.08046875
4 0.18203125 0.9421875 0.2859375 0.115625
0 0.18203125 0.9421875 0.2859375 0.115625
2 0.5 0.603125 0.228125 0.05234375
0 0.5 0.6703125 0.228125 0.1875
7 0.4875 0.6984375 0.20390625 0.134375
0 0.475 0.81015625 0.178125 0.08046875
4 0.5 0.925 0.2875 0.15
0 0.5 0.925 0.2875 0.15
2 0.8171875 0.603125 0.22734375 0.05234375
0 0.8171875 0.68828125 0.22734375 0.22265625
7 0.81171875 0.71640625 0.21796875 0.16953125
0 0.79375 0.8453125 0.18125 0.08046875
4 0.81640625 0.9421875 0.2859375 0.115625
0 0.81640625 0.9421875 0.2859375 0.115625