4 0.0796875 0.053125 0.05703125 0.10625
4 0.5 0.46328125 0.6671875 0.5578125
2 0.32578125 0.03359375 0.4203125 0.0578125
7 0.60625 0.0328125 0.09609375 0.04375
7 0.25703125 0.94453125 0.2109375 0.1109375
7 0.4875 0.9421875 0.18359375 0.115625
7 0.74453125 0.92890625 0.2171875 0.09375
2 0.18046875 0.84609375 0.08359375 0.04296875
2 0.45625 0.85 0.1265625 0.0515625
2 0.6609375 0.8421875 0.053125 0.04453125
7 0.17578125 0.08359375 0.071875 0.0296875
7 0.3203125 0.084375 0.0703125 0.04453125
7 0.48515625 0.0828125 0.0859375 0.02734375
1 0.8109375 0.14375 0.08046875 0.0515625
5 0.79921875 0.1421875 0.03984375 0.0359375
0 0.8359375 0.14765625 0.0171875 0.028125
0 0.16484375 0.1453125 0.04296875 0.04140625
0 0.2359375 0.14921875 0.065625 0.04453125
0 0.31171875 0.14609375 0.059375 0.046875
0 0.38203125 0.14765625 0.05546875 0.04140625
0 0.45546875 0.146875 0.06640625 0.04921875
0 0.52734375 0.14609375 0.05234375 0.0484375
0 0.6 0.146875 0.065625 0.04453125