4 0.021875 0.0453125 0.0234375 0.03125
0 0.096875 0.04921875 0.1734375 0.0390625
4 0.1125 0.0484375 0.1421875 0.025
4 0.3265625 0.0484375 0.01640625 0.021875
7 0.39765625 0.04765625 0.1125 0.025
1 0.50625 0.0484375 0.4015625 0.0625
7 0.8578125 0.0484375 0.059375 0.025
7 0.9375 0.0484375 0.046875 0.025
7 0.5 0.16640625 0.921875 0.03359375
7 0.5 0.240625 0.921875 0.0625
7 0.5 0.35546875 0.27734375 0.0625
7 0.5 0.4765625 0.94140625 0.03671875
4 0.190625 0.703125 0.29296875 0.390625
4 0.190625 0.703125 0.29296875 0.390625
7 0.3078125 0.83125 0.02265625 0.009375
7 0.3078125 0.84765625 0.02265625 0.01796875
7 0.3078125 0.86796875 0.02265625 0.01171875
2 0.11015625 0.77734375 0.10234375 0.02578125
7 0.10625 0.81015625 0.09453125 0.0234375
4 0.19140625 0.80859375 0.0390625 0.02578125
7 0.165625 0.84140625 0.21484375 0.02890625
4 0.4984375 0.703125 0.29296875 0.390625
4 0.4984375 0.703125 0.29296875 0.390625
7 0.615625 0.83125 0.02265625 0.009375
7 0.615625 0.84765625 0.02265625 0.01796875
7 0.615625 0.86796875 0.02265625 0.01171875
2 0.4484375 0.77734375 0.16484375 0.02578125
7 0.4734375 0.80703125 0.21484375 0.0234375
7 0.4734375 0.83359375 0.21484375 0.02890625
4 0.80546875 0.703125 0.29296875 0.390625
4 0.80546875 0.703125 0.29296875 0.390625
7 0.9234375 0.83125 0.02265625 0.009375
7 0.9234375 0.84765625 0.02265625 0.01796875
7 0.9234375 0.86796875 0.02265625 0.01171875
2 0.71875 0.77734375 0.08984375 0.02578125
7 0.78125 0.80703125 0.21484375 0.0234375
7 0.78125 0.83359375 0.21484375 0.02890625
4 0.98359375 0.703125 0.0328125 0.390625
4 0.98359375 0.703125 0.0328125 0.390625
2 0.990625 0.77734375 0.01875 0.02578125
7 0.990625 0.80703125 0.01875 0.0234375
7 0.990625 0.83359375 0.01875 0.02890625
4 0.12734375 0.978125 0.1375 0.04296875
7 0.76875 0.9515625 0.2328125 0.02890625
4 0.70078125 0.98984375 0.0984375 0.0203125
0 0.70078125 0.98984375 0.0984375 0.0203125