2 0.08203125 0.0484375 0.134375 0.02890625
2 0.13359375 0.0953125 0.23828125 0.021875
2 0.31171875 0.0953125 0.11875 0.021875
2 0.45234375 0.0953125 0.16484375 0.021875
1 0.83984375 0.0453125 0.290625 0.04921875
4 0.965625 0.0453125 0.015625 0.02109375
0 0.965625 0.0453125 0.01640625 0.02109375
7 0.97734375 0.06953125 0.040625 0.01953125
6 0.89609375 0.09609375 0.05 0.02109375
6 0.9671875 0.09609375 0.0375 0.02109375
4 0.3703125 0.38671875 0.740625 0.5
2 0.36796875 0.43125 0.70625 0.09609375
0 0.5 0.509375 1 0.25390625
6 0.36796875 0.5171875 0.70625 0.04921875
7 0.0578125 0.5953125 0.0578125 0.01796875
4 0.8703125 0.21953125 0.25859375 0.165625
2 0.8703125 0.23515625 0.23515625 0.0453125
0 0.8703125 0.21953125 0.25859375 0.165625
2 0.8765625 0.27265625 0.246875 0.0171875
4 0.8703125 0.38671875 0.25859375 0.16640625
2 0.8703125 0.403125 0.23515625 0.0453125
0 0.8703125 0.38671875 0.25859375 0.16640625
2 0.8765625 0.440625 0.246875 0.0171875
4 0.8703125 0.5546875 0.25859375 0.16640625
2 0.8703125 0.55078125 0.23515625 0.0234375
0 0.8703125 0.5546875 0.25859375 0.16640625
2 0.8765625 0.59296875 0.246875 0.0484375
4 0.03984375 0.703125 0.05 0.02578125
2 0.20703125 0.69921875 0.178125 0.02578125
2 0.3453125 0.69921875 0.1015625 0.02578125
2 0.4640625 0.69921875 0.13671875 0.02578125
2 0.55390625 0.69921875 0.0453125 0.02578125
2 0.6296875 0.69921875 0.10625 0.02578125
2 0.78203125 0.69921875 0.2 0.02578125
4 0.96015625 0.703125 0.05 0.02578125
2 0.0859375 0.76796875 0.1421875 0.02109375
4 0.07109375 0.87734375 0.1109375 0.1484375
0 0.07109375 0.9015625 0.1109375 0.196875
2 0.0421875 0.975 0.05390625 0.0171875
2 0.103125 0.975 0.0703125 0.0171875
2 0.07109375 0.99296875 0.1109375 0.0140625
4 0.19453125 0.87734375 0.1109375 0.1484375
0 0.19453125 0.9015625 0.1109375 0.196875
2 0.1765625 0.975 0.075 0.0171875
2 0.19453125 0.99296875 0.1109375 0.0140625
4 0.31640625 0.89609375 0.1109375 0.11171875
0 0.31640625 0.9015625 0.1109375 0.196875
2 0.30078125 0.975 0.0796875 0.0171875
2 0.41328125 0.975 0.1453125 0.0171875
2 0.31640625 0.99296875 0.1109375 0.0140625
4 0.4390625 0.87734375 0.1109375 0.1484375
0 0.4390625 0.9015625 0.1109375 0.196875
2 0.48359375 0.975 0.19921875 0.0171875
2 0.4390625 0.99296875 0.1109375 0.0140625
4 0.5625 0.87734375 0.1109375 0.1484375
0 0.5625 0.9015625 0.1109375 0.196875
2 0.54140625 0.975 0.06953125 0.0171875
2 0.6359375 0.975 0.12109375 0.0171875
2 0.5625 0.99296875 0.1109375 0.0140625
4 0.68515625 0.89609375 0.1125 0.11171875
0 0.68515625 0.9015625 0.1125 0.196875
2 0.7234375 0.975 0.18828125 0.0171875
2 0.84765625 0.975 0.0609375 0.0171875
2 0.68515625 0.99296875 0.1125 0.0140625
4 0.8078125 0.87734375 0.1109375 0.1484375
0 0.8078125 0.9015625 0.1109375 0.196875
2 0.84765625 0.975 0.19140625 0.0171875
2 0.8078125 0.99296875 0.1109375 0.0140625
4 0.93046875 0.89609375 0.1109375 0.11171875
0 0.93046875 0.9015625 0.1109375 0.196875
2 0.9375 0.975 0.125 0.0171875
2 0.93046875 0.99296875 0.1109375 0.0140625
4 0.99921875 0.87734375 0.0015625 0.1484375
0 0.99921875 0.9015625 0.0015625 0.196875
2 0.99921875 0.975 0.0015625 0.0171875
2 0.99921875 0.99296875 0.0015625 0.0140625