0 0.028125 0.0328125 0.0375 0.046875
7 0.1 0.0328125 0.05625 0.02109375
0 0.11015625 0.0328125 0.10625 0.046875
0 0.19453125 0.0328125 0.0453125 0.06484375
0 0.2375 0.0328125 0.04296875 0.06484375
0 0.284375 0.0328125 0.053125 0.06484375
0 0.3421875 0.0328125 0.0640625 0.06484375
0 0.38984375 0.0328125 0.0328125 0.06484375
0 0.42890625 0.0328125 0.04765625 0.06484375
0 0.4796875 0.0328125 0.05546875 0.06484375
0 0.53984375 0.0328125 0.065625 0.06484375
0 0.5984375 0.0328125 0.0546875 0.06484375
0 0.6640625 0.0328125 0.078125 0.06484375
0 0.74140625 0.0328125 0.078125 0.06484375
0 0.046875 0.09765625 0.07421875 0.06484375
0 0.10234375 0.09765625 0.03828125 0.06484375
0 0.1671875 0.09765625 0.09453125 0.06484375
0 0.9734375 0.0328125 0.034375 0.046875
7 0.9078125 0.03125 0.0328125 0.02109375
0 0.91640625 0.0328125 0.07890625 0.046875
3 0.0875 0.1296875 0.175 0.103125
4 0.31640625 0.134375 0.05859375 0.078125
2 0.534375 0.13671875 0.3578125 0.13046875
0 0.534375 0.1578125 0.3578125 0.021875
3 0.9125 0.1109375 0.1234375 0.06484375
6 0.875 0.15859375 0.1015625 0.01796875
7 0.91171875 0.19453125 0.1765625 0.0265625
6 0.2984375 0.2234375 0.08671875 0.021875
7 0.346875 0.22421875 0.0046875 0.0390625
6 0.39765625 0.2234375 0.0875 0.021875
7 0.44609375 0.22421875 0.0046875 0.0390625
6 0.49921875 0.2234375 0.096875 0.021875
7 0.553125 0.22421875 0.0046875 0.0390625
6 0.59921875 0.2234375 0.07890625 0.021875
7 0.64375 0.22421875 0.00625 0.0390625
6 0.6984375 0.2234375 0.0984375 0.021875
3 0.50078125 0.43359375 0.9484375 0.32578125
4 0.34296875 0.81796875 0.6046875 0.3640625
4 0.34296875 0.81796875 0.6046875 0.3640625
4 0.34296875 0.81796875 0.6046875 0.3640625
4 0.2625 0.8640625 0.03046875 0.040625
7 0.36796875 0.85234375 0.14453125 0.025
7 0.36796875 0.87578125 0.14453125 0.025
4 0.8078125 0.734375 0.29296875 0.1953125
6 0.7046875 0.8609375 0.09765625 0.03359375
4 0.6859375 0.91953125 0.05859375 0.02109375
0 0.8125 0.9234375 0.3125 0.0859375
4 0.6859375 0.91953125 0.05859375 0.078125
2 0.8125 0.9234375 0.3125 0.0859375
0 0.8125 0.9890625 0.3125 0.021875
4 0.68515625 0.9890625 0.0578125 0.021875
2 0.8125 0.9890625 0.3125 0.021875