4 0.5 0.05234375 1 0.10390625
0 0.5 0.05234375 1 0.10390625
7 0.94921875 0.02578125 0.01953125 0.02578125
7 0.91328125 0.12421875 0.08984375 0.021875
7 0.8140625 0.12421875 0.05390625 0.021875
7 0.684375 0.12421875 0.0375 0.021875
4 0.715625 0.12578125 0.01953125 0.0171875
7 0.74375 0.12421875 0.03125 0.021875
7 0.61015625 0.12421875 0.025 0.021875
2 0.140625 0.18125 0.21875 0.08984375
0 0.140625 0.18125 0.16796875 0.05625
2 0.140625 0.18125 0.16796875 0.05625
7 0.33046875 0.1796875 0.10234375 0.03671875
1 0.5375 0.18515625 0.31171875 0.046875
1 0.7140625 0.18515625 0.040625 0.046875
4 0.27421875 0.2203125 0.009375 0.0171875
6 0.32421875 0.2234375 0.071875 0.021875
4 0.38125 0.2203125 0.009375 0.0171875
6 0.4109375 0.2234375 0.03203125 0.021875
4 0.446875 0.2203125 0.009375 0.0171875
6 0.48515625 0.2234375 0.04765625 0.021875
6 0.5796875 0.2234375 0.11875 0.021875
6 0.68125 0.2234375 0.059375 0.021875
6 0.3140625 0.24921875 0.096875 0.021875
6 0.41015625 0.24921875 0.071875 0.021875
6 0.4953125 0.24921875 0.075 0.021875
0 0.8296875 0.178125 0.05859375 0.01328125
6 0.81953125 0.196875 0.03828125 0.0234375
6 0.95703125 0.16640625 0.02734375 0.02890625
0 0.94921875 0.1859375 0.046875 0.03671875
4 0.97421875 0.19453125 0.0515625 0.0890625
0 0.140625 0.27578125 0.21875 0.046875
0 0.3 0.2734375 0.10078125 0.046875
0 0.4234375 0.2734375 0.1453125 0.046875
0 0.55234375 0.2734375 0.1125 0.046875
0 0.6859375 0.2734375 0.15546875 0.046875
4 0.5 0.64921875 1 0.7015625
4 0.3828125 0.61171875 0.703125 0.58359375
0 0.3828125 0.61171875 0.703125 0.58359375
4 0.10234375 0.86171875 0.00625 0.02109375
2 0.859375 0.35390625 0.1875 0.02578125
7 0.8234375 0.40546875 0.0890625 0.025
0 0.859375 0.428125 0.1875 0.1015625
7 0.80234375 0.43125 0.04609375 0.025
7 0.859375 0.45703125 0.16015625 0.0234375
7 0.859375 0.50546875 0.1875 0.01796875
4 0.8109375 0.584375 0.08984375 0.11953125
0 0.8109375 0.603125 0.08984375 0.15625
7 0.8109375 0.6625 0.05859375 0.0234375
4 0.9078125 0.584375 0.08984375 0.11953125
0 0.9078125 0.603125 0.08984375 0.15625
7 0.9078125 0.6625 0.05859375 0.0234375
4 0.8109375 0.74765625 0.08984375 0.11953125
0 0.8109375 0.765625 0.08984375 0.15625
7 0.8109375 0.82578125 0.05859375 0.0234375
4 0.9078125 0.74765625 0.08984375 0.11953125
0 0.9078125 0.765625 0.08984375 0.15625
7 0.9078125 0.82578125 0.05859375 0.0234375
7 0.85625 0.87421875 0.07421875 0.01953125
0 0.859375 0.875 0.0796875 0.0234375
2 0.14921875 0.975 0.1140625 0.0390625
7 0.88125 0.975 0.0671875 0.02578125
0 0.8921875 0.98125 0.08984375 0.0375
2 0.71171875 0.29296875 0.1203125 0.02578125
6 0.8390625 0.25546875 0.32109375 0.03671875
0 0.8390625 0.3640625 0.32109375 0.25390625
7 0.84296875 0.28984375 0.1765625 0.021875
7 0.84296875 0.30546875 0.07734375 0.021875
7 0.803125 0.3796875 0.1125 0.06875
7 0.8796875 0.38046875 0.11796875 0.046875
7 0.84296875 0.4390625 0.06953125 0.025
7 0.98046875 0.5171875 0.0234375 0.0234375
7 0.98046875 0.596875 0.0390625 0.053125
7 0.98046875 0.65 0.0390625 0.053125
7 0.98046875 0.70390625 0.0390625 0.053125
7 0.98046875 0.75703125 0.0390625 0.053125
7 0.98046875 0.8109375 0.0390625 0.0546875
7 0.98046875 0.865625 0.0390625 0.0546875
3 0.5 0.5 1 1