7 0.32734375 0.0171875 0.36875 0.0171875
0 0.32734375 0.0171875 0.36875 0.0171875
6 0.565625 0.0171875 0.0640625 0.0171875
0 0.565625 0.0171875 0.0640625 0.0171875
7 0.6515625 0.0171875 0.065625 0.0171875
0 0.6515625 0.0171875 0.065625 0.0171875
6 0.73359375 0.0171875 0.053125 0.0171875
0 0.73359375 0.0171875 0.053125 0.0171875
7 0.8078125 0.0171875 0.053125 0.0171875
0 0.8078125 0.0171875 0.053125 0.0171875
7 0.896875 0.0171875 0.08203125 0.0171875
0 0.896875 0.0171875 0.08203125 0.0171875
7 0.97265625 0.0171875 0.025 0.0171875
0 0.97265625 0.0171875 0.025 0.0171875
4 0.10625 0.0734375 0.184375 0.05078125
0 0.10625 0.075 0.184375 0.053125
7 0.25078125 0.07578125 0.01875 0.015625
0 0.25625 0.0765625 0.059375 0.040625
1 0.5359375 0.0765625 0.46171875 0.040625
4 0.78984375 0.08203125 0.0265625 0.02890625
0 0.865625 0.06640625 0.0640625 0.01796875
0 0.87265625 0.09296875 0.07890625 0.0296875
7 0.975 0.065625 0.01953125 0.02734375
0 0.96484375 0.0765625 0.02734375 0.0390625
0 0.01875 0.13671875 0.00859375 0.0234375
0 0.125 0.13828125 0.18125 0.01796875
0 0.3109375 0.13828125 0.13671875 0.01796875
0 0.4890625 0.13828125 0.16796875 0.01796875
0 0.696875 0.13828125 0.196875 0.01796875
0 0.9015625 0.13828125 0.159375 0.01796875
0 0.98125 0.13671875 0.00859375 0.0234375
0 0.98125 0.18203125 0.00859375 0.0234375
0 0.03125 0.20546875 0.0328125 0.04453125
0 0.0953125 0.20546875 0.0390625 0.04453125
0 0.1609375 0.20546875 0.0375 0.04453125
0 0.23515625 0.20546875 0.05390625 0.04453125
0 0.31796875 0.20546875 0.0578125 0.04453125
0 0.38984375 0.20546875 0.03046875 0.04453125
0 0.44453125 0.20546875 0.0234375 0.04453125
0 0.496875 0.20546875 0.02421875 0.04453125
0 0.59140625 0.20546875 0.11015625 0.04453125
0 0.72734375 0.20546875 0.1046875 0.04453125
0 0.840625 0.20546875 0.0671875 0.04453125
0 0.91875 0.20546875 0.03203125 0.04453125
0 0.9734375 0.20546875 0.02265625 0.04453125
7 0.3109375 0.265625 0.61875 0.07265625
0 0.5 0.265625 1 0.07578125
7 0.71015625 0.24140625 0.10546875 0.01171875
7 0.66171875 0.259375 0.028125 0.02734375
7 0.66171875 0.278125 0.028125 0.01171875
6 0.67890625 0.2609375 0.00859375 0.0296875
7 0.69375 0.259375 0.02265625 0.02734375
7 0.69375 0.278125 0.02265625 0.01171875
6 0.70859375 0.2609375 0.00859375 0.0296875
7 0.72578125 0.259375 0.02734375 0.02734375
7 0.72578125 0.278125 0.02734375 0.01171875
6 0.74296875 0.2609375 0.00859375 0.0296875
7 0.75859375 0.259375 0.025 0.02734375
7 0.75859375 0.278125 0.025 0.01171875
0 0.10703125 0.796875 0.01484375 0.06484375
7 0.2046875 0.43359375 0.221875 0.02109375
0 0.5 0.59296875 1 0.57421875
6 0.3515625 0.43359375 0.071875 0.02109375
7 0.26953125 0.5578125 0.3515625 0.1890625
7 0.12109375 0.6875 0.0546875 0.01796875
6 0.196875 0.6875 0.09765625 0.01796875
0 0.1734375 0.796875 0.01484375 0.06484375
2 0.5 0.91796875 0.990625 0.02578125
7 0.5 0.94296875 1 0.02578125
7 0.3109375 0.92578125 0.55859375 0.046875
0 0.0765625 0.9671875 0.090625 0.0234375
0 0.6859375 0.94140625 0.1546875 0.05703125
0 0.85859375 0.94140625 0.15546875 0.06015625
4 0.9765625 0.9390625 0.0140625 0.0234375