4 0.5 0.5 1 1
2 0.4546875 0.04140625 0.2453125 0.05078125
7 0.45703125 0.09609375 0.1765625 0.046875
2 0.4953125 0.41171875 0.696875 0.06484375
0 0.50078125 0.5578125 0.10078125 0.05859375
0 0.7890625 0.1984375 0.10546875 0.04765625
0 0.94765625 0.02109375 0.07578125 0.03984375
0 0.17421875 0.196875 0.0453125 0.03125
0 0.25234375 0.19453125 0.09609375 0.03359375
0 0.35 0.1953125 0.084375 0.034375
0 0.425 0.1984375 0.05390625 0.03515625
0 0.4828125 0.196875 0.04921875 0.03203125
0 0.54765625 0.19921875 0.071875 0.03671875
0 0.625 0.19921875 0.0734375 0.03671875
0 0.69609375 0.19765625 0.059375 0.040625
4 0.61640625 0.07265625 0.08046875 0.10390625