4 0.50078125 0.3890625 0.99765625 0.775
4 0.13984375 0.09921875 0.096875 0.1578125
4 0.221875 0.8359375 0.06015625 0.09140625
4 0.5 0.83984375 0.065625 0.08671875
4 0.78046875 0.83828125 0.0703125 0.09296875
2 0.503125 0.33359375 0.6375 0.15
1 0.24609375 0.45859375 0.125 0.046875
1 0.3578125 0.4609375 0.0828125 0.04609375
1 0.44453125 0.46171875 0.07890625 0.046875
1 0.52734375 0.4609375 0.07578125 0.0484375
5 0.22109375 0.45859375 0.07109375 0.025
5 0.33515625 0.46015625 0.034375 0.02578125
5 0.4265625 0.46171875 0.03515625 0.025
5 0.5109375 0.46015625 0.03984375 0.02890625
7 0.221875 0.896875 0.19375 0.03125
7 0.50078125 0.89921875 0.12109375 0.0265625
7 0.778125 0.896875 0.16015625 0.025
7 0.4984375 0.98359375 0.39375 0.0328125
0 0.6390625 0.4609375 0.13515625 0.04296875
0 0.75078125 0.46015625 0.07578125 0.04375
0 0.51640625 0.040625 0.059375 0.05625
0 0.60859375 0.0421875 0.0921875 0.05859375
0 0.7 0.040625 0.06796875 0.059375
0 0.7734375 0.040625 0.0609375 0.0625
0 0.86015625 0.0421875 0.09609375 0.05234375