4 0.115625 0.04296875 0.184375 0.03125
0 0.121875 0.0328125 0.196875 0.05234375
0 0.38359375 0.0390625 0.03984375 0.03671875
0 0.478125 0.04140625 0.14375 0.02109375
0 0.590625 0.04140625 0.084375 0.02109375
0 0.684375 0.04140625 0.10546875 0.02109375
0 0.78828125 0.04140625 0.096875 0.015625
6 0.8828125 0.04140625 0.0609375 0.02109375
7 0.0875 0.11015625 0.12890625 0.025
6 0.203125 0.11015625 0.0953125 0.025
7 0.253125 0.11015625 0.0046875 0.025
6 0.32578125 0.11015625 0.13984375 0.025
4 0.5 0.490625 1 0.703125
0 0.5 0.4390625 1 0.6
7 0.0875 0.4359375 0.12890625 0.02578125
6 0.1265625 0.46953125 0.20625 0.021875
2 0.1734375 0.5375 0.3 0.0703125
7 0.309375 0.60625 0.571875 0.07421875
6 0.0953125 0.6953125 0.10859375 0.02109375
7 0.1625 0.6953125 0.00703125 0.02109375
6 0.26484375 0.6953125 0.18046875 0.02109375
6 0.8765625 0.70078125 0.13125 0.0625
4 0.11953125 0.8796875 0.215625 0.240625
0 0.11953125 0.8796875 0.215625 0.240625
2 0.11953125 0.940625 0.16875 0.11875
4 0.346875 0.8796875 0.2171875 0.240625
0 0.346875 0.8796875 0.2171875 0.240625
2 0.346875 0.940625 0.1703125 0.11875
4 0.57421875 0.8796875 0.2171875 0.240625
0 0.57421875 0.8796875 0.2171875 0.240625
2 0.57421875 0.940625 0.1703125 0.11875
7 0.83828125 0.771875 0.3015625 0.025