4 0.11015625 0.0390625 0.0828125 0.06484375
0 0.11015625 0.0390625 0.10234375 0.05234375
4 0.96015625 0.03671875 0.015625 0.02109375
0 0.96015625 0.0390625 0.03125 0.046875
4 0.034375 0.0390625 0.03515625 0.02109375
0 0.034375 0.0390625 0.06875 0.078125
4 0.05234375 0.13359375 0.1046875 0.084375
0 0.05234375 0.165625 0.1046875 0.021875
4 0.05234375 0.13359375 0.1046875 0.084375
2 0.0375 0.13359375 0.075 0.025
4 0.18671875 0.13359375 0.14765625 0.084375
0 0.18671875 0.165625 0.14765625 0.021875
4 0.18671875 0.13359375 0.14765625 0.084375
2 0.18671875 0.13359375 0.0890625 0.025
4 0.34296875 0.13359375 0.14765625 0.084375
0 0.34296875 0.165625 0.14765625 0.021875
4 0.34296875 0.13359375 0.14765625 0.084375
2 0.34296875 0.13359375 0.09453125 0.025
4 0.49921875 0.13359375 0.14765625 0.084375
0 0.49921875 0.165625 0.14765625 0.021875
4 0.49921875 0.13359375 0.14765625 0.084375
4 0.49921875 0.13359375 0.14765625 0.084375
2 0.49921875 0.13359375 0.11796875 0.0484375
4 0.65546875 0.13359375 0.14765625 0.084375
0 0.65546875 0.165625 0.14765625 0.021875
4 0.65546875 0.13359375 0.14765625 0.084375
2 0.65546875 0.13359375 0.11796875 0.0484375
4 0.81171875 0.13359375 0.14765625 0.084375
0 0.81171875 0.165625 0.14765625 0.021875
4 0.81171875 0.13359375 0.14765625 0.084375
2 0.81171875 0.13359375 0.1125 0.025
4 0.946875 0.13359375 0.10546875 0.084375
0 0.946875 0.165625 0.10546875 0.021875
4 0.946875 0.13359375 0.10546875 0.084375
2 0.96015625 0.13359375 0.0796875 0.025
4 0.903125 0.13359375 0.0109375 0.025
4 0.028125 0.13359375 0.01171875 0.025
4 0.9609375 0.1375 0.021875 0.01171875
2 0.5 0.2828125 0.5296875 0.08359375
2 0.5 0.3609375 0.5296875 0.0375
4 0.17578125 0.61640625 0.3046875 0.31875
4 0.17578125 0.61640625 0.3046875 0.31875
0 0.16875 0.73359375 0.2609375 0.05625
4 0.0328125 0.8015625 0.01953125 0.02734375
6 0.10390625 0.8 0.1125 0.025
4 0.246875 0.7984375 0.015625 0.021875
7 0.26875 0.80234375 0.0171875 0.02109375
4 0.296875 0.8 0.015625 0.021875
7 0.31875 0.80234375 0.01875 0.02109375
4 0.5 0.61640625 0.3046875 0.31875
4 0.5 0.61640625 0.3046875 0.31875
0 0.49296875 0.73359375 0.2609375 0.05625
4 0.3578125 0.8015625 0.01953125 0.02734375
6 0.4125 0.8 0.08125 0.025
4 0.57734375 0.7984375 0.015625 0.021875
7 0.59921875 0.80234375 0.01875 0.02109375
4 0.628125 0.8 0.015625 0.021875
7 0.646875 0.80234375 0.01171875 0.02109375
4 0.82421875 0.61640625 0.3046875 0.31875
4 0.82421875 0.61640625 0.3046875 0.31875
0 0.7515625 0.746875 0.13125 0.0296875
4 0.68125 0.8015625 0.01953125 0.02734375
6 0.77109375 0.8 0.14921875 0.025
4 0.8890625 0.7984375 0.015625 0.021875
7 0.9109375 0.80234375 0.01953125 0.02109375
4 0.940625 0.8 0.015625 0.021875
7 0.96484375 0.80234375 0.0234375 0.02109375
4 0.17578125 0.9296875 0.3046875 0.140625
4 0.17578125 0.9296875 0.3046875 0.140625
4 0.5 0.9296875 0.3046875 0.140625
4 0.5 0.9296875 0.3046875 0.140625
4 0.82421875 0.9296875 0.3046875 0.140625
4 0.82421875 0.9296875 0.3046875 0.140625