7 0.01484375 0.51953125 0.0296875 0.1640625
7 0.0765625 0.01953125 0.08671875 0.01328125
7 0.1234375 0.01953125 0.00625 0.01328125
7 0.140625 0.01953125 0.03125 0.01328125
7 0.16328125 0.01953125 0.0078125 0.01328125
6 0.1765625 0.01953125 0.01953125 0.01328125
7 0.19375 0.01953125 0.0078125 0.01328125
7 0.24296875 0.01953125 0.09296875 0.01328125
0 0.87890625 0.01953125 0.084375 0.0390625
0 0.94453125 0.01953125 0.04375 0.0390625
0 0.12265625 0.1046875 0.17890625 0.053125
1 0.8171875 0.10390625 0.22578125 0.0390625
1 0.9484375 0.10390625 0.0375 0.0390625
4 0.66328125 0.103125 0.025 0.0328125
7 0.08359375 0.21875 0.06171875 0.07578125
0 0.08359375 0.20859375 0.06171875 0.07578125
7 0.18046875 0.20859375 0.1140625 0.07578125
0 0.18046875 0.20859375 0.1140625 0.07578125
7 0.2765625 0.20859375 0.0609375 0.07578125
0 0.2765625 0.20859375 0.0609375 0.07578125
7 0.3546875 0.20859375 0.078125 0.07578125
0 0.3546875 0.20859375 0.078125 0.07578125
7 0.4546875 0.20859375 0.1046875 0.07578125
0 0.4546875 0.20859375 0.1046875 0.07578125
7 0.56875 0.20859375 0.10546875 0.07578125
0 0.56875 0.20859375 0.10546875 0.07578125
7 0.675 0.20859375 0.08984375 0.07578125
0 0.675 0.20859375 0.08984375 0.07578125
7 0.7859375 0.20859375 0.1140625 0.07578125
0 0.7859375 0.20859375 0.1140625 0.07578125
7 0.109375 0.28359375 0.11328125 0.07578125
0 0.109375 0.28359375 0.11328125 0.07578125
4 0.5 0.20703125 0.93359375 0.02890625
4 0.96171875 0.20703125 0.0203125 0.02890625
7 0.2 0.45234375 0.3328125 0.01953125
7 0.43359375 0.45234375 0.13671875 0.01953125
7 0.38046875 0.4625 0.69453125 0.0390625
7 0.4921875 0.471875 0.15234375 0.01953125
7 0.38046875 0.49140625 0.69453125 0.05859375
7 0.1203125 0.53046875 0.175 0.01953125
7 0.38046875 0.56953125 0.69453125 0.09765625
6 0.228125 0.60859375 0.1609375 0.01953125
7 0.4703125 0.60859375 0.3234375 0.01953125
7 0.16953125 0.68125 0.27265625 0.01953125
7 0.38046875 0.7015625 0.69453125 0.05859375
7 0.38046875 0.8734375 0.69453125 0.25234375
7 0.8421875 0.46484375 0.1828125 0.05703125
7 0.853125 0.5578125 0.20390625 0.05625
7 0.85078125 0.65234375 0.2 0.05703125