7 0.6765625 0.05234375 0.0390625 0.03125
0 0.66484375 0.05234375 0.0796875 0.0625
7 0.76015625 0.05234375 0.04609375 0.03125
0 0.7484375 0.05234375 0.08671875 0.0625
0 0.85 0.05234375 0.10546875 0.04140625
7 0.94375 0.05234375 0.05 0.02578125
0 0.94375 0.05234375 0.0734375 0.04140625
4 0.0515625 0.06328125 0.10234375 0.1265625
0 0.071875 0.08671875 0.14375 0.1734375
4 0.25 0.275 0.5 0.54921875
2 0.73359375 0.19765625 0.4375 0.0625
7 0.73359375 0.32109375 0.4375 0.14453125
7 0.65546875 0.45859375 0.2515625 0.0234375
0 0.66953125 0.45859375 0.309375 0.0546875
2 0.20078125 0.871875 0.32109375 0.25625
4 0.6984375 0.85234375 0.6 0.2953125
4 0.5 0.5 1 1
7 0.50625 0.44453125 0.51171875 0.0953125
6 0.3640625 0.48203125 0.08203125 0.02109375
0 0.5921875 0.56015625 0.1625 0.05234375
0 0.42109375 0.56015625 0.1625 0.05234375