7 0.11875 0.02578125 0.18125 0.0515625
4 0.21875 0.02578125 0.0078125 0.01015625
7 0.26484375 0.025 0.02734375 0.021875
0 0.30078125 0.02578125 0.1015625 0.0515625
4 0.3171875 0.02734375 0.06875 0.03359375
7 0.6859375 0.02421875 0.184375 0.025
4 0.809375 0.02578125 0.0171875 0.02578125
0 0.8234375 0.021875 0.084375 0.0328125
7 0.83984375 0.02421875 0.03125 0.025
4 0.89375 0.02578125 0.0171875 0.02578125
0 0.92265625 0.02421875 0.115625 0.0484375
7 0.9390625 0.02421875 0.0625 0.025
7 0.47265625 0.02578125 0.18359375 0.02890625
7 0.47265625 0.0765625 0.1859375 0.04921875
7 0.47265625 0.18203125 0.16796875 0.02890625
7 0.4609375 0.13046875 0.1234375 0.02890625
7 0.47265625 0.15625 0.16015625 0.08046875
4 0.06171875 0.1171875 0.08515625 0.078125
0 0.06171875 0.11875 0.08515625 0.08046875
1 0.27109375 0.11640625 0.2765625 0.07421875
4 0.3796875 0.11328125 0.021875 0.02890625
0 0.3796875 0.11640625 0.05859375 0.07421875
4 0.490625 0.11796875 0.0984375 0.05078125
4 0.58515625 0.11796875 0.0390625 0.053125
0 0.6390625 0.1125 0.14765625 0.06875
7 0.66484375 0.1015625 0.096875 0.02109375
7 0.66484375 0.12109375 0.096875 0.01328125
7 0.6390625 0.13828125 0.0453125 0.0234375
7 0.68828125 0.13828125 0.0484375 0.0234375
4 0.76484375 0.12265625 0.025 0.03359375
7 0.803125 0.11015625 0.03125 0.021875
7 0.83828125 0.11015625 0.03203125 0.021875
7 0.83515625 0.1328125 0.0953125 0.02890625
4 0.89453125 0.13515625 0.0078125 0.01015625
4 0.93046875 0.12265625 0.025 0.03359375
0 0.95859375 0.1265625 0.0828125 0.071875
4 0.96484375 0.1328125 0.0078125 0.01015625
7 0.04296875 0.21484375 0.0703125 0.06484375
0 0.04296875 0.21484375 0.0859375 0.06484375
7 0.12421875 0.21484375 0.06171875 0.06484375
0 0.12421875 0.21484375 0.07734375 0.06484375
7 0.196875 0.21484375 0.053125 0.06484375
0 0.196875 0.21484375 0.06875 0.06484375
7 0.26171875 0.21484375 0.0453125 0.06484375
0 0.26171875 0.21484375 0.0609375 0.06484375
7 0.3265625 0.21484375 0.05390625 0.06484375
0 0.3265625 0.21484375 0.06953125 0.06484375
7 0.38828125 0.21484375 0.03828125 0.06484375
0 0.38828125 0.21484375 0.05390625 0.06484375
7 0.4796875 0.21484375 0.11328125 0.06484375
0 0.4796875 0.21484375 0.12890625 0.06484375
7 0.5859375 0.21484375 0.06875 0.06484375
0 0.5859375 0.21484375 0.084375 0.06484375
7 0.66953125 0.21484375 0.0671875 0.06484375
0 0.66953125 0.21484375 0.0828125 0.06484375
7 0.7359375 0.21484375 0.03515625 0.06484375
0 0.7359375 0.21484375 0.05078125 0.06484375
7 0.80390625 0.21484375 0.06875 0.06484375
0 0.80390625 0.21484375 0.084375 0.06484375
0 0.8703125 0.21484375 0.0484375 0.06484375
4 0.9125 0.209375 0.0203125 0.02578125
0 0.93671875 0.21484375 0.084375 0.06484375
7 0.94609375 0.2140625 0.0484375 0.021875
7 0.31171875 0.28671875 0.5359375 0.02890625
7 0.65546875 0.28671875 0.15 0.02890625
7 0.878125 0.28359375 0.1140625 0.0234375
4 0.93984375 0.28828125 0.00859375 0.01171875
4 0.5 0.93515625 0.0296875 0.02578125
0 0.5 0.93515625 0.06875 0.09140625
4 0.02421875 0.60390625 0.01953125 0.046875
0 0.02421875 0.60546875 0.0484375 0.56015625
4 0.5 0.60546875 0.9625 0.56015625
4 0.97578125 0.60390625 0.01953125 0.046875
0 0.97578125 0.60546875 0.0484375 0.56015625
4 0.40703125 0.78046875 0.0109375 0.0140625
4 0.47109375 0.78046875 0.0109375 0.0140625
4 0.503125 0.78046875 0.0109375 0.0140625
4 0.5359375 0.78046875 0.0109375 0.0140625
4 0.56796875 0.78046875 0.0109375 0.0140625
4 0.6 0.78046875 0.0109375 0.0140625
4 0.63203125 0.78046875 0.0109375 0.0140625
4 0.1203125 0.92421875 0.1328125 0.15078125
0 0.1203125 0.92421875 0.15234375 0.15078125
4 0.271875 0.92421875 0.13359375 0.15078125
0 0.271875 0.92421875 0.153125 0.15078125
4 0.4234375 0.92421875 0.1328125 0.15078125
0 0.4234375 0.92421875 0.15234375 0.15078125
4 0.57578125 0.92421875 0.13359375 0.15078125
0 0.57578125 0.92421875 0.153125 0.15078125
4 0.728125 0.92421875 0.13359375 0.15078125
0 0.728125 0.92421875 0.153125 0.15078125
4 0.8796875 0.92421875 0.1328125 0.15078125
0 0.8796875 0.92421875 0.15234375 0.15078125