4 0.03125 0.0328125 0.0234375 0.03125
0 0.03203125 0.0453125 0.03203125 0.05625
7 0.03125 0.0640625 0.03125 0.01796875
4 0.10390625 0.0328125 0.02421875 0.03125
0 0.10390625 0.0453125 0.028125 0.05625
7 0.1046875 0.0640625 0.0296875 0.01796875
4 0.175 0.0328125 0.02421875 0.03125
0 0.175 0.0453125 0.03046875 0.05625
7 0.175 0.0640625 0.03046875 0.01796875
4 0.25078125 0.0328125 0.02421875 0.03125
0 0.25078125 0.0453125 0.0375 0.05625
7 0.25078125 0.0640625 0.0359375 0.01796875
4 0.4078125 0.0453125 0.01640625 0.021875
0 0.4078125 0.0453125 0.0359375 0.021875
1 0.5171875 0.0453125 0.1859375 0.0453125
7 0.8234375 0.0453125 0.03828125 0.01953125
0 0.8234375 0.0453125 0.09765625 0.05078125
7 0.93515625 0.0453125 0.0421875 0.01953125
0 0.9359375 0.0453125 0.09765625 0.05078125
6 0.91953125 0.134375 0.128125 0.015625
2 0.49921875 0.21171875 0.0890625 0.11875
2 0.5 0.3796875 0.55078125 0.1421875
0 0.5 0.509375 0.2203125 0.04296875
4 0.16640625 0.696875 0.03984375 0.06640625
2 0.1671875 0.7828125 0.30078125 0.021875
7 0.1671875 0.86875 0.30078125 0.13125
6 0.16640625 0.95078125 0.1125 0.02109375
4 0.5 0.696875 0.0546875 0.06640625
2 0.5 0.7828125 0.30078125 0.021875
7 0.5 0.86875 0.30078125 0.13125
6 0.5 0.95078125 0.146875 0.02109375
4 0.83359375 0.696875 0.034375 0.06640625
2 0.8328125 0.7828125 0.30078125 0.021875
7 0.8328125 0.85625 0.30078125 0.10546875
7 0.79375 0.92421875 0.009375 0.0234375
7 0.803125 0.92421875 0.009375 0.0234375
7 0.81171875 0.92421875 0.009375 0.0234375
7 0.81796875 0.92421875 0.0046875 0.0234375
7 0.82421875 0.92421875 0.009375 0.0234375
7 0.8328125 0.92421875 0.009375 0.0234375
7 0.8421875 0.92421875 0.009375 0.0234375
7 0.8484375 0.92421875 0.0046875 0.0234375
7 0.85546875 0.92421875 0.009375 0.0234375
7 0.8640625 0.92421875 0.009375 0.0234375
7 0.871875 0.92421875 0.009375 0.0234375
6 0.834375 0.95703125 0.165625 0.02109375
4 0.0640625 0.9546875 0.09765625 0.01953125
7 0.365625 0.94296875 0.07890625 0.015625
7 0.4625 0.94296875 0.090625 0.015625
7 0.53046875 0.94296875 0.0234375 0.015625
7 0.56953125 0.94296875 0.0328125 0.015625
7 0.61171875 0.94296875 0.03046875 0.015625
0 0.3828125 0.98203125 0.015625 0.0359375
4 0.446875 0.978125 0.0109375 0.02734375
0 0.44609375 0.98203125 0.0609375 0.0359375
4 0.52265625 0.978125 0.025 0.02734375
0 0.521875 0.98203125 0.040625 0.0359375
4 0.59921875 0.978125 0.0203125 0.02734375
0 0.5984375 0.98203125 0.0625 0.0359375
4 0.68203125 0.978125 0.0265625 0.02734375
0 0.68203125 0.98203125 0.0546875 0.0359375
4 0.7625 0.978125 0.0203125 0.02734375
0 0.76171875 0.98203125 0.0546875 0.0359375
7 0.65546875 0.94296875 0.03515625 0.015625
7 0.36640625 0.97109375 0.04609375 0.015625
7 0.41484375 0.97109375 0.0296875 0.015625
7 0.45234375 0.97109375 0.0234375 0.015625
7 0.4859375 0.97109375 0.02265625 0.015625
7 0.521875 0.97109375 0.028125 0.015625
7 0.58203125 0.97109375 0.06875 0.015625
7 0.64140625 0.97109375 0.03046875 0.015625
7 0.8375 0.9578125 0.06171875 0.0171875
0 0.84453125 0.9578125 0.096875 0.04296875
4 0.8765625 0.959375 0.009375 0.009375
4 0.91875 0.9578125 0.0390625 0.053125
0 0.91875 0.95546875 0.053125 0.0234375
4 0.96484375 0.9578125 0.0390625 0.053125
0 0.96484375 0.95546875 0.0390625 0.0234375