4 0.50078125 0.26171875 0.62421875 0.425
2 0.28359375 0.27890625 0.30703125 0.05625
7 0.73515625 0.11015625 0.1234375 0.11875
2 0.72421875 0.02578125 0.10625 0.0421875
2 0.24140625 0.52265625 0.11484375 0.0609375
2 0.3953125 0.5 0.10234375 0.02578125
2 0.69453125 0.51953125 0.04375 0.0265625
4 0.24609375 0.6296875 0.11015625 0.1453125
4 0.415625 0.61484375 0.13515625 0.184375
7 0.25078125 0.7953125 0.13359375 0.0703125
7 0.24296875 0.86640625 0.121875 0.05
7 0.4109375 0.859375 0.13828125 0.28125
7 0.75625 0.69375 0.08671875 0.04765625
6 0.721875 0.5515625 0.1 0.0171875
6 0.72421875 0.59296875 0.1046875 0.0328125
7 0.7140625 0.3625 0.08046875 0.0171875
7 0.70625 0.415625 0.07109375 0.01875
1 0.71953125 0.3890625 0.090625 0.0265625
1 0.71875 0.45 0.09140625 0.02109375
5 0.7 0.38984375 0.046875 0.0171875
5 0.690625 0.4515625 0.03515625 0.0203125
0 0.78359375 0.3921875 0.03359375 0.021875
0 0.784375 0.44921875 0.0375 0.01875
0 0.22265625 0.44921875 0.05859375 0.03203125
0 0.28671875 0.44921875 0.0578125 0.0359375
0 0.35703125 0.45078125 0.0765625 0.0375
0 0.434375 0.44921875 0.07109375 0.0359375
0 0.4984375 0.45 0.05234375 0.03671875
0 0.5609375 0.453125 0.06953125 0.040625