4 0.5 0.478125 1 0.803125
3 0.5 0.98515625 1 0.0296875
0 0.8046875 0.984375 0.06640625 0.0265625
2 0.5 0.78125 0.26484375 0.0546875
7 0.49921875 0.84375 0.35546875 0.021875
2 0.0953125 0.040625 0.13203125 0.046875
0 0.2078125 0.0375 0.040625 0.040625
0 0.25703125 0.03828125 0.04375 0.0453125
0 0.315625 0.03828125 0.05625 0.0453125
0 0.37421875 0.03828125 0.046875 0.0453125
0 0.4328125 0.03828125 0.05546875 0.04609375
0 0.49375 0.03828125 0.0546875 0.0453125
0 0.5546875 0.03828125 0.05546875 0.04765625
0 0.984375 0.4765625 0.02734375 0.04609375
0 0.01640625 0.4796875 0.0265625 0.03828125
7 0.2140625 0.89921875 0.15625 0.0390625
7 0.3890625 0.89765625 0.1765625 0.03359375
4 0.54140625 0.89453125 0.08671875 0.01953125
4 0.66640625 0.89765625 0.1171875 0.01953125
4 0.80234375 0.89609375 0.1171875 0.02109375