4 0.1109375 0.0328125 0.16875 0.03671875
0 0.0890625 0.0328125 0.178125 0.06484375
0 0.79375 0.0328125 0.1046875 0.04140625
6 0.90078125 0.0328125 0.0421875 0.02890625
4 0.97109375 0.0328125 0.0578125 0.06484375
0 0.22265625 0.0328125 0.08984375 0.06484375
0 0.3078125 0.0328125 0.07109375 0.06484375
0 0.3859375 0.0328125 0.07421875 0.06484375
0 0.47265625 0.0328125 0.08984375 0.06484375
0 0.55234375 0.0328125 0.059375 0.06484375
0 0.6515625 0.0328125 0.1296875 0.06484375
0 0.2125 0.08671875 0.0703125 0.04296875
0 0.29375 0.08671875 0.0828125 0.04296875
0 0.37578125 0.08671875 0.07421875 0.04296875
0 0.4734375 0.08671875 0.1125 0.04296875
0 0.575 0.08671875 0.0828125 0.04296875
0 0.66484375 0.08671875 0.0890625 0.04296875
0 0.7625 0.08671875 0.0984375 0.04296875
3 0.5 0.31796875 0.946875 0.32578125
2 0.5 0.5984375 0.94140625 0.084375
4 0.153125 0.75703125 0.2140625 0.1890625
2 0.153125 0.928125 0.1828125 0.10546875
0 0.153125 0.84453125 0.21484375 0.03515625
4 0.384375 0.75703125 0.2140625 0.1890625
2 0.384375 0.928125 0.1828125 0.10546875
0 0.384375 0.84453125 0.2140625 0.03515625
4 0.615625 0.74296875 0.2140625 0.16015625
2 0.615625 0.89921875 0.1828125 0.10546875
0 0.615625 0.815625 0.2140625 0.03515625
4 0.846875 0.74296875 0.2140625 0.16015625
2 0.846875 0.909375 0.1828125 0.1265625
0 0.846875 0.815625 0.2140625 0.03515625