4 0.08203125 0.04140625 0.1171875 0.03125
4 0.17578125 0.04140625 0.0234375 0.03125
7 0.2421875 0.04140625 0.06875 0.0828125
7 0.3 0.04140625 0.03203125 0.02109375
4 0.3234375 0.04140625 0.01640625 0.02109375
6 0.37734375 0.04140625 0.0515625 0.02109375
7 0.43984375 0.04140625 0.0296875 0.0828125
4 0.46328125 0.04140625 0.01640625 0.02109375
7 0.52734375 0.04140625 0.0703125 0.0828125
4 0.56953125 0.04140625 0.01640625 0.02109375
7 0.621875 0.04140625 0.046875 0.0828125
4 0.653125 0.04140625 0.01640625 0.02109375
6 0.7015625 0.04140625 0.03984375 0.02109375
0 0.7859375 0.04140625 0.0828125 0.04140625
4 0.86171875 0.04140625 0.02421875 0.03125
7 0.91796875 0.04140625 0.0453125 0.02109375
7 0.94296875 0.04140625 0.00703125 0.02109375
7 0.95859375 0.04140625 0.0265625 0.02109375
4 0.97734375 0.04140625 0.0140625 0.02109375
4 0.021875 0.92109375 0.015625 0.021875
4 0.05 0.95703125 0.0328125 0.04453125
7 0.46953125 0.9453125 0.7859375 0.02578125
7 0.46953125 0.9703125 0.7859375 0.0234375
0 0.93125 0.95703125 0.10625 0.04140625
7 0.3359375 0.19765625 0.625 0.06796875
7 0.3359375 0.265625 0.625 0.06796875
7 0.3359375 0.321875 0.625 0.0234375
7 0.16796875 0.396875 0.2890625 0.0234375
1 0.11640625 0.4453125 0.1859375 0.02578125
4 0.29609375 0.446875 0.0171875 0.0234375
1 0.2609375 0.4453125 0.10234375 0.05234375
7 0.3875 0.396875 0.11875 0.0234375
4 0.43046875 0.446875 0.0171875 0.0234375
1 0.3875 0.4453125 0.11875 0.05234375
0 0.52421875 0.4453125 0.121875 0.05234375
4 0.8453125 0.31796875 0.296875 0.24765625
0 0.8453125 0.31796875 0.296875 0.24765625
4 0.478125 0.5921875 0.009375 0.01328125
4 0.5 0.5921875 0.009375 0.01328125
4 0.521875 0.5921875 0.009375 0.01328125
4 0.271875 0.6875 0.01953125 0.02578125
0 0.45078125 0.6875 0.378125 0.02578125
7 0.43828125 0.6875 0.29765625 0.02109375
7 0.62109375 0.6875 0.0375 0.02109375
7 0.703125 0.6875 0.03125 0.02109375
0 0.7125 0.6875 0.05078125 0.02109375
4 0.73046875 0.6875 0.015625 0.02109375
7 0.2515625 0.775 0.39453125 0.0234375
7 0.52734375 0.775 0.1578125 0.0234375
7 0.68515625 0.775 0.159375 0.0234375
7 0.8625 0.775 0.196875 0.0234375
4 0.071875 0.85390625 0.03515625 0.046875
0 0.5 0.8546875 0.953125 0.0921875
7 0.1234375 0.85390625 0.0359375 0.03125
7 0.175 0.85390625 0.0359375 0.03125
7 0.52734375 0.85390625 0.1578125 0.03125
7 0.68515625 0.85390625 0.159375 0.03125
4 0.8265625 0.85390625 0.125 0.04921875
4 0.071875 0.946875 0.03515625 0.046875
0 0.5 0.946875 0.953125 0.0921875
7 0.12265625 0.946875 0.034375 0.03125
7 0.1828125 0.946875 0.05546875 0.03125
7 0.52734375 0.946875 0.1578125 0.03125
7 0.68515625 0.946875 0.159375 0.03125
4 0.8265625 0.946875 0.125 0.04921875
0 0.5 0.996875 0.953125 0.00625
4 0.96171875 0.86953125 0.0234375 0.0625