4 0.5 0.140625 1 0.28125
4 0.5 0.140625 1 0.28125
4 0.5 0.859375 1 0.28125
6 0.12109375 0.03046875 0.04296875 0.01953125
0 0.31875 0.234375 0.1328125 0.05234375
0 0.31875 0.234375 0.1328125 0.05234375
0 0.31875 0.234375 0.1328125 0.05234375
0 0.31875 0.234375 0.1328125 0.05234375
0 0.31875 0.234375 0.1328125 0.05234375
0 0.3078125 0.234375 0.1125 0.05234375
4 0.26015625 0.21953125 0.01640625 0.021875
0 0.3078125 0.23515625 0.1125 0.053125
7 0.27421875 0.234375 0.0453125 0.05234375
4 0.26015625 0.21953125 0.01640625 0.021875
0 0.3078125 0.23515625 0.1125 0.053125
7 0.2671875 0.234375 0.03125 0.05234375
4 0.26015625 0.21953125 0.01640625 0.021875
0 0.3078125 0.23515625 0.1125 0.053125
7 0.26796875 0.234375 0.03203125 0.05234375
4 0.26015625 0.21953125 0.01640625 0.021875
0 0.3078125 0.23515625 0.1125 0.053125
7 0.28515625 0.234375 0.06640625 0.05234375
4 0.26015625 0.21953125 0.01640625 0.021875
0 0.3078125 0.23515625 0.1125 0.053125
7 0.278125 0.234375 0.0515625 0.05234375
4 0.26015625 0.21953125 0.01640625 0.021875
0 0.3078125 0.23515625 0.1125 0.053125
7 0.26796875 0.234375 0.03203125 0.05234375
4 0.26015625 0.21953125 0.01640625 0.021875
0 0.3078125 0.23515625 0.1125 0.053125
7 0.2796875 0.234375 0.0546875 0.05234375
4 0.26015625 0.21953125 0.01640625 0.021875
0 0.3078125 0.23515625 0.1125 0.053125
7 0.278125 0.234375 0.053125 0.05234375
4 0.26015625 0.21953125 0.01640625 0.021875
0 0.3078125 0.23515625 0.1125 0.053125
7 0.27265625 0.234375 0.040625 0.05234375
7 0.67890625 0.028125 0.03984375 0.01953125
0 0.7 0.028125 0.10546875 0.05078125
4 0.7203125 0.0296875 0.03203125 0.04296875
7 0.77734375 0.028125 0.05078125 0.01953125
0 0.80078125 0.03125 0.09765625 0.05703125
4 0.82578125 0.0296875 0.03203125 0.04140625
4 0.82578125 0.0296875 0.03984375 0.05234375
4 0.87421875 0.028125 0.0203125 0.05078125
2 0.5 0.1421875 0.6171875 0.06875
1 0.45703125 0.25703125 0.53125 0.05625
4 0.74140625 0.25703125 0.03125 0.0328125
0 0.74140625 0.25703125 0.03125 0.0328125
4 0.7796875 0.25703125 0.03203125 0.0328125
7 0.43828125 0.31640625 0.32421875 0.02109375
6 0.66328125 0.31640625 0.121875 0.02109375
4 0.80546875 0.7671875 0.03515625 0.05234375
4 0.80546875 0.7671875 0.03515625 0.05234375
4 0.80546875 0.7671875 0.03515625 0.05234375
7 0.89375 0.75078125 0.21171875 0.01953125
6 0.88671875 0.825 0.196875 0.16796875
7 0.89375 0.75 0.21171875 0.01796875
7 0.7640625 0.77734375 0.1328125 0.05234375
0 0.74375 0.77734375 0.171875 0.05234375
4 0.853125 0.77734375 0.03984375 0.05234375
4 0.89609375 0.77734375 0.03984375 0.05234375
4 0.121875 0.77734375 0.03984375 0.05234375