0 0.81953125 0.01875 0.02421875 0.0171875
7 0.8390625 0.01796875 0.01640625 0.015625
0 0.865625 0.01875 0.03828125 0.0171875
7 0.93671875 0.01796875 0.1078125 0.015625
4 0.16796875 0.16953125 0.15625 0.20859375
7 0.16875 0.3125 0.1453125 0.02109375
2 0.16796875 0.365625 0.1953125 0.02890625
3 0.16796875 0.54921875 0.1953125 0.26015625
2 0.59296875 0.0921875 0.634375 0.03359375
7 0.3765625 0.13515625 0.20234375 0.02109375
7 0.4453125 0.16171875 0.33984375 0.02109375
7 0.35390625 0.21328125 0.15703125 0.02109375
7 0.540625 0.21328125 0.21875 0.02109375
7 0.31328125 0.24375 0.075 0.02109375
1 0.459375 0.24375 0.21796875 0.03359375
7 0.29296875 0.28671875 0.015625 0.02109375
2 0.60859375 0.3421875 0.5953125 0.0859375
2 0.58984375 0.428125 0.55859375 0.0859375
7 0.290625 0.51328125 0.01171875 0.02109375
7 0.36171875 0.540625 0.10234375 0.015625
6 0.43125 0.540625 0.03828125 0.015625
7 0.290625 0.59921875 0.01171875 0.02109375
7 0.32890625 0.6328125 0.0359375 0.02109375
0 0.546875 0.63359375 0.39453125 0.021875
7 0.8453125 0.7046875 0.08984375 0.015625
6 0.9078125 0.7046875 0.03828125 0.015625
7 0.50078125 0.79609375 0.43671875 0.0140625
0 0.23359375 0.83359375 0.0859375 0.0234375
7 0.2828125 0.8328125 0.0046875 0.021875
0 0.35 0.83359375 0.1234375 0.0234375
7 0.41640625 0.8328125 0.0046875 0.021875
0 0.4515625 0.83359375 0.05625 0.0234375
7 0.48515625 0.8328125 0.0046875 0.021875
0 0.55234375 0.83359375 0.12421875 0.0234375
7 0.61953125 0.8328125 0.0046875 0.021875
0 0.63984375 0.83359375 0.03046875 0.0234375
7 0.66171875 0.8328125 0.0046875 0.021875
0 0.70859375 0.83359375 0.0828125 0.0234375
7 0.75546875 0.8328125 0.0046875 0.021875
0 0.784375 0.83359375 0.04765625 0.0234375
7 0.5 0.86171875 0.865625 0.01328125