4 0.1109375 0.0453125 0.19140625 0.046875
0 0.1109375 0.0453125 0.19140625 0.078125
0 0.22578125 0.0453125 0.0203125 0.078125
0 0.93046875 0.05 0.10859375 0.040625
7 0.45625 0.1265625 0.728125 0.02734375
6 0.8625 0.1265625 0.0859375 0.02734375
7 0.90625 0.1265625 0.00390625 0.02734375
2 0.5 0.23984375 0.63671875 0.06796875
7 0.5 0.33046875 0.63671875 0.07265625
0 0.5 0.42421875 0.1796875 0.05234375
7 0.40859375 0.49765625 0.1765625 0.03125
7 0.58046875 0.496875 0.1671875 0.02734375
0 0.58828125 0.49765625 0.1828125 0.02109375
4 0.6734375 0.5 0.01171875 0.01015625
4 0.5 0.68671875 0.63671875 0.28515625
4 0.5 0.9234375 1 0.06484375
4 0.16640625 0.99765625 0.1296875 0.0046875
4 0.5 0.99765625 0.203125 0.0046875
4 0.8328125 0.99765625 0.15625 0.0046875