7 0.10078125 0.0390625 0.1203125 0.02578125
4 0.83125 0.040625 0.2515625 0.0390625
7 0.86328125 0.0875 0.1328125 0.015625
4 0.94609375 0.084375 0.0140625 0.0171875
7 0.0671875 0.1296875 0.05390625 0.0171875
7 0.11015625 0.1296875 0.03203125 0.0171875
7 0.14921875 0.1296875 0.04609375 0.0171875
6 0.18203125 0.1296875 0.02421875 0.0171875
7 0.203125 0.1296875 0.0171875 0.0171875
6 0.23046875 0.1296875 0.0390625 0.0171875
7 0.25 0.1296875 0.00390625 0.0171875
7 0.05546875 0.16953125 0.028125 0.015625
7 0.1390625 0.16953125 0.14140625 0.015625
6 0.22578125 0.16953125 0.03125 0.015625
7 0.24296875 0.16953125 0.00703125 0.015625
6 0.2625 0.16953125 0.034375 0.015625
7 0.28125 0.16953125 0.00390625 0.015625
4 0.67890625 0.17421875 0.01484375 0.01796875
1 0.790625 0.16875 0.190625 0.025
1 0.9265625 0.16875 0.0671875 0.025
7 0.04375 0.2046875 0.009375 0.0234375
7 0.0515625 0.2046875 0.00625 0.0234375
6 0.0734375 0.2015625 0.0265625 0.01328125
7 0.096875 0.2046875 0.0078125 0.0234375
6 0.11796875 0.2015625 0.0234375 0.01328125
6 0.16015625 0.2015625 0.0375 0.01328125
6 0.20390625 0.2015625 0.02734375 0.01328125
6 0.253125 0.2015625 0.0453125 0.01328125
6 0.3015625 0.2015625 0.0265625 0.01328125
7 0.32421875 0.2046875 0.0078125 0.0234375
6 0.071875 0.25 0.0859375 0.02109375
6 0.0625 0.29296875 0.04296875 0.02109375
4 0.06015625 0.38203125 0.03203125 0.04296875
6 0.15078125 0.3296875 0.1140625 0.02109375
7 0.3515625 0.36875 0.515625 0.06015625
7 0.12109375 0.40703125 0.0546875 0.0171875
6 0.18359375 0.40703125 0.0703125 0.0171875
7 0.68828125 0.35859375 0.0734375 0.0171875
7 0.68671875 0.37421875 0.06328125 0.0171875
7 0.7625 0.35078125 0.04765625 0.0171875
7 0.79453125 0.35078125 0.01875 0.0171875
6 0.83125 0.35078125 0.05625 0.0171875
7 0.74375 0.36640625 0.01171875 0.0171875
6 0.81171875 0.36640625 0.125 0.0171875
7 0.7453125 0.38203125 0.01484375 0.0171875
7 0.76875 0.38203125 0.03203125 0.0171875
7 0.821875 0.38203125 0.07734375 0.0171875
7 0.1265625 0.43671875 0.06640625 0.0171875
7 0.1640625 0.43671875 0.0078125 0.0171875
6 0.1796875 0.43671875 0.02734375 0.0171875
7 0.19609375 0.43671875 0.00703125 0.0171875
6 0.2125 0.43671875 0.028125 0.0171875
7 0.22890625 0.43671875 0.00703125 0.0171875
6 0.25234375 0.43671875 0.0421875 0.0171875
7 0.2765625 0.43671875 0.00703125 0.0171875
6 0.34296875 0.43671875 0.1265625 0.0171875
4 0.06015625 0.521875 0.03203125 0.04296875
6 0.20625 0.46875 0.225 0.02109375
7 0.359375 0.5078125 0.53125 0.06015625
7 0.12421875 0.54609375 0.0609375 0.0171875
6 0.1765625 0.54609375 0.04609375 0.0171875
7 0.2015625 0.54609375 0.00703125 0.0171875
6 0.22890625 0.54609375 0.05 0.0171875
7 0.68828125 0.4984375 0.0671875 0.0171875
7 0.68671875 0.5140625 0.06328125 0.0171875
7 0.7625 0.490625 0.04765625 0.0171875
7 0.79453125 0.490625 0.01875 0.0171875
6 0.83515625 0.490625 0.0640625 0.0171875
7 0.74375 0.50625 0.01171875 0.0171875
6 0.81796875 0.50625 0.1375 0.0171875
7 0.7453125 0.521875 0.01484375 0.0171875
7 0.76875 0.521875 0.03203125 0.0171875
7 0.821875 0.521875 0.07734375 0.0171875
7 0.1265625 0.5765625 0.06640625 0.0171875
7 0.1640625 0.5765625 0.0078125 0.0171875
6 0.20234375 0.5765625 0.0734375 0.0171875
4 0.06015625 0.64140625 0.03203125 0.04296875
6 0.1140625 0.6078125 0.040625 0.02109375
7 0.15 0.62734375 0.11328125 0.02109375
7 0.12421875 0.646875 0.0609375 0.0171875
6 0.1765625 0.646875 0.04609375 0.0171875
7 0.2015625 0.646875 0.00703125 0.0171875
6 0.2328125 0.646875 0.0578125 0.0171875
7 0.68828125 0.61796875 0.0734375 0.0171875
7 0.68671875 0.63359375 0.06328125 0.0171875
7 0.7625 0.61015625 0.04765625 0.0171875
7 0.79453125 0.61015625 0.01875 0.0171875
6 0.81015625 0.61015625 0.01484375 0.0171875
7 0.74375 0.62578125 0.01171875 0.0171875
6 0.809375 0.62578125 0.1203125 0.0171875
7 0.7453125 0.64140625 0.01484375 0.0171875
7 0.76875 0.64140625 0.03203125 0.0171875
7 0.821875 0.64140625 0.07734375 0.0171875
7 0.1265625 0.6765625 0.06640625 0.0171875
7 0.1640625 0.6765625 0.0078125 0.0171875
6 0.2015625 0.6765625 0.07109375 0.0171875
7 0.23984375 0.6765625 0.00703125 0.0171875
6 0.25625 0.6765625 0.02734375 0.0171875
7 0.2734375 0.6765625 0.0078125 0.0171875
6 0.334375 0.6765625 0.11796875 0.0171875
7 0.39609375 0.6765625 0.00703125 0.0171875
6 0.4234375 0.6765625 0.04765625 0.0171875
7 0.4484375 0.6765625 0.00703125 0.0171875
6 0.49609375 0.6765625 0.08984375 0.0171875
4 0.06015625 0.7359375 0.03203125 0.04296875
6 0.171875 0.70859375 0.15625 0.02109375
7 0.35 0.7375 0.5125 0.040625
7 0.12109375 0.76640625 0.0546875 0.0171875
6 0.1734375 0.76640625 0.05 0.0171875
7 0.68828125 0.728125 0.06171875 0.0171875
7 0.68671875 0.74375 0.06328125 0.0171875
7 0.7625 0.7203125 0.04765625 0.0171875
7 0.79453125 0.7203125 0.01875 0.0171875
6 0.8171875 0.7203125 0.028125 0.0171875
7 0.74375 0.7359375 0.01171875 0.0171875
6 0.81640625 0.7359375 0.134375 0.0171875
7 0.7453125 0.7515625 0.01484375 0.0171875
7 0.76875 0.7515625 0.03203125 0.0171875
7 0.821875 0.7515625 0.07734375 0.0171875
4 0.06015625 0.81171875 0.03203125 0.04296875
6 0.15703125 0.80234375 0.12578125 0.02109375
7 0.31640625 0.821875 0.4453125 0.02109375
7 0.68828125 0.80390625 0.0671875 0.0171875
7 0.68671875 0.81953125 0.06328125 0.0171875
7 0.7625 0.79609375 0.04765625 0.0171875
7 0.79453125 0.79609375 0.01875 0.0171875
6 0.82734375 0.79609375 0.0484375 0.0171875
7 0.74375 0.81171875 0.01171875 0.0171875
6 0.8078125 0.81171875 0.1171875 0.0171875
7 0.7453125 0.82734375 0.01484375 0.0171875
7 0.76875 0.82734375 0.03203125 0.0171875
7 0.821875 0.82734375 0.07734375 0.0171875
6 0.06953125 0.8734375 0.0578125 0.02109375
4 0.06015625 0.93828125 0.03203125 0.04296875
6 0.12734375 0.9234375 0.0671875 0.02109375
7 0.68828125 0.915625 0.0734375 0.0171875
7 0.68671875 0.93125 0.06328125 0.0171875
7 0.7625 0.9078125 0.04765625 0.0171875
7 0.79453125 0.9078125 0.01875 0.0171875
6 0.82734375 0.9078125 0.0484375 0.0171875
7 0.74375 0.9234375 0.01171875 0.0171875
6 0.8140625 0.9234375 0.1296875 0.0171875
7 0.7453125 0.9390625 0.01484375 0.0171875
7 0.76875 0.9390625 0.03203125 0.0171875
7 0.821875 0.9390625 0.07734375 0.0171875
7 0.1265625 0.96953125 0.06640625 0.0171875
7 0.1640625 0.96953125 0.0078125 0.0171875
6 0.19453125 0.96953125 0.05625 0.0171875
6 0.13046875 0.9953125 0.0734375 0.009375
7 0.76171875 0.996875 0.0484375 0.00625
7 0.79375 0.996875 0.01875 0.00625
6 0.81953125 0.996875 0.0359375 0.00625