4 0.10703125 0.03671875 0.14765625 0.0390625
0 0.0953125 0.0484375 0.17109375 0.05703125
0 0.7359375 0.04453125 0.078125 0.046875
0 0.815625 0.04453125 0.0734375 0.046875
7 0.9015625 0.040625 0.04296875 0.01953125
0 0.90703125 0.04140625 0.07890625 0.03125
4 0.140625 0.1109375 0.10546875 0.05234375
2 0.4875 0.1109375 0.5 0.02578125
0 0.82109375 0.1109375 0.1296875 0.04453125
4 0.98203125 0.1109375 0.01640625 0.0234375
4 0.0265625 0.1703125 0.02265625 0.0234375
0 0.07578125 0.1703125 0.1203125 0.02890625
7 0.0921875 0.1703125 0.0875 0.02890625
6 0.07265625 0.1703125 0.034375 0.021875
7 0.1140625 0.1703125 0.04375 0.021875
7 0.16484375 0.1703125 0.05390625 0.021875
7 0.21015625 0.1703125 0.0328125 0.021875
7 0.24296875 0.1703125 0.0296875 0.021875
7 0.2765625 0.1703125 0.0328125 0.021875
6 0.3453125 0.1703125 0.05859375 0.021875
7 0.40546875 0.1703125 0.0578125 0.021875
7 0.4484375 0.1703125 0.02421875 0.021875
7 0.490625 0.1703125 0.05546875 0.021875
7 0.54453125 0.1703125 0.04765625 0.021875
7 0.58203125 0.1703125 0.0234375 0.021875
7 0.60234375 0.1703125 0.0140625 0.021875
7 0.621875 0.1703125 0.0203125 0.021875
7 0.65234375 0.1703125 0.0375 0.021875
7 0.684375 0.1703125 0.0234375 0.021875
6 0.7640625 0.1703125 0.0890625 0.021875
6 0.90546875 0.1703125 0.1890625 0.021875
2 0.5 0.86328125 0.9609375 0.03359375
7 0.434375 0.89375 0.82890625 0.021875
0 0.0921875 0.940625 0.125 0.040625
2 0.5 0.303125 0.31640625 0.05625
2 0.5 0.3703125 0.33984375 0.05625
0 0.36015625 0.49375 0.26875 0.06640625
0 0.63984375 0.49375 0.26875 0.06640625
4 0.06171875 0.69453125 0.0171875 0.05078125
7 0.1203125 0.69453125 0.0609375 0.05625
7 0.18125 0.69453125 0.05859375 0.05625
7 0.24296875 0.69453125 0.0609375 0.05625
7 0.3046875 0.69453125 0.05859375 0.05625
7 0.365625 0.69453125 0.059375 0.05625
7 0.42734375 0.69453125 0.059375 0.05625
7 0.4890625 0.69453125 0.059375 0.05625
7 0.5484375 0.69453125 0.05625 0.05625
7 0.6109375 0.69453125 0.0640625 0.05625
7 0.67890625 0.69453125 0.0671875 0.05625
7 0.74765625 0.69453125 0.065625 0.05625
7 0.83828125 0.69453125 0.1125 0.05625
1 0.49140625 0.75625 0.878125 0.0375
7 0.1140625 0.81875 0.0453125 0.040625
7 0.30625 0.81875 0.059375 0.040625
7 0.44375 0.81875 0.06640625 0.040625
7 0.56171875 0.81875 0.0484375 0.040625
7 0.67265625 0.81875 0.046875 0.040625
7 0.8734375 0.81875 0.06640625 0.040625
7 0.153125 0.8578125 0.121875 0.02578125
7 0.2828125 0.8578125 0.1296875 0.02578125
7 0.4203125 0.8578125 0.13671875 0.02578125
7 0.5453125 0.8578125 0.10546875 0.02578125
7 0.65546875 0.8578125 0.10546875 0.02578125
7 0.85625 0.8578125 0.06875 0.02109375
7 0.90546875 0.8578125 0.025 0.02109375
4 0.93671875 0.8578125 0.0109375 0.0140625
7 0.153125 0.896875 0.121875 0.02578125
7 0.2828125 0.896875 0.1296875 0.02578125
7 0.4203125 0.896875 0.13671875 0.02578125
7 0.5453125 0.896875 0.10546875 0.02578125
7 0.65546875 0.896875 0.10546875 0.02578125
7 0.86015625 0.896875 0.06171875 0.02109375
7 0.90546875 0.896875 0.025 0.02109375
4 0.93671875 0.896875 0.0109375 0.0140625
7 0.153125 0.9359375 0.121875 0.02578125
7 0.2828125 0.9359375 0.1296875 0.02578125
7 0.4203125 0.9359375 0.13671875 0.02578125
7 0.5453125 0.9359375 0.10546875 0.02578125
7 0.65546875 0.9359375 0.10546875 0.02578125
7 0.86328125 0.9359375 0.0546875 0.02109375
7 0.90546875 0.9359375 0.025 0.02109375
4 0.93671875 0.9359375 0.0109375 0.0140625
7 0.153125 0.975 0.121875 0.02578125
7 0.2828125 0.975 0.1296875 0.02578125
7 0.4203125 0.975 0.13671875 0.02578125
7 0.5453125 0.975 0.10546875 0.02578125
7 0.65546875 0.975 0.10546875 0.02578125
7 0.86328125 0.975 0.0546875 0.02109375
7 0.90546875 0.975 0.025 0.02109375
4 0.93671875 0.975 0.0109375 0.0140625