4 0.084375 0.0484375 0.13671875 0.03125
0 0.084375 0.0484375 0.13671875 0.03125
0 0.7015625 0.0484375 0.08671875 0.0546875
0 0.7015625 0.0484375 0.08671875 0.0546875
0 0.79765625 0.0484375 0.0765625 0.0546875
0 0.79765625 0.0484375 0.0765625 0.0546875
4 0.8703125 0.0484375 0.0203125 0.02578125
7 0.90859375 0.0484375 0.0421875 0.02890625
2 0.50703125 0.17109375 0.89921875 0.025
7 0.48515625 0.22109375 0.8546875 0.046875
6 0.54453125 0.2328125 0.09296875 0.0234375
7 0.5921875 0.2328125 0.00390625 0.0234375
7 0.50703125 0.27265625 0.89921875 0.025
7 0.49921875 0.32265625 0.8828125 0.046875
6 0.1921875 0.334375 0.0890625 0.0234375
7 0.2375 0.334375 0.00390625 0.0234375
2 0.49921875 0.50703125 0.39921875 0.0953125
2 0.5 0.59375 0.5796875 0.0390625
2 0.49921875 0.6453125 0.36640625 0.025
0 0.5 0.709375 0.3109375 0.04921875
0 0.5 0.70234375 0.3109375 0.0921875
7 0.5 0.77421875 0.178125 0.025
7 0.5 0.8265625 0.29296875 0.025
0 0.5 0.8609375 0.1640625 0.01796875
2 0.5 0.98671875 0.90234375 0.02578125
3 0.965625 0.94296875 0.06875 0.078125