7 0.4328125 0.03671875 0.22734375 0.02890625
0 0.6203125 0.0375 0.1203125 0.04296875
4 0.121875 0.1328125 0.09453125 0.04453125
0 0.13359375 0.1328125 0.11796875 0.05703125
4 0.91015625 0.14140625 0.03125 0.040625
0 0.89765625 0.13203125 0.05546875 0.05078125
7 0.1125 0.2046875 0.0765625 0.03671875
0 0.1125 0.209375 0.0765625 0.0453125
7 0.20859375 0.2046875 0.07109375 0.03671875
2 0.1984375 0.3640625 0.190625 0.1109375
2 0.38125 0.3640625 0.17578125 0.1109375
2 0.328125 0.4109375 0.44921875 0.2046875
4 0.11796875 0.5890625 0.028125 0.0375
7 0.1734375 0.5890625 0.0546875 0.0375
7 0.33203125 0.5890625 0.2640625 0.0375
4 0.11796875 0.65546875 0.028125 0.0375
7 0.21015625 0.65546875 0.128125 0.0375
7 0.39921875 0.65546875 0.24140625 0.0375
4 0.11796875 0.721875 0.028125 0.0375
7 0.18046875 0.721875 0.0671875 0.0375
7 0.30859375 0.721875 0.19140625 0.0375
7 0.2375 0.84453125 0.2671875 0.0328125
0 0.35859375 0.84453125 0.5109375 0.0328125
4 0.39375 0.8421875 0.015625 0.01953125
0 0.1828125 0.9609375 0.159375 0.078125
0 0.3703125 0.9609375 0.16328125 0.078125
4 0.7671875 0.50078125 0.3390625 0.43125
4 0.775 0.54921875 0.29375 0.4609375
7 0.775 0.3859375 0.121875 0.0640625
7 0.2875 0.9046875 0.53828125 0.04921875
6 0.34453125 0.9171875 0.0453125 0.025
7 0.2890625 0.9296875 0.540625 0.04921875
0 0.2640625 0.9421875 0.0796875 0.025
7 0.3046875 0.9546875 0.571875 0.04921875
7 0.68828125 0.9296875 0.146875 0.04453125
7 0.87109375 0.9296875 0.1265625 0.04921875
4 0.98125 0.8859375 0.01953125 0.02734375
0 0.98125 0.88515625 0.03125 0.03359375