7 0.20078125 0.02890625 0.35078125 0.02109375
0 0.38515625 0.0296875 0.0203125 0.021875
7 0.578125 0.02890625 0.365625 0.02109375
0 0.8234375 0.0296875 0.1265625 0.021875
7 0.8890625 0.02890625 0.0046875 0.02109375
4 0.5 0.38828125 1 0.65078125
4 0.0484375 0.12734375 0.05078125 0.13046875
1 0.84375 0.08984375 0.234375 0.03125
0 0.94921875 0.08984375 0.021875 0.02890625
1 0.7328125 0.11875 0.0125 0.0171875
5 0.78203125 0.12265625 0.06328125 0.01796875
1 0.8296875 0.11875 0.0140625 0.0171875
5 0.88828125 0.12265625 0.0828125 0.01796875
2 0.17578125 0.16796875 0.165625 0.0234375
0 0.178125 0.16953125 0.2078125 0.046875
2 0.3578125 0.16796875 0.115625 0.0234375
0 0.36015625 0.16953125 0.15703125 0.046875
2 0.490625 0.16796875 0.06953125 0.0234375
0 0.49296875 0.16953125 0.1109375 0.046875
2 0.58125 0.16796875 0.0296875 0.0234375
0 0.58359375 0.16953125 0.07109375 0.046875
2 0.6953125 0.16796875 0.1171875 0.0234375
0 0.69765625 0.16953125 0.159375 0.046875
2 0.8125 0.16796875 0.03515625 0.0234375
0 0.81484375 0.16953125 0.07734375 0.046875
2 0.88515625 0.16796875 0.028125 0.0234375
0 0.8875 0.16953125 0.0703125 0.046875
2 0.2609375 0.33515625 0.44375 0.084375
7 0.24375 0.41484375 0.41015625 0.0328125
7 0.190625 0.5625 0.2703125 0.0625
0 0.190625 0.5625 0.30390625 0.06484375
7 0.146875 0.64140625 0.1953125 0.021875
0 0.146875 0.6421875 0.1953125 0.0234375
2 0.265625 0.77421875 0.453125 0.0484375
4 0.10234375 0.91796875 0.1265625 0.1640625
0 0.10234375 0.91796875 0.1265625 0.1640625
2 0.22734375 0.86953125 0.0921875 0.0234375
7 0.32890625 0.93359375 0.2953125 0.08359375
2 0.734375 0.77421875 0.453125 0.0484375
4 0.509375 0.8390625 0.00390625 0.00625
0 0.509375 0.8390625 0.00390625 0.00625
2 0.59296875 0.86953125 0.13984375 0.0234375
4 0.509375 0.98359375 0.00390625 0.00625
0 0.509375 0.98359375 0.00390625 0.00625