4 0.0515625 0.0375 0.04375 0.06015625
0 0.0515625 0.0375 0.0828125 0.06015625
0 0.1140625 0.03671875 0.04296875 0.05703125
0 0.1671875 0.03671875 0.06328125 0.05703125
7 0.24140625 0.0359375 0.0625 0.021875
0 0.24609375 0.03671875 0.09375 0.05703125
7 0.728125 0.0359375 0.065625 0.021875
0 0.728125 0.03671875 0.08671875 0.05703125
7 0.809375 0.0359375 0.0546875 0.021875
0 0.809375 0.03671875 0.0765625 0.05703125
0 0.87578125 0.03671875 0.05546875 0.05703125
0 0.93671875 0.03671875 0.0671875 0.04140625
1 0.3703125 0.03671875 0.134375 0.04140625
4 0.4515625 0.03671875 0.01171875 0.03125
7 0.41328125 0.103125 0.4546875 0.02578125
6 0.6859375 0.103125 0.08984375 0.02578125
7 0.734375 0.103125 0.0078125 0.02578125
0 0.76640625 0.1046875 0.05546875 0.0375
4 0.5 0.4921875 1 0.984375
2 0.40078125 0.50859375 0.52265625 0.084375
2 0.7609375 0.50859375 0.19921875 0.084375
2 0.5 0.5921875 0.7515625 0.084375
0 0.5 0.71171875 0.234375 0.0796875
4 0.10625 0.9515625 0.0890625 0.01171875
4 0.19375 0.9515625 0.0890625 0.01171875
4 0.28125 0.9515625 0.0875 0.01171875
2 0.19375 0.9984375 0.109375 0.00234375
4 0.41328125 0.9515625 0.0875 0.01171875
4 0.50078125 0.9515625 0.0890625 0.01171875
4 0.58828125 0.9515625 0.0890625 0.01171875
2 0.49921875 0.9984375 0.06171875 0.00234375
4 0.7203125 0.9515625 0.0890625 0.01171875
4 0.8078125 0.9515625 0.0890625 0.01171875
4 0.8953125 0.9515625 0.0875 0.01171875
2 0.80625 0.9984375 0.1328125 0.00234375