7 0.4984375 0.0734375 0.92578125 0.0453125
6 0.61796875 0.08515625 0.0828125 0.021875
7 0.74609375 0.08515625 0.1734375 0.021875
0 0.43828125 0.14765625 0.1421875 0.05859375
0 0.58046875 0.14765625 0.1046875 0.0609375
7 0.08984375 0.05390625 0.053125 0.021875
0 0.09921875 0.05390625 0.128125 0.07421875
7 0.23359375 0.05390625 0.13203125 0.0375
0 0.23359375 0.053125 0.13203125 0.07265625
1 0.6640625 0.05703125 0.040625 0.03671875
0 0.74921875 0.05390625 0.1046875 0.05859375
0 0.8859375 0.05390625 0.1421875 0.05625
4 0.08671875 0.16875 0.103125 0.040625
0 0.08671875 0.16875 0.103125 0.040625
7 0.4953125 0.16875 0.11796875 0.0375
0 0.4953125 0.16875 0.11796875 0.084375
7 0.59140625 0.16875 0.075 0.0375
0 0.59140625 0.16875 0.075 0.084375
7 0.6921875 0.16875 0.12890625 0.0375
0 0.6921875 0.16875 0.12890625 0.084375
7 0.81328125 0.16875 0.1140625 0.0375
0 0.81328125 0.16875 0.1140625 0.084375
7 0.9171875 0.16875 0.0953125 0.0375
0 0.9171875 0.16875 0.0953125 0.084375
0 0.071875 0.00625 0.075 0.0125
4 0.34140625 0.5375 0.6125 0.571875
2 0.34140625 0.9109375 0.6125 0.178125
2 0.75390625 0.27109375 0.1546875 0.02890625
2 0.8140625 0.37265625 0.30078125 0.11484375
0 0.7203125 0.39375 0.1125 0.071875
0 0.8703125 0.39375 0.1890625 0.071875
2 0.8140625 0.51015625 0.30078125 0.11484375
0 0.69765625 0.53203125 0.0671875 0.071875
0 0.8484375 0.53203125 0.23515625 0.071875
2 0.8140625 0.6484375 0.30078125 0.11484375
0 0.70625 0.6703125 0.084375 0.071875
0 0.85625 0.6703125 0.21796875 0.071875
2 0.75390625 0.7484375 0.1546875 0.02890625
2 0.8140625 0.85 0.30078125 0.11484375
0 0.7203125 0.871875 0.1125 0.071875
0 0.8703125 0.871875 0.1890625 0.071875
2 0.8140625 0.965625 0.30078125 0.06875
0 0.69765625 0.98671875 0.0671875 0.02578125
0 0.8484375 0.98671875 0.23515625 0.02578125