4 0.03125 0.0421875 0.03125 0.04296875
0 0.071875 0.04140625 0.11328125 0.04453125
4 0.08984375 0.0421875 0.078125 0.04296875
7 0.9484375 0.0421875 0.04765625 0.021875
0 0.9484375 0.04296875 0.07890625 0.05234375
2 0.5 0.15546875 0.9 0.0609375
7 0.5 0.22265625 0.9 0.04453125
0 0.5 0.328125 0.1546875 0.06484375
4 0.5 0.6234375 1 0.35390625
4 0.19453125 0.4765625 0.11015625 0.1484375
4 0.94921875 0.61875 0.1015625 0.303125
4 0.88515625 0.903125 0.17109375 0.19375
4 0.11484375 0.79375 0.07109375 0.0953125
4 0.8546875 0.6421875 0.07109375 0.09609375
4 0.78515625 0.5046875 0.0703125 0.0921875
4 0.075 0.96171875 0.15 0.0765625
4 0.49921875 0.80234375 0.6015625 0.3953125
4 0.90625 0.93671875 0.01953125 0.02734375
0 0.90625 0.9375 0.0625 0.08359375