4 0.5 0.16328125 0.8828125 0.0921875
0 0.0890625 0.16328125 0.06875 0.0921875
2 0.26875 0.1625 0.271875 0.1
0 0.26875 0.20234375 0.271875 0.021875
7 0.5 0.2390625 0.8828125 0.02734375
2 0.31484375 0.428125 0.5125 0.03671875
7 0.14609375 0.4671875 0.175 0.02578125
7 0.3375 0.5796875 0.5578125 0.06796875
6 0.403125 0.6 0.159375 0.02578125
7 0.35859375 0.6421875 0.60078125 0.109375
6 0.32890625 0.68359375 0.14921875 0.02578125
7 0.44453125 0.68359375 0.0828125 0.02578125
7 0.3640625 0.8296875 0.6109375 0.20859375
7 0.3640625 0.971875 0.6109375 0.05625
1 0.8203125 0.4515625 0.209375 0.04453125
4 0.72734375 0.53203125 0.0234375 0.0328125
2 0.77421875 0.5296875 0.03984375 0.03125
7 0.91328125 0.5296875 0.0234375 0.03125
7 0.7265625 0.60234375 0.0234375 0.0328125
2 0.7765625 0.60078125 0.0453125 0.0328125
7 0.91328125 0.60078125 0.0234375 0.0328125
4 0.72734375 0.67109375 0.0234375 0.0328125
0 0.74921875 0.665625 0.0671875 0.0328125
2 0.76875 0.67109375 0.0296875 0.0328125
7 0.82109375 0.75625 0.13984375 0.0171875
0 0.8203125 0.75625 0.15234375 0.0296875
7 0.79609375 0.821875 0.1421875 0.021875
6 0.85546875 0.834375 0.12109375 0.046875
7 0.84375 0.846875 0.00390625 0.021875