0 0.140625 0.290625 0.0390625 0.053125
4 0.075 0.28671875 0.15 0.36484375
0 0.075 0.28671875 0.15 0.36484375
4 0.51171875 0.28671875 0.68359375 0.36484375
0 0.51171875 0.28671875 0.68359375 0.36484375
4 0.93671875 0.28671875 0.1265625 0.36484375
0 0.93671875 0.28671875 0.1265625 0.36484375
0 0.8828125 0.290625 0.0390625 0.053125
0 0.440625 0.49609375 0.0078125 0.01015625
0 0.4578125 0.49609375 0.0078125 0.01015625
0 0.47578125 0.49609375 0.0078125 0.01015625
0 0.49296875 0.49609375 0.0078125 0.01015625
0 0.5109375 0.49609375 0.0078125 0.01015625
0 0.528125 0.49609375 0.0078125 0.01015625
0 0.54609375 0.49609375 0.0078125 0.01015625
0 0.56328125 0.49609375 0.0078125 0.01015625
2 0.08671875 0.05 0.146875 0.0453125
0 0.08671875 0.05 0.146875 0.0453125
6 0.23359375 0.05390625 0.065625 0.01953125
6 0.32265625 0.05390625 0.065625 0.01953125
6 0.40546875 0.05390625 0.053125 0.01953125
6 0.49375 0.05390625 0.07890625 0.01953125
6 0.5984375 0.05390625 0.084375 0.01953125
4 0.8171875 0.05 0.02421875 0.0328125
0 0.8375 0.05234375 0.09296875 0.03671875
7 0.85703125 0.05234375 0.05390625 0.015625
4 0.9078125 0.0515625 0.0234375 0.0328125
0 0.93671875 0.05234375 0.1078125 0.03359375
7 0.9578125 0.05234375 0.065625 0.015625
2 0.3234375 0.57734375 0.6203125 0.0328125
4 0.09140625 0.6703125 0.0984375 0.13046875
0 0.09140625 0.7234375 0.15546875 0.2359375
2 0.09140625 0.7671875 0.1359375 0.03125
6 0.0578125 0.79453125 0.06875 0.015625
6 0.15546875 0.79453125 0.11875 0.015625
6 0.246875 0.79453125 0.0578125 0.015625
7 0.09140625 0.8234375 0.1359375 0.021875
4 0.246875 0.6703125 0.0984375 0.13046875
0 0.24609375 0.7234375 0.15625 0.2359375
2 0.24609375 0.7671875 0.13671875 0.03125
7 0.24609375 0.8 0.13671875 0.021875
4 0.40078125 0.6703125 0.0984375 0.13046875
0 0.4015625 0.7234375 0.15625 0.2359375
2 0.4015625 0.7671875 0.13671875 0.03125
6 0.3921875 0.79453125 0.11875 0.015625
7 0.4015625 0.8234375 0.13671875 0.021875
4 0.55625 0.6703125 0.0984375 0.13046875
0 0.55625 0.7234375 0.15546875 0.2359375
2 0.55625 0.7671875 0.1359375 0.03125
6 0.52265625 0.79453125 0.06953125 0.015625
7 0.55625 0.8234375 0.1359375 0.021875
2 0.3234375 0.9234375 0.6203125 0.0328125
4 0.1640625 0.97578125 0.30078125 0.0484375
0 0.1640625 0.97578125 0.30078125 0.0484375
4 0.48359375 0.97578125 0.30078125 0.0484375
0 0.48359375 0.97578125 0.30078125 0.0484375
2 0.84375 0.5765625 0.29296875 0.03125
6 0.8265625 0.6640625 0.25859375 0.05234375
6 0.8265625 0.7328125 0.25859375 0.05234375
6 0.8265625 0.80234375 0.25859375 0.05234375
6 0.8265625 0.87109375 0.25859375 0.05234375
6 0.8265625 0.93984375 0.25859375 0.05234375
6 0.8265625 0.99140625 0.25859375 0.0171875