0 0.03515625 0.03046875 0.0703125 0.05859375
0 0.1 0.03046875 0.05859375 0.05859375
0 0.1578125 0.03046875 0.05859375 0.05859375
0 0.2171875 0.03046875 0.05859375 0.05859375
0 0.275 0.03046875 0.05859375 0.05859375
0 0.334375 0.03046875 0.05859375 0.05859375
0 0.3921875 0.03046875 0.05859375 0.05859375
0 0.4515625 0.03046875 0.05859375 0.05859375
0 0.509375 0.03046875 0.05859375 0.05859375
7 0.56953125 0.03046875 0.02734375 0.01953125
0 0.578125 0.03046875 0.078125 0.05859375
4 0.596875 0.03203125 0.0078125 0.00625
4 0.95234375 0.0328125 0.03515625 0.046875
0 0.96484375 0.03125 0.0703125 0.06015625
7 0.9828125 0.03125 0.034375 0.06015625
4 0.48828125 0.14609375 0.9765625 0.1171875
0 0.48828125 0.14609375 0.9765625 0.1171875
4 0.9625 0.19453125 0.025 0.0171875
0 0.99765625 0.14609375 0.0046875 0.1171875
4 0.0765625 0.26953125 0.14375 0.04921875
0 0.2546875 0.26953125 0.06875 0.078125
0 0.3234375 0.26953125 0.06875 0.078125
0 0.39140625 0.26953125 0.06875 0.078125
0 0.46015625 0.26953125 0.06875 0.078125
0 0.528125 0.26953125 0.06875 0.078125
0 0.596875 0.26953125 0.06875 0.078125
0 0.66484375 0.26953125 0.06875 0.078125
0 0.73359375 0.26953125 0.06875 0.078125
7 0.809375 0.26953125 0.05390625 0.02578125
0 0.8171875 0.26953125 0.1 0.078125
4 0.84609375 0.2703125 0.0125 0.01171875
0 0.9265625 0.26953125 0.06640625 0.078125
4 0.09765625 0.421875 0.1953125 0.17421875
2 0.09765625 0.57578125 0.1953125 0.02890625
4 0.00625 0.63046875 0.00390625 0.00546875
6 0.15546875 0.6296875 0.28515625 0.01953125
4 0.00625 0.67421875 0.00390625 0.00546875
6 0.16328125 0.6734375 0.30078125 0.01953125
4 0.00625 0.71875 0.00390625 0.00546875
6 0.16171875 0.71796875 0.29765625 0.01953125
4 0.00625 0.76328125 0.00390625 0.00546875
6 0.1015625 0.7625 0.178125 0.01953125
4 0.00625 0.80703125 0.00390625 0.00546875
6 0.12890625 0.80625 0.2328125 0.01953125
4 0.00625 0.8515625 0.00390625 0.00546875
6 0.1359375 0.85078125 0.24609375 0.01953125
4 0.00625 0.89609375 0.00390625 0.00546875
6 0.1359375 0.8953125 0.24609375 0.01953125
4 0.00625 0.93984375 0.00390625 0.00546875
6 0.16328125 0.9390625 0.30078125 0.01953125
4 0.11875 0.60078125 0.2375 0.5328125
6 0.11875 0.6859375 0.2375 0.209375
0 0.11875 0.34296875 0.2375 0.0171875
4 0.55 0.6015625 0.62578125 0.53359375
6 0.55 0.68671875 0.62578125 0.209375
0 0.55 0.34375 0.62578125 0.01796875
4 0.93125 0.6015625 0.1375 0.53359375
6 0.93125 0.68671875 0.1375 0.209375
0 0.93125 0.34375 0.1375 0.01796875
4 0.2796875 0.6015625 0.059375 0.08046875
4 0.8140625 0.6015625 0.059375 0.08046875
4 0.475 0.8296875 0.01171875 0.015625
4 0.50390625 0.8296875 0.01171875 0.015625
4 0.5328125 0.8296875 0.01171875 0.015625
4 0.5625 0.8296875 0.01171875 0.015625
4 0.60546875 0.8296875 0.0390625 0.015625
7 0.25390625 0.928125 0.0390625 0.03515625
7 0.25390625 0.9625 0.0390625 0.03515625
2 0.53046875 0.9546875 0.475 0.08984375
6 0.30859375 0.965625 0.03125 0.021875
6 0.42890625 0.965625 0.15703125 0.021875
6 0.6296875 0.965625 0.19140625 0.021875
7 0.94921875 0.34609375 0.1015625 0.0234375
1 0.94921875 0.396875 0.1015625 0.0453125
1 0.94921875 0.4546875 0.1015625 0.0453125
0 0.93671875 0.5125 0.0765625 0.04296875
0 0.92578125 0.5609375 0.0546875 0.0234375
0 0.98203125 0.56015625 0.0359375 0.0234375
2 0.95078125 0.65 0.0984375 0.03125
4 0.98203125 0.74296875 0.0359375 0.0640625
6 0.99375 0.72734375 0.0125 0.04296875
6 0.99375 0.771875 0.0125 0.01953125
4 0.98203125 0.87265625 0.0359375 0.0640625
6 0.99375 0.8578125 0.0125 0.04296875
6 0.99375 0.9015625 0.0125 0.01953125
4 0.98203125 0.98515625 0.0359375 0.0296875
6 0.99375 0.9828125 0.0125 0.03359375
4 0.0484375 0.88046875 0.08203125 0.109375
0 0.05859375 0.8953125 0.1171875 0.209375