7 0.128125 0.0140625 0.19375 0.0140625
0 0.1375 0.0140625 0.2125 0.0171875
7 0.04296875 0.0484375 0.0234375 0.01796875
7 0.0859375 0.0484375 0.053125 0.01796875
7 0.13203125 0.0484375 0.028125 0.01796875
7 0.15546875 0.0484375 0.0078125 0.0171875
7 0.2359375 0.0484375 0.0375 0.01796875
7 0.2828125 0.0484375 0.04609375 0.01796875
7 0.32578125 0.0484375 0.028125 0.01796875
7 0.3484375 0.0484375 0.0078125 0.0171875
7 0.4328125 0.0484375 0.04375 0.01796875
7 0.490625 0.0484375 0.0609375 0.01796875
7 0.5453125 0.0484375 0.0375 0.01796875
7 0.571875 0.0484375 0.0078125 0.0171875
7 0.66328125 0.0484375 0.0453125 0.01796875
7 0.70625 0.0484375 0.03125 0.01796875
7 0.74296875 0.0484375 0.03046875 0.01796875
7 0.76640625 0.0484375 0.0078125 0.0171875
7 0.8640625 0.0484375 0.0234375 0.01796875
7 0.9 0.0484375 0.0390625 0.01796875
7 0.940625 0.0484375 0.03046875 0.01796875
7 0.96484375 0.0484375 0.0078125 0.0171875
0 0.465625 0.1203125 0.08984375 0.071875
0 0.55 0.1203125 0.0578125 0.071875
6 0.9203125 0.13046875 0.096875 0.06484375
6 0.9515625 0.13046875 0.03515625 0.06484375
4 0.88828125 0.13671875 0.1609375 0.03671875
0 0.88828125 0.13828125 0.1609375 0.0390625
7 0.384375 0.17421875 0.07890625 0.015625
0 0.38984375 0.17421875 0.090625 0.02890625
7 0.48828125 0.17421875 0.06875 0.01796875
6 0.5734375 0.18203125 0.065625 0.01796875
6 0.63984375 0.18203125 0.03046875 0.01796875
0 0.1296875 0.21171875 0.0546875 0.03515625
0 0.1859375 0.21171875 0.0546875 0.03515625
0 0.23515625 0.21171875 0.04296875 0.03515625
0 0.28828125 0.21171875 0.06171875 0.03515625
0 0.3578125 0.21171875 0.075 0.03515625
0 0.4328125 0.21171875 0.0734375 0.03515625
0 0.49375 0.21171875 0.04609375 0.03515625
0 0.55234375 0.21171875 0.06953125 0.03515625
0 0.6203125 0.21171875 0.0640625 0.03515625
0 0.69453125 0.21171875 0.0828125 0.03515625
0 0.78046875 0.21171875 0.08671875 0.03515625
0 0.88125 0.21171875 0.1109375 0.03515625
4 0.95 0.2125 0.0296875 0.04453125
0 0.95 0.2125 0.034375 0.0453125
7 0.09453125 0.278125 0.13671875 0.0296875
7 0.4421875 0.27734375 0.51875 0.01796875
6 0.7375 0.27734375 0.071875 0.01796875
4 0.9625 0.27578125 0.01875 0.0234375
3 0.5 0.4046875 0.7109375 0.1171875
4 0.34296875 0.7453125 0.60625 0.509375
0 0.34296875 0.7453125 0.60625 0.509375
3 0.81328125 0.65390625 0.29375 0.32578125
2 0.6765625 0.8671875 0.0203125 0.0234375
0 0.81328125 0.86875 0.29375 0.05234375
2 0.7625 0.86875 0.1546875 0.02109375
2 0.6765625 0.91953125 0.0203125 0.0234375
0 0.81328125 0.9203125 0.29375 0.05234375
2 0.81953125 0.9203125 0.26875 0.02109375
2 0.75625 0.98984375 0.18125 0.0203125
0 0.81328125 0.9734375 0.29375 0.053125