4 0.06171875 0.303125 0.1234375 0.5859375
6 0.00703125 0.6578125 0.0140625 0.021875
4 0.5375 0.303125 0.78125 0.5859375
6 0.2328125 0.625 0.1375 0.01796875
6 0.46796875 0.6578125 0.6078125 0.021875
4 0.97578125 0.303125 0.0484375 0.5859375
6 0.984375 0.625 0.03125 0.01796875
6 0.984375 0.6578125 0.03125 0.021875
4 0.946875 0.303125 0.0390625 0.0625
4 0.1265625 0.303125 0.0390625 0.0625
2 0.13125 0.7578125 0.184375 0.04140625
0 0.13203125 0.759375 0.1859375 0.0453125
0 0.32734375 0.7640625 0.06875 0.0328125
0 0.42578125 0.7640625 0.06875 0.0328125
0 0.5171875 0.7640625 0.0546875 0.0328125
0 0.6234375 0.7640625 0.0953125 0.0328125
0 0.74921875 0.7640625 0.0953125 0.0328125
0 0.8765625 0.75546875 0.1015625 0.04140625
0 0.96640625 0.7546875 0.0671875 0.040625
2 0.1265625 0.90625 0.17578125 0.03125
7 0.865625 0.91171875 0.26875 0.01796875
7 0.1171875 0.9765625 0.15625 0.046875
7 0.30078125 0.9765625 0.15625 0.046875
7 0.38359375 0.87734375 0.64765625 0.02109375
7 0.40625 0.9046875 0.69375 0.02109375
7 0.42109375 0.93203125 0.72265625 0.02109375
7 0.08125 0.959375 0.04296875 0.02109375
6 0.16875 0.959375 0.13203125 0.02109375
7 0.29765625 0.959375 0.13125 0.02109375
0 0.88125 0.91953125 0.11875 0.03359375