2 0.0875 0.0390625 0.13671875 0.078125
0 0.9078125 0.0390625 0.1453125 0.078125
2 0.5 0.1703125 0.60546875 0.02890625
7 0.5 0.21015625 0.60546875 0.02734375
3 0.3453125 0.30078125 0.296875 0.1015625
2 0.5 0.49765625 0.60546875 0.02578125
7 0.49453125 0.546875 0.59453125 0.04921875
6 0.49765625 0.571875 0.60078125 0.04921875
7 0.26953125 0.584375 0.03515625 0.025
6 0.33671875 0.584375 0.1 0.025
7 0.38828125 0.584375 0.003125 0.025
2 0.5 0.6734375 0.60546875 0.02578125
7 0.3578125 0.71015625 0.3203125 0.025
6 0.6109375 0.71015625 0.1875 0.025
7 0.496875 0.72265625 0.5984375 0.04921875
7 0.44921875 0.77734375 0.50390625 0.03671875