4 0.575 0.36328125 0.41328125 0.36875
4 0.26484375 0.6421875 0.13828125 0.3078125
2 0.35390625 0.04375 0.29453125 0.0375
2 0.57265625 0.60546875 0.3390625 0.08515625
4 0.7234375 0.97265625 0.09609375 0.05390625
7 0.43828125 0.7234375 0.15390625 0.10234375
7 0.4375 0.81875 0.10703125 0.06796875
7 0.4359375 0.9 0.12265625 0.0640625
7 0.6640625 0.7203125 0.125 0.059375
7 0.66171875 0.7984375 0.16484375 0.08203125
7 0.66171875 0.8734375 0.16171875 0.06171875
7 0.4984375 0.98046875 0.30546875 0.03828125
7 0.49140625 0.11796875 0.28359375 0.0390625
0 0.2640625 0.12109375 0.13515625 0.04140625
0 0.2640625 0.1625 0.1359375 0.03203125
0 0.26484375 0.2 0.13671875 0.03046875
0 0.26484375 0.23671875 0.1359375 0.03203125
0 0.265625 0.2765625 0.13359375 0.0375
0 0.2640625 0.315625 0.13671875 0.02734375
0 0.2640625 0.35 0.134375 0.03671875
0 0.265625 0.38828125 0.1359375 0.03125
0 0.2640625 0.42734375 0.13671875 0.0328125