4 0.025 0.01953125 0.0171875 0.0234375
7 0.17890625 0.0171875 0.26953125 0.021875
7 0.371875 0.0171875 0.11640625 0.021875
0 0.38046875 0.01796875 0.13359375 0.02109375
4 0.796875 0.01953125 0.0171875 0.0234375
0 0.8859375 0.01953125 0.209375 0.0234375
7 0.89765625 0.01796875 0.184375 0.0234375
0 0.29609375 0.07265625 0.571875 0.0546875
6 0.81171875 0.07265625 0.053125 0.0546875
4 0.846875 0.06015625 0.01640625 0.02109375
7 0.859375 0.07265625 0.00625 0.0546875
6 0.91015625 0.07265625 0.09765625 0.0546875
7 0.96171875 0.07265625 0.0078125 0.0546875
6 0.97734375 0.07265625 0.025 0.0546875
1 0.8015625 0.0953125 0.01640625 0.02109375
1 0.90390625 0.0953125 0.17109375 0.0375
7 0.0421875 0.16015625 0.0390625 0.0234375
0 0.04765625 0.1609375 0.05078125 0.03515625
7 0.12265625 0.16015625 0.0671875 0.0234375
0 0.128125 0.1609375 0.07890625 0.03515625
7 0.22421875 0.16015625 0.08125 0.0234375
0 0.2296875 0.1609375 0.0921875 0.03515625
7 0.33828125 0.16015625 0.09453125 0.0234375
0 0.34453125 0.1609375 0.10625 0.03515625
7 0.478125 0.16015625 0.13125 0.0234375
0 0.48359375 0.1609375 0.14140625 0.03515625
7 0.60546875 0.16015625 0.0703125 0.0234375
0 0.6109375 0.1609375 0.08203125 0.03515625
7 0.6859375 0.16015625 0.03515625 0.0234375
0 0.690625 0.1609375 0.04609375 0.03515625
2 0.346875 0.25234375 0.640625 0.02578125
7 0.2171875 0.2859375 0.3484375 0.025
0 0.434375 0.28671875 0.08671875 0.02578125
7 0.04375 0.35859375 0.0609375 0.03515625
7 0.04375 0.40078125 0.0609375 0.05234375
2 0.37109375 0.36171875 0.5609375 0.0546875
7 0.38515625 0.4328125 0.5890625 0.0796875
6 0.10625 0.48359375 0.03046875 0.0171875
7 0.125 0.4828125 0.009375 0.025
6 0.13984375 0.48359375 0.02265625 0.0171875
7 0.15546875 0.4828125 0.009375 0.025
6 0.17109375 0.48359375 0.0234375 0.0171875
7 0.18671875 0.4828125 0.009375 0.025
6 0.20625 0.48359375 0.03203125 0.0171875
7 0.05234375 0.5390625 0.07890625 0.02890625
2 0.3765625 0.540625 0.571875 0.03125
7 0.05234375 0.56875 0.07890625 0.02890625
2 0.3765625 0.5703125 0.571875 0.03125
7 0.05234375 0.59921875 0.07890625 0.02890625
2 0.3765625 0.6 0.571875 0.03125
7 0.05234375 0.62890625 0.07890625 0.02890625
2 0.3765625 0.63046875 0.571875 0.03125
0 0.6453125 0.65625 0.06953125 0.0234375
2 0.1140625 0.7203125 0.203125 0.021875
0 0.2359375 0.82265625 0.28125 0.0390625
7 0.23359375 0.9171875 0.39140625 0.10546875
2 0.23359375 0.990625 0.371875 0.01796875
4 0.67578125 0.86875 0.44375 0.26171875
0 0.67578125 0.86875 0.44375 0.26171875
4 0.6984375 0.86875 0.44375 0.26171875
0 0.6984375 0.86875 0.44375 0.26171875
4 0.7203125 0.86875 0.44375 0.26171875
0 0.7203125 0.86875 0.44375 0.26171875
4 0.74296875 0.86875 0.44375 0.26171875
0 0.74296875 0.86875 0.44375 0.26171875
4 0.765625 0.86875 0.44375 0.26171875
0 0.765625 0.86875 0.44375 0.26171875
4 0.7828125 0.86875 0.43359375 0.26171875
0 0.7828125 0.86875 0.43359375 0.26171875
4 0.79453125 0.86875 0.4109375 0.26171875
0 0.79453125 0.86875 0.4109375 0.26171875
4 0.80546875 0.86875 0.3890625 0.26171875
0 0.80546875 0.86875 0.3890625 0.26171875
2 0.534375 0.2390625 0.1296875 0.021875
4 0.58984375 0.3828125 0.240625 0.25546875
2 0.58671875 0.53359375 0.234375 0.0234375
7 0.5890625 0.584375 0.23828125 0.06640625
6 0.5734375 0.60546875 0.06328125 0.02109375
2 0.7953125 0.2390625 0.1625 0.021875
4 0.834375 0.3828125 0.240625 0.25546875
2 0.8265625 0.54609375 0.225 0.0484375
7 0.834375 0.60859375 0.24140625 0.06640625
6 0.834375 0.63984375 0.240625 0.040625
2 0.97890625 0.2390625 0.0421875 0.021875
4 0.97890625 0.3828125 0.0421875 0.25546875
2 0.97890625 0.54609375 0.0421875 0.0484375
7 0.97890625 0.61875 0.0421875 0.0875
0 0.715625 0.74375 0.03046875 0.040625
0 0.7921875 0.7421875 0.01875 0.03125
0 0.81328125 0.7421875 0.01875 0.03125
0 0.83359375 0.7421875 0.01875 0.03125
0 0.85390625 0.7421875 0.01875 0.03125
0 0.87421875 0.7421875 0.01875 0.03125
0 0.95078125 0.74375 0.03046875 0.040625
2 0.8328125 0.81875 0.265625 0.021875
4 0.94375 0.8234375 0.04375 0.021875
0 0.9390625 0.82265625 0.05390625 0.0234375
0 0.78828125 0.8453125 0.17578125 0.02109375
7 0.8328125 0.865625 0.265625 0.0171875
4 0.95546875 0.86640625 0.0203125 0.021875
0 0.95078125 0.865625 0.03046875 0.0234375
4 0.92578125 0.86640625 0.021875 0.021875
0 0.92109375 0.865625 0.03125 0.0234375
0 0.76484375 0.90078125 0.1296875 0.02109375
7 0.8328125 0.92109375 0.265625 0.0171875
4 0.95546875 0.92265625 0.0203125 0.021875
0 0.95078125 0.921875 0.03046875 0.0234375
4 0.92578125 0.92265625 0.021875 0.021875
0 0.92109375 0.921875 0.03125 0.0234375
0 0.76484375 0.95703125 0.1296875 0.02109375
7 0.8328125 0.97734375 0.265625 0.0171875
4 0.95546875 0.978125 0.0203125 0.021875
0 0.95078125 0.978125 0.03046875 0.0234375
4 0.92578125 0.978125 0.021875 0.021875
0 0.92109375 0.978125 0.03125 0.0234375