0 0.09921875 0.0390625 0.1453125 0.078125
7 0.0765625 0.090625 0.0703125 0.025
0 0.07734375 0.09140625 0.12109375 0.078125
7 0.18671875 0.090625 0.05 0.025
0 0.18828125 0.09140625 0.10078125 0.078125
0 0.2875 0.09140625 0.09765625 0.078125
7 0.42890625 0.090625 0.1375 0.025
0 0.43046875 0.09140625 0.18828125 0.078125
0 0.56953125 0.09140625 0.090625 0.078125
0 0.66328125 0.09140625 0.096875 0.078125
7 0.6828125 0.03828125 0.03125 0.025
0 0.68046875 0.0390625 0.078125 0.078125
7 0.75859375 0.03828125 0.02421875 0.025
0 0.75859375 0.0390625 0.078125 0.078125
7 0.8390625 0.03828125 0.03515625 0.025
0 0.83671875 0.0390625 0.078125 0.078125
4 0.9 0.03828125 0.01171875 0.0171875
0 0.91484375 0.0390625 0.078125 0.078125
7 0.925 0.03828125 0.02734375 0.025
2 0.125 0.265625 0.1890625 0.08828125
2 0.27578125 0.265625 0.1125 0.08828125
2 0.42265625 0.265625 0.18046875 0.08828125
6 0.0625 0.359375 0.040625 0.03125
7 0.19453125 0.359375 0.2234375 0.03125
6 0.0796875 0.40078125 0.075 0.03125
7 0.19921875 0.40078125 0.1640625 0.03125
7 0.3109375 0.44296875 0.5375 0.04140625
7 0.3109375 0.484375 0.5375 0.04140625
7 0.08515625 0.540625 0.11015625 0.0390625
7 0.16875 0.540625 0.05625 0.0390625
7 0.209375 0.540625 0.0125 0.0390625
7 0.2375 0.540625 0.04375 0.0390625
7 0.3046875 0.540625 0.08984375 0.0390625
0 0.1703125 0.6390625 0.28046875 0.0765625
7 0.15234375 0.7171875 0.24375 0.03125
7 0.365625 0.7171875 0.18125 0.03125