7 0.30390625 0.91171875 0.509375 0.07578125
6 0.30390625 0.95234375 0.509375 0.0484375
6 0.13515625 0.96640625 0.09296875 0.02109375
0 0.86796875 0.92578125 0.1125 0.02109375
0 0.70625 0.928125 0.096875 0.0234375
7 0.5 0.01796875 1 0.02890625
3 0.5 0.10546875 0.7109375 0.1171875
6 0.61640625 0.1890625 0.059375 0.021875
7 0.70703125 0.1890625 0.07421875 0.021875
0 0.7125 0.1890625 0.0859375 0.021875
6 0.83671875 0.1890625 0.1140625 0.021875
7 0.93515625 0.1890625 0.0359375 0.021875
0 0.940625 0.1890625 0.04765625 0.021875
7 0.44765625 0.1890625 0.04765625 0.021875
7 0.51171875 0.1890625 0.0796875 0.021875
0 0.5171875 0.1890625 0.0921875 0.021875
6 0.36015625 0.1890625 0.08125 0.021875
7 0.07734375 0.2609375 0.1078125 0.06640625
0 0.08203125 0.25546875 0.1171875 0.078125
7 0.93828125 0.25546875 0.046875 0.02578125
0 0.93125 0.25546875 0.090625 0.078125
0 0.175 0.25546875 0.06953125 0.078125
0 0.2515625 0.25546875 0.084375 0.078125
0 0.3390625 0.25546875 0.090625 0.078125
0 0.44140625 0.25546875 0.11328125 0.078125
0 0.546875 0.25546875 0.09765625 0.078125
0 0.6203125 0.25546875 0.05 0.078125
0 0.70703125 0.25546875 0.0625 0.078125
0 0.78203125 0.25546875 0.08671875 0.078125
0 0.85546875 0.25546875 0.0609375 0.078125
2 0.5 0.33828125 0.953125 0.03671875
4 0.26875 0.5953125 0.44453125 0.384375
0 0.26875 0.5859375 0.44453125 0.36484375
6 0.07109375 0.7984375 0.0484375 0.025
2 0.22890625 0.8359375 0.3640625 0.0390625
7 0.265625 0.9109375 0.4375 0.08203125
2 0.26875 0.99296875 0.425 0.0140625
0 0.26875 0.9859375 0.44453125 0.02734375
4 0.615625 0.49609375 0.2140625 0.18515625
6 0.5359375 0.61796875 0.05390625 0.025
2 0.609375 0.67109375 0.2015625 0.06875
7 0.5734375 0.7296875 0.07890625 0.025
7 0.56171875 0.771875 0.0796875 0.025
6 0.61953125 0.7859375 0.19609375 0.05078125
7 0.5703125 0.82890625 0.09765625 0.025
6 0.62109375 0.84296875 0.19921875 0.05078125
4 0.846875 0.49609375 0.2140625 0.18515625
6 0.75859375 0.61796875 0.0375 0.025
2 0.84453125 0.6890625 0.209375 0.10390625
7 0.79296875 0.7625 0.0796875 0.025
6 0.85234375 0.790625 0.19921875 0.0796875
6 0.52734375 0.93671875 0.0375 0.025
2 0.6140625 0.97734375 0.2125 0.0453125
6 0.76640625 0.93671875 0.0515625 0.025
2 0.846875 0.97734375 0.2125 0.0453125