4 0.6734375 0.153125 0.18671875 0.21484375
4 0.43203125 0.48203125 0.08359375 0.1359375
4 0.43125 0.64765625 0.08515625 0.134375
4 0.43125 0.81328125 0.08359375 0.1375
4 0.43203125 0.95390625 0.084375 0.0921875
2 0.325 0.15625 0.14375 0.04609375
7 0.37421875 0.21484375 0.2453125 0.05859375
0 0.58125 0.0171875 0.071875 0.03203125
0 0.65625 0.0203125 0.0734375 0.03515625
0 0.7140625 0.01875 0.03828125 0.03125
0 0.75234375 0.01875 0.03671875 0.03125
1 0.6859375 0.3265625 0.0703125 0.021875
0 0.746875 0.32578125 0.03515625 0.0171875
2 0.434375 0.38828125 0.09453125 0.025
2 0.2796875 0.38671875 0.04921875 0.0234375
7 0.29453125 0.475 0.07734375 0.09921875
6 0.3046875 0.54765625 0.0953125 0.01875
6 0.50390625 0.49453125 0.02890625 0.0203125
6 0.50390625 0.6609375 0.03203125 0.02265625
6 0.50390625 0.8078125 0.03125 0.01484375
2 0.52890625 0.42734375 0.08359375 0.0203125
2 0.621875 0.46328125 0.2671875 0.03515625
7 0.61484375 0.62890625 0.2546875 0.0390625
2 0.53125 0.59609375 0.08828125 0.02109375
2 0.60234375 0.76015625 0.228125 0.025
7 0.62109375 0.784375 0.265625 0.01953125
2 0.55546875 0.92578125 0.1359375 0.02265625
7 0.62421875 0.95546875 0.27578125 0.028125
6 0.50390625 0.98828125 0.03203125 0.0203125
0 0.2875 0.2890625 0.0609375 0.025
0 0.35625 0.2890625 0.06171875 0.028125
0 0.41484375 0.2890625 0.05234375 0.02890625
0 0.48046875 0.28984375 0.0609375 0.02734375