4 0.20078125 0.0703125 0.04765625 0.12421875
2 0.32890625 0.07265625 0.20546875 0.059375
4 0.5 0.23359375 0.6625 0.2
4 0.703125 0.909375 0.11640625 0.1640625
7 0.4125 0.71171875 0.39453125 0.5765625
2 0.69375 0.4703125 0.1046875 0.05390625
0 0.69609375 0.5375 0.10546875 0.03984375
7 0.70078125 0.7046875 0.12578125 0.24140625
0 0.25 0.35078125 0.04453125 0.0296875
0 0.30703125 0.34921875 0.0625 0.03515625
0 0.36953125 0.34921875 0.05859375 0.028125
0 0.4359375 0.3484375 0.0640625 0.0296875
0 0.4984375 0.35 0.0546875 0.0296875
0 0.5609375 0.35 0.06171875 0.0265625
0 0.6609375 0.35234375 0.13515625 0.03515625
0 0.7515625 0.34921875 0.04765625 0.03203125