4 0.4984375 0.12734375 0.69375 0.203125
2 0.26484375 0.1328125 0.1921875 0.040625
1 0.78671875 0.0875 0.09296875 0.0234375
1 0.78671875 0.115625 0.09453125 0.02421875
5 0.70703125 0.0890625 0.025 0.015625
5 0.71015625 0.11796875 0.0296875 0.0171875
0 0.81640625 0.1453125 0.0359375 0.0234375
6 0.8046875 0.17109375 0.0671875 0.0203125
2 0.43203125 0.2421875 0.259375 0.01796875
2 0.36875 0.459375 0.1296875 0.01875
2 0.77421875 0.2421875 0.0921875 0.015625
2 0.77578125 0.55859375 0.08984375 0.01796875
2 0.228125 0.81328125 0.03515625 0.01875
2 0.36328125 0.49140625 0.115625 0.01953125
2 0.5 0.6109375 0.078125 0.021875
2 0.33671875 0.66953125 0.06484375 0.02578125
2 0.54375 0.67265625 0.078125 0.01796875
2 0.32734375 0.840625 0.0484375 0.01953125
2 0.54453125 0.8421875 0.08046875 0.0203125
4 0.5 0.3484375 0.40234375 0.1890625
4 0.34296875 0.74296875 0.0703125 0.11640625
4 0.5453125 0.73984375 0.07265625 0.1109375
4 0.34296875 0.909375 0.06875 0.1078125
4 0.5453125 0.9109375 0.06796875 0.1109375
7 0.4875 0.53125 0.36953125 0.0328125
7 0.49453125 0.57578125 0.3796875 0.03515625
6 0.38046875 0.53828125 0.09765625 0.0234375
7 0.77109375 0.28125 0.11640625 0.04921875
7 0.771875 0.3375 0.11640625 0.04453125
7 0.77265625 0.39453125 0.11484375 0.05
7 0.77109375 0.446875 0.115625 0.04609375
7 0.7703125 0.5015625 0.115625 0.046875
7 0.76484375 0.596875 0.103125 0.05234375
7 0.76953125 0.64609375 0.1125 0.034375
7 0.728125 0.67421875 0.0265625 0.01875
7 0.7609375 0.70546875 0.0921875 0.0296875
7 0.76015625 0.74453125 0.0953125 0.03984375
7 0.20546875 0.9125 0.08828125 0.175
7 0.4375 0.74375 0.11484375 0.12109375
7 0.6328125 0.73828125 0.1 0.10078125
7 0.43515625 0.8984375 0.11171875 0.08828125
7 0.63125 0.8921875 0.0984375 0.0734375
6 0.409375 0.79296875 0.05859375 0.025
6 0.6109375 0.778125 0.05859375 0.0171875
6 0.40859375 0.93046875 0.05859375 0.01953125
6 0.6109375 0.9140625 0.0609375 0.01953125
0 0.571875 0.0140625 0.034375 0.025
0 0.615625 0.015625 0.0484375 0.02578125
0 0.65703125 0.01484375 0.034375 0.0234375
0 0.68828125 0.0140625 0.028125 0.02421875
0 0.73828125 0.0140625 0.071875 0.025
0 0.7921875 0.01328125 0.03359375 0.0234375
0 0.8234375 0.0125 0.028125 0.025
0 0.2265625 0.240625 0.1296875 0.021875
0 0.225 0.26796875 0.13125 0.01875
0 0.22578125 0.29453125 0.12890625 0.021875
0 0.225 0.3203125 0.13046875 0.021875
0 0.22578125 0.34765625 0.12734375 0.02265625
0 0.2265625 0.3734375 0.1265625 0.02421875
0 0.2265625 0.4 0.1265625 0.025
0 0.22578125 0.428125 0.125 0.025
0 0.2265625 0.4546875 0.12578125 0.0234375
0 0.22578125 0.48125 0.12578125 0.02265625
0 0.22578125 0.50703125 0.12734375 0.02578125
0 0.225 0.534375 0.1265625 0.0234375
0 0.225 0.559375 0.1265625 0.02421875
0 0.22421875 0.58828125 0.12578125 0.0203125
0 0.22421875 0.61484375 0.12734375 0.021875
0 0.22578125 0.64375 0.128125 0.0203125
0 0.2265625 0.66796875 0.128125 0.021875
0 0.225 0.69609375 0.128125 0.01953125
0 0.2265625 0.71953125 0.128125 0.02265625
0 0.22578125 0.746875 0.1265625 0.025
0 0.22578125 0.77578125 0.12578125 0.02578125