6 0.4359375 0.0203125 0.02734375 0.0171875
6 0.4828125 0.0203125 0.0453125 0.0171875
6 0.55859375 0.0203125 0.0859375 0.0171875
6 0.6671875 0.0203125 0.11015625 0.0171875
6 0.76484375 0.0203125 0.06328125 0.0171875
6 0.83046875 0.0203125 0.04609375 0.0171875
6 0.9171875 0.0203125 0.10625 0.0171875
4 0.91328125 0.065625 0.015625 0.01953125
1 0.94765625 0.06640625 0.1046875 0.04140625
2 0.1046875 0.0640625 0.15 0.0484375
0 0.1546875 0.11171875 0.06875 0.0390625
0 0.24453125 0.11171875 0.04609375 0.0390625
0 0.31875 0.11171875 0.03515625 0.0390625
0 0.39296875 0.11171875 0.04765625 0.0390625
0 0.47890625 0.11171875 0.0578125 0.0390625
0 0.571875 0.11171875 0.0625 0.0390625
0 0.6546875 0.11171875 0.03515625 0.0390625
0 0.74375 0.11171875 0.078125 0.0390625
0 0.8390625 0.11171875 0.0453125 0.0390625
0 0.9328125 0.11171875 0.0765625 0.0390625
0 0.98359375 0.25546875 0.0328125 0.09140625
4 0.5 0.35859375 1 0.4546875
2 0.2640625 0.4171875 0.4390625 0.103125
7 0.346875 0.50390625 0.0484375 0.046875
7 0.43125 0.50546875 0.0921875 0.02109375
0 0.434375 0.50390625 0.1265625 0.046875
4 0.48046875 0.5046875 0.00625 0.0140625
7 0.0421875 0.37109375 0.04609375 0.09375
7 0.9578125 0.37109375 0.04609375 0.09375
4 0.5 0.753125 1 0.2328125
4 0.5 0.96171875 1 0.0765625
7 0.9765625 0.9796875 0.015625 0.02734375
7 0.45703125 0.97890625 0.6546875 0.02109375
6 0.81875 0.97890625 0.0703125 0.02109375
7 0.303125 0.94375 0.54296875 0.07265625
6 0.3265625 0.96875 0.071875 0.0234375
4 0.9765625 0.94375 0.01171875 0.025