3 0.5 0.05859375 0.7109375 0.1171875
4 0.978125 0.02890625 0.01953125 0.02578125
4 0.32578125 0.15390625 0.1140625 0.0234375
7 0.3984375 0.15390625 0.021875 0.02890625
6 0.44453125 0.15390625 0.0703125 0.02890625
7 0.490625 0.15390625 0.021875 0.02890625
6 0.53828125 0.15390625 0.07421875 0.02890625
7 0.5859375 0.15390625 0.021875 0.02890625
6 0.6265625 0.15390625 0.059375 0.02890625
7 0.6671875 0.15390625 0.021875 0.02890625
6 0.7046875 0.15390625 0.05390625 0.02890625
3 0.5 0.33046875 0.9453125 0.32265625
2 0.17421875 0.77421875 0.29375 0.0171875
2 0.1390625 0.81015625 0.2234375 0.0546875
2 0.08671875 0.85 0.11875 0.025
2 0.5 0.6546875 0.2953125 0.25625
2 0.49921875 0.821875 0.29296875 0.0796875
2 0.41484375 0.87421875 0.12421875 0.025
2 0.82578125 0.6546875 0.29375 0.25625
2 0.8234375 0.834375 0.2890625 0.10390625
2 0.725 0.89921875 0.0921875 0.025
3 0.82578125 0.9734375 0.2921875 0.053125
2 0.3390625 0.9921875 0.6234375 0.015625
3 0.5 0.94140625 0.7109375 0.1171875
4 0.978125 0.91171875 0.01953125 0.02578125