2 0.11796875 0.04453125 0.1546875 0.06015625
0 0.11796875 0.046875 0.18359375 0.06484375
0 0.77421875 0.06015625 0.10546875 0.05234375
0 0.9 0.06015625 0.0875 0.05234375
7 0.178125 0.1609375 0.0578125 0.021875
6 0.84296875 0.1609375 0.01484375 0.021875
0 0.84296875 0.1609375 0.02421875 0.03515625
3 0.5 0.23671875 0.7109375 0.1171875
2 0.5 0.3890625 0.91796875 0.04296875
1 0.41015625 0.53046875 0.603125 0.05625
0 0.83984375 0.53046875 0.196875 0.05625
0 0.096875 0.61796875 0.07109375 0.0375
4 0.5 0.68125 1 0.2015625
7 0.178125 0.81171875 0.0578125 0.021875
6 0.84296875 0.81171875 0.01484375 0.021875
0 0.84296875 0.81171875 0.02421875 0.03515625
3 0.5 0.88828125 0.7109375 0.1171875