0 0.0609375 0.0296875 0.1125 0.03671875
7 0.15703125 0.0296875 0.0265625 0.02109375
0 0.1625 0.03046875 0.06171875 0.0609375
0 0.80859375 0.03046875 0.05859375 0.0375
0 0.8875 0.03046875 0.0703125 0.0609375
0 0.94453125 0.03046875 0.0375 0.0609375
4 0.1125 0.11171875 0.1953125 0.06484375
0 0.1125 0.11171875 0.1953125 0.06484375
1 0.7734375 0.1109375 0.3515625 0.053125
4 0.9640625 0.11015625 0.01875 0.05078125
0 0.05078125 0.19375 0.0921875 0.0609375
0 0.15703125 0.19375 0.1203125 0.0609375
0 0.2671875 0.19375 0.10078125 0.0609375
0 0.371875 0.19375 0.109375 0.0609375
0 0.48359375 0.19375 0.11328125 0.0609375
0 0.60078125 0.19375 0.12109375 0.0609375
0 0.69921875 0.19375 0.0765625 0.0609375
0 0.76953125 0.19375 0.0640625 0.0609375
7 0.8265625 0.19375 0.03046875 0.021875
0 0.8328125 0.19375 0.06171875 0.0609375
7 0.9515625 0.19375 0.0453125 0.021875
0 0.95703125 0.19375 0.0765625 0.0609375
2 0.5 0.4109375 1 0.0640625
1 0.471875 0.5203125 0.7453125 0.07421875
2 0.4609375 0.7890625 0.41796875 0.0234375
2 0.7109375 0.7890625 0.0859375 0.0234375
2 0.759375 0.7890625 0.0140625 0.0234375
2 0.45703125 0.828125 0.68359375 0.0234375
2 0.84375 0.828125 0.09375 0.0234375
2 0.89765625 0.828125 0.0140625 0.0234375
4 0.13515625 0.94609375 0.17109375 0.1078125
0 0.13515625 0.94609375 0.17109375 0.1078125
4 0.3171875 0.94609375 0.1703125 0.1078125
0 0.3171875 0.94609375 0.1703125 0.1078125
4 0.5 0.94609375 0.1703125 0.1078125
0 0.5 0.94609375 0.1703125 0.1078125
4 0.6828125 0.94609375 0.1703125 0.1078125
0 0.6828125 0.94609375 0.1703125 0.1078125
4 0.86484375 0.94609375 0.17109375 0.1078125
0 0.86484375 0.94609375 0.17109375 0.1078125