4 0.3515625 0.37734375 0.3515625 0.37734375
4 0.6765625 0.37890625 0.2921875 0.38046875
2 0.2765625 0.11171875 0.20234375 0.0515625
7 0.51171875 0.7421875 0.5984375 0.05546875
0 0.71875 0.81953125 0.20859375 0.0484375
7 0.1984375 0.96484375 0.04453125 0.01640625
7 0.20859375 0.98984375 0.0640625 0.0203125
7 0.36875 0.96484375 0.046875 0.01484375
7 0.525 0.96484375 0.028125 0.01953125
7 0.73125 0.96640625 0.10625 0.01796875
2 0.2359375 0.50234375 0.09609375 0.02734375
7 0.26875 0.53515625 0.159375 0.02109375
0 0.45078125 0.1359375 0.04296875 0.04609375
0 0.503125 0.13515625 0.04296875 0.04765625
0 0.56015625 0.1359375 0.059375 0.0546875
0 0.6171875 0.13671875 0.0453125 0.0515625
0 0.703125 0.13671875 0.12265625 0.0515625
0 0.79375 0.13671875 0.0625 0.05546875
0 0.7484375 0.0328125 0.02734375 0.04765625
0 0.778125 0.03359375 0.0265625 0.0453125
0 0.80703125 0.03359375 0.02890625 0.04921875