4 0.07734375 0.025 0.14140625 0.0328125
7 0.13203125 0.04921875 0.25 0.015625
0 0.5703125 0.03203125 0.04296875 0.0640625
4 0.61796875 0.03125 0.01875 0.0234375
0 0.61796875 0.03203125 0.0515625 0.0640625
7 0.76484375 0.0328125 0.1015625 0.01796875
0 0.7640625 0.03203125 0.121875 0.0640625
7 0.87421875 0.03359375 0.04765625 0.01796875
0 0.86640625 0.03203125 0.084375 0.0640625
7 0.95390625 0.03359375 0.0390625 0.01796875
0 0.95390625 0.03203125 0.0921875 0.0640625
7 0.06640625 0.1015625 0.03515625 0.02578125
7 0.18125 0.103125 0.040625 0.02578125
0 0.165625 0.103125 0.0875 0.07578125
7 0.3203125 0.103125 0.08203125 0.02578125
0 0.3046875 0.103125 0.12890625 0.07578125
7 0.475 0.103125 0.0734375 0.02578125
0 0.459375 0.103125 0.1203125 0.07578125
7 0.621875 0.103125 0.065625 0.02578125
0 0.60625 0.103125 0.1125 0.07578125
7 0.76875 0.103125 0.075 0.02578125
0 0.753125 0.103125 0.121875 0.07578125
7 0.17578125 0.178125 0.2421875 0.03125
7 0.51953125 0.2171875 0.9296875 0.02578125
6 0.08828125 0.2640625 0.0671875 0.02109375
2 0.14921875 0.37578125 0.28828125 0.03515625
7 0.5 0.41015625 0.990625 0.02578125
1 0.18515625 0.49375 0.35234375 0.06796875
7 0.65859375 0.49375 0.04765625 0.02109375
0 0.72578125 0.49375 0.27265625 0.06796875
7 0.69375 0.49375 0.01640625 0.02109375
7 0.73125 0.49375 0.059375 0.02109375
7 0.77265625 0.49375 0.01640625 0.02109375
7 0.80078125 0.49375 0.04296875 0.02109375
7 0.92890625 0.49375 0.06328125 0.02890625
0 0.92890625 0.49375 0.125 0.06796875
5 0.08125 0.56640625 0.153125 0.02578125
2 0.5 0.703125 0.990625 0.04140625
4 0.09765625 0.86171875 0.1859375 0.234375
4 0.2984375 0.86171875 0.1859375 0.234375
4 0.5 0.86171875 0.1859375 0.234375
4 0.7015625 0.86171875 0.1859375 0.234375
4 0.90234375 0.86171875 0.1859375 0.234375
7 0.7671875 0.1125 0.28046875 0.01953125
7 0.78046875 0.12265625 0.3078125 0.0390625
7 0.78828125 0.1734375 0.04296875 0.01953125
0 0.78828125 0.1734375 0.06328125 0.0375
7 0.78828125 0.228125 0.3609375 0.0453125