0 0.05 0.0328125 0.03671875 0.04921875
0 0.08671875 0.03359375 0.03515625 0.04140625
0 0.12421875 0.03203125 0.03828125 0.04140625
0 0.1625 0.03203125 0.034375 0.04140625
0 0.19921875 0.03125 0.0421875 0.04375
7 0.3734375 0.02734375 0.115625 0.0328125
7 0.6265625 0.03125 0.1140625 0.021875
0 0.78984375 0.03515625 0.0796875 0.0296875
4 0.4984375 0.125 0.13046875 0.0984375
4 0.3671875 0.5203125 0.14140625 0.40234375
4 0.5 0.58984375 0.53515625 0.49375
4 0.80546875 0.3140625 0.1453125 0.11328125
0 0.1328125 0.2203125 0.04921875 0.028125
0 0.203125 0.221875 0.07421875 0.03671875
0 0.27734375 0.2203125 0.07109375 0.03828125
0 0.3578125 0.22109375 0.090625 0.0390625
0 0.4296875 0.21953125 0.053125 0.0390625
0 0.47734375 0.21796875 0.03984375 0.03671875
0 0.53046875 0.21796875 0.06484375 0.0328125
0 0.58984375 0.21875 0.05234375 0.03125
0 0.64453125 0.21875 0.05859375 0.034375
0 0.721875 0.21953125 0.09609375 0.0328125
0 0.79609375 0.21796875 0.05234375 0.03359375
0 0.8546875 0.21875 0.06640625 0.03125
7 0.3703125 0.5046875 0.10546875 0.06640625
7 0.365625 0.56953125 0.05859375 0.04296875
7 0.5 0.80234375 0.34921875 0.05234375
0 0.7125 0.6796875 0.109375 0.03828125
0 0.9234375 0.87734375 0.053125 0.09140625
7 0.80625 0.3296875 0.07578125 0.04453125