4 0.421875 0.1640625 0.21484375 0.15078125
4 0.075 0.296875 0.1453125 0.04921875
0 0.1921875 0.30625 0.021875 0.03125
0 0.28125 0.30625 0.08984375 0.03125
0 0.38828125 0.30625 0.0578125 0.03125
0 0.471875 0.30625 0.04296875 0.03125
7 0.546875 0.3 0.040625 0.025
0 0.55078125 0.30625 0.0484375 0.03125
4 0.57109375 0.30078125 0.0078125 0.01328125
4 0.675 0.2984375 0.02265625 0.0296875
0 0.675 0.2984375 0.03828125 0.078125
4 0.728125 0.2984375 0.0203125 0.01796875
0 0.765625 0.2984375 0.125 0.05234375
7 0.778125 0.2984375 0.0671875 0.025
0 0.92265625 0.2984375 0.15234375 0.05234375
0 0.0375 0.36328125 0.0703125 0.05234375
0 0.13203125 0.36328125 0.0703125 0.05234375
0 0.2140625 0.36328125 0.05390625 0.05234375
0 0.303125 0.36328125 0.08203125 0.05234375
4 0.34375 0.66171875 0.68359375 0.47890625
0 0.34375 0.66171875 0.68359375 0.47890625
2 0.3421875 0.96171875 0.6328125 0.0765625
3 0.8515625 0.584375 0.29296875 0.32578125
0 0.77421875 0.80078125 0.1390625 0.0546875
0 0.93125 0.80078125 0.13359375 0.0546875
7 0.8515625 0.88125 0.29296875 0.053125