4 0.5 0.30078125 0.38125 0.3578125
2 0.5 0.0921875 0.27890625 0.02734375
4 0.5 0.4359375 1 0.63359375
7 0.48515625 0.51328125 0.359375 0.0625
6 0.490625 0.5296875 0.08046875 0.0328125
6 0.49140625 0.58828125 0.35859375 0.05234375
1 0.39765625 0.68828125 0.17890625 0.03828125
1 0.5890625 0.69140625 0.18046875 0.04375
1 0.3984375 0.8015625 0.18046875 0.03828125
1 0.590625 0.79921875 0.17734375 0.040625
3 0.41484375 0.87578125 0.20859375 0.08828125
0 0.36015625 0.9671875 0.103125 0.0453125
5 0.3609375 0.65078125 0.1109375 0.02890625
5 0.5796875 0.65234375 0.1625 0.02578125
5 0.3953125 0.7390625 0.17734375 0.03671875
2 0.1640625 0.06640625 0.17265625 0.11171875
4 0.2484375 0.06015625 0.13125 0.1203125
4 0.171875 0.88671875 0.140625 0.2265625
0 0.60234375 0.02890625 0.09765625 0.05390625
0 0.715625 0.02890625 0.1234375 0.0578125
0 0.846875 0.028125 0.128125 0.05625
0 0.79140625 0.09140625 0.078125 0.05625
4 0.02734375 0.6640625 0.0421875 0.0765625
7 0.06875 0.64921875 0.040625 0.025