0 0.1890625 0.025 0.08359375 0.0296875
4 0.50078125 0.5109375 0.7109375 0.76640625
4 0.2640625 0.1625 0.23828125 0.2125
4 0.3015625 0.4109375 0.11328125 0.20390625
4 0.271875 0.5515625 0.05234375 0.06875
4 0.33125 0.5515625 0.05234375 0.06875
4 0.4015625 0.3515625 0.0640625 0.08671875
4 0.47421875 0.3515625 0.0640625 0.0859375
4 0.43828125 0.49375 0.1359375 0.18203125
4 0.66015625 0.503125 0.2296875 0.14453125
7 0.29921875 0.90078125 0.29375 0.015625
2 0.28515625 0.72734375 0.11640625 0.0453125
1 0.30234375 0.75859375 0.06328125 0.01640625
5 0.24921875 0.759375 0.03515625 0.0109375
0 0.28515625 0.778125 0.04375 0.01875
2 0.678125 0.21171875 0.2 0.03515625
7 0.6203125 0.31015625 0.1453125 0.025
7 0.615625 0.3484375 0.1421875 0.02265625
7 0.59140625 0.0671875 0.51640625 0.021875
0 0.1890625 0.02578125 0.08359375 0.028125
0 0.278125 0.02578125 0.084375 0.02890625
0 0.3671875 0.025 0.084375 0.03046875
0 0.45625 0.0265625 0.08671875 0.0328125
0 0.54453125 0.02421875 0.0875 0.0296875
0 0.63359375 0.0234375 0.0859375 0.0296875
0 0.72265625 0.025 0.0875 0.0265625
0 0.8109375 0.02421875 0.08671875 0.0265625