4 0.07265625 0.04453125 0.04765625 0.03671875
0 0.07265625 0.04296875 0.04765625 0.0859375
4 0.64296875 0.04375 0.01640625 0.021875
0 0.69375 0.0421875 0.1171875 0.01953125
7 0.69453125 0.04296875 0.0734375 0.02109375
0 0.81796875 0.04375 0.0578125 0.0875
0 0.91015625 0.04375 0.08203125 0.04296875
2 0.5 0.24609375 0.3515625 0.0390625
7 0.5 0.30703125 0.3515625 0.03671875
1 0.5 0.3515625 0.3515625 0.05234375
0 0.5 0.43359375 0.3515625 0.046875
0 0.5 0.50234375 0.0953125 0.02578125
7 0.5 0.5609375 0.040625 0.02578125
4 0.35078125 0.6328125 0.0171875 0.0234375
0 0.5 0.6328125 0.3515625 0.05234375
7 0.5046875 0.6328125 0.11796875 0.02578125
6 0.05 0.9671875 0.0546875 0.015625
6 0.1234375 0.9671875 0.06953125 0.015625
6 0.18671875 0.9671875 0.03125 0.015625
6 0.22265625 0.9671875 0.0234375 0.015625