4 0.27109375 0.171875 0.14609375 0.1765625
4 0.60078125 0.165625 0.35703125 0.1796875
2 0.378125 0.4453125 0.409375 0.0828125
2 0.3578125 0.828125 0.37578125 0.1
2 0.68515625 0.52109375 0.10390625 0.03203125
0 0.190625 0.328125 0.06171875 0.0484375
0 0.2515625 0.33125 0.0578125 0.04765625
0 0.3171875 0.3296875 0.071875 0.04453125
0 0.3875 0.3296875 0.06875 0.04375
0 0.48203125 0.32890625 0.11953125 0.046875
0 0.57109375 0.3296875 0.0578125 0.0484375
0 0.6328125 0.32890625 0.06015625 0.046875
1 0.73359375 0.41640625 0.184375 0.046875
5 0.6609375 0.415625 0.03515625 0.02734375
7 0.38359375 0.571875 0.43671875 0.10625
0 0.578125 0.67734375 0.04609375 0.0296875
7 0.3734375 0.94765625 0.403125 0.1046875
7 0.73671875 0.7734375 0.1890625 0.453125