7 0.31015625 0.0359375 0.31953125 0.02734375
2 0.3046875 0.11015625 0.196875 0.046875
4 0.28359375 0.096875 0.25703125 0.08203125
4 0.5 0.33515625 0.684375 0.2921875
2 0.58125 0.3359375 0.38046875 0.07578125
7 0.3109375 0.3359375 0.15 0.071875
0 0.759375 0.61640625 0.1671875 0.0625
0 0.75859375 0.6984375 0.17265625 0.059375
0 0.75859375 0.79765625 0.1375 0.03203125
0 0.2671875 0.54140625 0.121875 0.06015625
0 0.175 0.540625 0.04140625 0.06953125
0 0.38046875 0.53984375 0.096875 0.0609375
0 0.47890625 0.53984375 0.090625 0.06484375
0 0.5765625 0.53828125 0.08984375 0.06484375
0 0.6703125 0.540625 0.0859375 0.065625
0 0.77890625 0.53984375 0.115625 0.06875
2 0.4453125 0.615625 0.07109375 0.04296875
6 0.4546875 0.71953125 0.19609375 0.028125
6 0.43125 0.803125 0.1546875 0.028125
0 0.62734375 0.85234375 0.0625 0.03125
0 0.24140625 0.6203125 0.175 0.0671875
2 0.26640625 0.69296875 0.10625 0.034375
7 0.23984375 0.85390625 0.13046875 0.20078125
7 0.75625 0.74609375 0.0984375 0.02578125
7 0.7609375 0.86875 0.11640625 0.053125
7 0.7609375 0.9671875 0.12421875 0.06328125
7 0.49921875 0.9484375 0.3140625 0.09296875