2 0.128125 0.1953125 0.12890625 0.04453125
7 0.2421875 0.23671875 0.3578125 0.01796875
2 0.4765625 0.4234375 0.5640625 0.0640625
0 0.5640625 0.546875 0.390625 0.0625
7 0.58046875 0.65625 0.42265625 0.0625
0 0.40546875 0.7109375 0.0734375 0.02578125
7 0.46015625 0.7109375 0.03828125 0.02578125
0 0.5234375 0.7109375 0.08984375 0.02578125
7 0.58515625 0.765625 0.43125 0.13515625
0 0.53046875 0.85703125 0.3234375 0.02578125
7 0.58125 0.921875 0.425 0.15625
4 0.21875 0.5453125 0.0484375 0.0640625
6 0.21328125 0.59921875 0.03828125 0.02109375
6 0.25078125 0.63515625 0.1125 0.02109375
6 0.21484375 0.671875 0.040625 0.02109375
7 0.2359375 0.671875 0.00390625 0.02109375
6 0.23828125 0.69921875 0.0875 0.02109375