4 0.50078125 0.50078125 0.9984375 0.99765625
2 0.16484375 0.775 0.30234375 0.075
7 0.1640625 0.85859375 0.30859375 0.06484375
4 0.02890625 0.0484375 0.03203125 0.06875
7 0.04375 0.9265625 0.06796875 0.02734375
1 0.21953125 0.953125 0.16328125 0.05234375
1 0.3515625 0.9515625 0.07421875 0.05
1 0.44296875 0.95390625 0.07265625 0.05078125
1 0.53046875 0.95546875 0.07109375 0.05078125
1 0.6203125 0.95390625 0.07421875 0.0515625
0 0.73984375 0.953125 0.1328125 0.0609375
5 0.15 0.915625 0.02890625 0.01875
5 0.3296875 0.91875 0.034375 0.01875
5 0.4140625 0.9171875 0.0234375 0.01796875
5 0.50546875 0.91796875 0.02734375 0.0140625
5 0.60078125 0.91953125 0.03828125 0.0203125