2 0.32265625 0.209375 0.23046875 0.06875
4 0.3125 0.08359375 0.29375 0.16171875
4 0.24609375 0.62734375 0.16171875 0.7265625
4 0.58125 0.48046875 0.4875 0.42734375
4 0.38828125 0.82109375 0.07890625 0.12734375
4 0.47890625 0.8203125 0.0796875 0.13046875
4 0.571875 0.81875 0.0765625 0.1265625
4 0.66640625 0.821875 0.0828125 0.128125
4 0.7578125 0.8203125 0.0796875 0.134375
4 0.64453125 0.13515625 0.3609375 0.26953125
2 0.43828125 0.33828125 0.1765625 0.03671875
7 0.5578125 0.465625 0.41796875 0.21640625
7 0.49375 0.6390625 0.29296875 0.025
7 0.37734375 0.73515625 0.0578125 0.025
0 0.2671875 0.29375 0.06328125 0.03984375
0 0.26796875 0.340625 0.06796875 0.0390625
0 0.275 0.38828125 0.0796875 0.03671875
0 0.275 0.43515625 0.0828125 0.03828125
0 0.2734375 0.48359375 0.075 0.0359375
0 0.275 0.52734375 0.075 0.03828125
0 0.275 0.57578125 0.07421875 0.0375
0 0.27421875 0.62109375 0.071875 0.03515625
7 0.50234375 0.98125 0.30859375 0.02265625