2 0.25859375 0.10546875 0.14296875 0.04375
2 0.31171875 0.21953125 0.25234375 0.03359375
2 0.22421875 0.54296875 0.0765625 0.03359375
2 0.6125 0.80234375 0.084375 0.02890625
4 0.6921875 0.47265625 0.253125 0.6015625
4 0.2421875 0.34375 0.10703125 0.1734375
7 0.25703125 0.14375 0.14375 0.0234375
7 0.43046875 0.29765625 0.2453125 0.0765625
6 0.39921875 0.31796875 0.0609375 0.02734375
6 0.4640625 0.31875 0.0328125 0.02421875
7 0.26171875 0.46640625 0.146875 0.03359375
7 0.3609375 0.61171875 0.34921875 0.05390625
7 0.36640625 0.68046875 0.36171875 0.05078125
7 0.36640625 0.74453125 0.35859375 0.03046875
7 0.3671875 0.80234375 0.3578125 0.0484375
7 0.37265625 0.89609375 0.36953125 0.09765625
7 0.3703125 0.98203125 0.36796875 0.0359375
7 0.68984375 0.84296875 0.23671875 0.04453125
7 0.69140625 0.90234375 0.24140625 0.0515625
7 0.69140625 0.96953125 0.2421875 0.0609375
6 0.240625 0.6015625 0.1 0.025
6 0.41796875 0.6703125 0.22578125 0.02734375
6 0.4859375 0.74296875 0.11640625 0.01953125
0 0.7859375 0.03984375 0.0765625 0.0265625
0 0.20390625 0.04140625 0.03984375 0.0296875
0 0.2390625 0.0421875 0.028125 0.02890625
0 0.29609375 0.04140625 0.07421875 0.03046875
0 0.365625 0.04140625 0.0625 0.03046875
0 0.4203125 0.040625 0.0421875 0.02890625
0 0.471875 0.0421875 0.05703125 0.02890625
0 0.5296875 0.04140625 0.0578125 0.03203125
0 0.5953125 0.04140625 0.06796875 0.03203125