4 0.5 0.5 1 1
0 0.17734375 0.021875 0.02265625 0.0328125
0 0.20078125 0.0203125 0.0234375 0.03046875
0 0.25703125 0.0234375 0.0390625 0.046875
0 0.346875 0.02421875 0.109375 0.0484375
0 0.44375 0.025 0.05 0.05
0 0.525 0.0265625 0.078125 0.046875
0 0.61015625 0.0265625 0.0640625 0.04375
2 0.51484375 0.09140625 0.121875 0.05234375
7 0.50390625 0.66640625 0.17109375 0.0625
0 0.2078125 0.8125 0.13671875 0.04921875
0 0.3640625 0.8125 0.13359375 0.0453125
0 0.5203125 0.8078125 0.1390625 0.04609375
1 0.6453125 0.809375 0.0671875 0.04375
0 0.77734375 0.80078125 0.1421875 0.046875
7 0.49921875 0.87421875 0.18125 0.0359375
5 0.2078125 0.778125 0.03359375 0.025
5 0.3671875 0.7796875 0.04140625 0.025
5 0.521875 0.778125 0.04375 0.01875
5 0.64296875 0.775 0.05859375 0.021875