4 0.5 0.5 1 1
6 0.49921875 0.25390625 0.32734375 0.03359375
4 0.5 0.5171875 0.78125 0.50234375
3 0.98984375 0.5921875 0.0203125 0.02734375
3 0.80546875 0.75078125 0.38671875 0.290625
6 0.8765625 0.059375 0.0390625 0.021875
7 0.95 0.06015625 0.0703125 0.0390625
0 0.95 0.05703125 0.0703125 0.02109375
4 0.0296875 0.0578125 0.0140625 0.0171875
0 0.0296875 0.05859375 0.0296875 0.06015625
0 0.08203125 0.0578125 0.078125 0.05859375
0 0.1734375 0.0578125 0.1078125 0.05859375
0 0.278125 0.0578125 0.10234375 0.05859375
0 0.378125 0.0578125 0.1 0.05859375
0 0.478125 0.0578125 0.103125 0.05859375
4 0.1015625 0.16484375 0.15 0.12109375
7 0.74296875 0.16484375 0.48515625 0.15234375
7 0.628125 0.16484375 0.7140625 0.12109375
1 0.94609375 0.28984375 0.07890625 0.071875
4 0.97734375 0.28828125 0.0125 0.0171875
0 0.97734375 0.28984375 0.01640625 0.071875
7 0.05546875 0.2953125 0.08203125 0.0609375
0 0.0609375 0.2953125 0.0921875 0.05625
7 0.13984375 0.2921875 0.06953125 0.06640625
0 0.1453125 0.2953125 0.07890625 0.05625
7 0.23828125 0.2921875 0.109375 0.06640625
0 0.24296875 0.2953125 0.11796875 0.05625
7 0.32890625 0.2921875 0.05546875 0.06640625
0 0.334375 0.2953125 0.06640625 0.05625
7 0.409375 0.2921875 0.08671875 0.06640625
0 0.4140625 0.2953125 0.0953125 0.05625
7 0.49921875 0.27578125 0.075 0.02109375
0 0.5046875 0.2953125 0.08515625 0.05625
0 0.596875 0.2953125 0.10234375 0.05625
4 0.25703125 0.4671875 0.48515625 0.26796875
0 0.25703125 0.4671875 0.48515625 0.26796875
7 0.24921875 0.57578125 0.46171875 0.04140625
4 0.62109375 0.4 0.24375 0.134375
0 0.62109375 0.4 0.24375 0.134375
7 0.615625 0.425 0.22578125 0.07421875
4 0.8640625 0.4 0.24296875 0.134375
0 0.8640625 0.4 0.24296875 0.134375
7 0.85390625 0.425 0.215625 0.07421875
4 0.62109375 0.53359375 0.24375 0.13515625
0 0.62109375 0.53359375 0.24375 0.13515625
6 0.615625 0.559375 0.22578125 0.07421875
4 0.8640625 0.53359375 0.24296875 0.13515625
0 0.8640625 0.53359375 0.24296875 0.13515625
6 0.85390625 0.559375 0.215625 0.07421875
4 0.9921875 0.4671875 0.015625 0.26796875
0 0.9921875 0.4671875 0.015625 0.26796875
2 0.146875 0.68125 0.253125 0.0234375
4 0.1609375 0.7671875 0.29296875 0.134375
7 0.07109375 0.84296875 0.08203125 0.01953125
7 0.11484375 0.84296875 0.00703125 0.01953125
6 0.1390625 0.84296875 0.04296875 0.01953125
7 0.1640625 0.84296875 0.009375 0.01953125
6 0.20234375 0.84296875 0.06953125 0.01953125
6 0.14765625 0.8703125 0.234375 0.01953125
6 0.109375 0.89765625 0.1578125 0.01953125
6 0.0828125 0.925 0.1046875 0.01953125
6 0.13125 0.95234375 0.2015625 0.01953125
6 0.09453125 0.9796875 0.12890625 0.01953125
6 0.15625 0.9984375 0.2515625 0.00234375
2 0.35625 0.68125 0.1 0.02578125
2 0.54296875 0.684375 0.03515625 0.021875
4 0.5421875 0.7484375 0.0640625 0.0859375
0 0.4375 0.7484375 0.2734375 0.0859375
7 0.4 0.74140625 0.190625 0.071875
4 0.5421875 0.83828125 0.0640625 0.0859375
0 0.4375 0.83828125 0.2734375 0.0859375
7 0.3796875 0.81953125 0.14921875 0.0484375
4 0.5421875 0.928125 0.0640625 0.0859375
0 0.4375 0.928125 0.2734375 0.0859375
7 0.4 0.92109375 0.19140625 0.071875
4 0.5421875 0.9875 0.0640625 0.025
0 0.4375 0.9875 0.2734375 0.025
7 0.3890625 0.9875 0.16796875 0.025
2 0.6390625 0.68125 0.09765625 0.0234375
4 0.6421875 0.7328125 0.1171875 0.06484375
2 0.64140625 0.7921875 0.115625 0.05859375
4 0.6421875 0.88046875 0.1171875 0.06484375
2 0.6328125 0.9484375 0.09765625 0.0765625
2 0.7953125 0.68125 0.1546875 0.02578125
2 0.9734375 0.6828125 0.034375 0.021875
4 0.93046875 0.81875 0.03984375 0.13125
4 0.85546875 0.78125 0.2890625 0.1625
0 0.85546875 0.803125 0.2890625 0.20625
7 0.85703125 0.88359375 0.2859375 0.0421875
0 0.74140625 0.925 0.01171875 0.0171875
0 0.765625 0.925 0.01171875 0.0171875
0 0.78984375 0.925 0.01171875 0.0171875
0 0.8140625 0.925 0.01171875 0.0171875
0 0.8390625 0.925 0.0125 0.0171875
0 0.8640625 0.925 0.01171875 0.0171875
0 0.8890625 0.925 0.01171875 0.0171875
0 0.91328125 0.925 0.01171875 0.0171875
0 0.9375 0.925 0.01171875 0.0171875
0 0.96171875 0.925 0.01171875 0.0171875
7 0.85546875 0.978125 0.2890625 0.040625