4 0.56796875 0.09296875 0.2796875 0.1109375
4 0.42734375 0.5578125 0.11484375 0.39140625
4 0.54375 0.5578125 0.10703125 0.38984375
4 0.76171875 0.275 0.10703125 0.0421875
4 0.75859375 0.3734375 0.09453125 0.08671875
4 0.7625 0.47578125 0.10546875 0.04609375
4 0.7625 0.5984375 0.06875 0.11484375
4 0.7625 0.721875 0.1015625 0.06328125
4 0.7625 0.8203125 0.10390625 0.05703125
4 0.7625 0.89453125 0.10390625 0.03984375
4 0.75859375 0.978125 0.0734375 0.04375
4 0.28828125 0.090625 0.246875 0.115625
4 0.77109375 0.09375 0.05546875 0.10546875
2 0.39765625 0.253125 0.2234375 0.03984375
2 0.371875 0.92890625 0.16640625 0.034375
7 0.46015625 0.3234375 0.3421875 0.0375
7 0.44921875 0.81484375 0.325 0.046875
7 0.32890625 0.85703125 0.0890625 0.02734375
7 0.47890625 0.98828125 0.38203125 0.02265625
6 0.3984375 0.821875 0.22109375 0.02578125
6 0.34921875 0.8578125 0.0453125 0.02578125
5 0.3453125 0.28515625 0.12109375 0.01640625
5 0.3453125 0.96015625 0.12265625 0.0171875
0 0.203125 0.22734375 0.04609375 0.028125
0 0.21640625 0.25859375 0.07421875 0.02890625
0 0.21640625 0.2890625 0.07421875 0.02109375
0 0.2171875 0.315625 0.0734375 0.021875
0 0.21875 0.34375 0.07734375 0.0203125
0 0.2203125 0.371875 0.0765625 0.0265625
0 0.2234375 0.4046875 0.08203125 0.02109375
0 0.2140625 0.43046875 0.065625 0.0203125
0 0.21875 0.490625 0.07421875 0.02734375
7 0.1953125 0.46015625 0.03203125 0.02734375
0 0.50390625 0.16484375 0.0640625 0.03984375
0 0.59140625 0.16640625 0.1125 0.0265625
0 0.67890625 0.1671875 0.05703125 0.03515625
7 0.21015625 0.165625 0.078125 0.028125
1 0.78125 0.1671875 0.10078125 0.02421875
5 0.75 0.16875 0.034375 0.02109375