4 0.56171875 0.66171875 0.5953125 0.6765625
4 0.496875 0.46171875 0.99375 0.921875
3 0.50078125 0.0390625 0.9984375 0.078125
0 0.97265625 0.04140625 0.03984375 0.0296875
0 0.1203125 0.09140625 0.103125 0.01796875
0 0.11875 0.14140625 0.103125 0.05390625
0 0.11875 0.19140625 0.10390625 0.03359375
0 0.11875 0.23359375 0.1046875 0.0359375
0 0.1171875 0.2703125 0.10390625 0.0265625
0 0.11953125 0.3078125 0.1078125 0.04375
0 0.11953125 0.3515625 0.10859375 0.0296875
0 0.12109375 0.38671875 0.10859375 0.034375
2 0.56484375 0.23046875 0.51875 0.15