2 0.5328125 0.05234375 0.9078125 0.0234375
7 0.5328125 0.071875 0.9078125 0.015625
7 0.52265625 0.115625 0.88671875 0.0390625
6 0.28125 0.1265625 0.1015625 0.01796875
7 0.3328125 0.1265625 0.00390625 0.01796875
4 0.5 0.29765625 1 0.228125
0 0.16015625 0.29765625 0.234375 0.10546875
7 0.90546875 0.29765625 0.10234375 0.053125
0 0.89765625 0.29765625 0.11796875 0.053125
0 0.5859375 0.29765625 0.08984375 0.053125
0 0.69140625 0.29765625 0.0859375 0.053125
0 0.78828125 0.29765625 0.0734375 0.053125
2 0.25 0.8609375 0.4140625 0.18125
0 0.10234375 0.9890625 0.11875 0.021875