4 0.0515625 0.04453125 0.071875 0.03125
0 0.0515625 0.04140625 0.071875 0.07265625
7 0.09296875 0.12578125 0.15546875 0.03515625
7 0.28203125 0.12109375 0.096875 0.02578125
0 0.28203125 0.12109375 0.11640625 0.05234375
6 0.24296875 0.12578125 0.0390625 0.05859375
6 0.34296875 0.12578125 0.08984375 0.05859375
6 0.4625 0.12578125 0.07890625 0.05859375
6 0.559375 0.12578125 0.04375 0.05859375
6 0.646875 0.12578125 0.0609375 0.05859375
6 0.74609375 0.12578125 0.06875 0.05859375
4 0.5 0.47421875 1 0.94765625
2 0.30078125 0.4625 0.5390625 0.25546875
7 0.1140625 0.65703125 0.11796875 0.02734375
0 0.1140625 0.65546875 0.16484375 0.0609375