2 0.075 0.05078125 0.1234375 0.1015625
0 0.20703125 0.05078125 0.0859375 0.1015625
0 0.28984375 0.05078125 0.08203125 0.1015625
0 0.3796875 0.05078125 0.1 0.1015625
0 0.45546875 0.05078125 0.05390625 0.1015625
0 0.5140625 0.05078125 0.0640625 0.1015625
0 0.75625 0.05078125 0.121875 0.046875
0 0.8640625 0.05078125 0.0671875 0.1015625
6 0.91953125 0.04765625 0.028125 0.0375
0 0.91953125 0.0796875 0.028125 0.103125
7 0.9640625 0.04765625 0.028125 0.0375
7 0.5 0.3 1 0.6
4 0.5 0.3 1 0.6
7 0.31015625 0.3234375 0.3015625 0.18359375
0 0.31015625 0.440625 0.14375 0.053125
7 0.06640625 0.65078125 0.078125 0.02890625
4 0.26328125 0.840625 0.4734375 0.31875
0 0.26328125 0.840625 0.4734375 0.31875
4 0.62421875 0.840625 0.2234375 0.31875
0 0.62421875 0.840625 0.2234375 0.31875
4 0.86015625 0.840625 0.2234375 0.31875
0 0.86015625 0.840625 0.2234375 0.31875
7 0.37578125 0.971875 0.7140625 0.0171875
6 0.76640625 0.971875 0.0671875 0.0171875
7 0.81171875 0.971875 0.025 0.0171875
6 0.85703125 0.971875 0.0671875 0.0171875
7 0.89140625 0.971875 0.00390625 0.0171875
7 0.97578125 0.97265625 0.0109375 0.015625