3 0.5 0.08984375 0.346875 0.16953125
4 0.4984375 0.17734375 0.55625 0.25546875
3 0.50078125 0.02421875 0.996875 0.04765625
2 0.4953125 0.36171875 0.4453125 0.034375
4 0.25078125 0.3421875 0.0375 0.05859375
4 0.7484375 0.3359375 0.065625 0.059375
4 0.83046875 0.75703125 0.11171875 0.271875
0 0.79140625 0.50859375 0.0171875 0.03671875
0 0.81328125 0.5078125 0.02109375 0.0375
0 0.83828125 0.5078125 0.0203125 0.034375
0 0.86328125 0.509375 0.01875 0.03125
0 0.8890625 0.50859375 0.0203125 0.0390625
0 0.8375 0.5453125 0.02109375 0.03359375
0 0.83828125 0.4703125 0.0796875 0.03203125
7 0.1390625 0.78359375 0.08046875 0.2171875
7 0.30625 0.56015625 0.12421875 0.025
6 0.36953125 0.51953125 0.1234375 0.0265625
6 0.3203125 0.7703125 0.12890625 0.0203125
7 0.30703125 0.890625 0.128125 0.21875
7 0.30703125 0.64140625 0.13046875 0.13359375
7 0.1625 0.5421875 0.1359375 0.240625