4 0.03984375 0.04140625 0.03203125 0.03671875
0 0.1046875 0.04140625 0.1828125 0.05703125
7 0.0390625 0.0390625 0.0234375 0.03125
7 0.11875 0.04140625 0.1359375 0.02578125
4 0.96484375 0.04140625 0.0234375 0.03125
0 0.96484375 0.04140625 0.04296875 0.05703125
4 0.5 0.26484375 1 0.3578125
7 0.5 0.23359375 0.62890625 0.0796875
7 0.5 0.29375 0.62890625 0.04296875
4 0.92734375 0.26484375 0.1453125 0.3578125
4 0.03125 0.26484375 0.0234375 0.0328125
0 0.03125 0.26484375 0.03125 0.04296875
4 0.96875 0.26484375 0.0234375 0.0328125
0 0.96875 0.26484375 0.03125 0.04296875
0 0.4359375 0.4640625 0.0078125 0.01171875
0 0.459375 0.4640625 0.0078125 0.01171875
0 0.4828125 0.4640625 0.0078125 0.01171875
0 0.50625 0.4640625 0.0078125 0.01171875
4 0.5609375 0.46953125 0.0234375 0.0328125
0 0.55625 0.4640625 0.0234375 0.0328125
7 0.5 0.69921875 1 0.42734375
7 0.13671875 0.5796875 0.2265625 0.0625
7 0.13671875 0.66796875 0.2265625 0.09375
0 0.13671875 0.77734375 0.18359375 0.04140625
7 0.37890625 0.5796875 0.2265625 0.0625
7 0.37890625 0.65234375 0.2265625 0.0625
0 0.37890625 0.74609375 0.2109375 0.04140625
7 0.62109375 0.5796875 0.2265625 0.0625
7 0.62109375 0.65234375 0.2265625 0.0625
0 0.62109375 0.74609375 0.17578125 0.04140625
7 0.86328125 0.5796875 0.2265625 0.0625
7 0.86328125 0.65234375 0.2265625 0.0625
0 0.86328125 0.74609375 0.2015625 0.04140625
2 0.5 0.975 0.8203125 0.04140625