0 0.37734375 0.07109375 0.23125 0.053125
6 0.56953125 0.07109375 0.07734375 0.0328125
6 0.734375 0.07109375 0.17578125 0.0328125
7 0.8625 0.0640625 0.0046875 0.02578125
4 0.90625 0.0625 0.01953125 0.02578125
4 0.959375 0.0625 0.01953125 0.02578125
4 0.17578125 0.05859375 0.1953125 0.09140625
0 0.17578125 0.05859375 0.1953125 0.09140625
4 0.5 0.5 1 1
4 0.5 0.5 1 1
7 0.528125 0.3234375 0.9 0.021875
2 0.41484375 0.38515625 0.6734375 0.1015625
2 0.26875 0.46328125 0.38203125 0.1015625
0 0.21875 0.60078125 0.28125 0.0765625
4 0.21875 0.8765625 0.1234375 0.115625
7 0.21875 0.96484375 0.22265625 0.04453125
0 0.21875 0.88984375 0.28125 0.2203125
7 0.21875 0.99921875 0.22265625 0.0015625
4 0.5 0.8765625 0.1234375 0.115625
7 0.49921875 0.96484375 0.2234375 0.04453125
0 0.49921875 0.88984375 0.28203125 0.2203125
7 0.49921875 0.99921875 0.2234375 0.0015625
4 0.78125 0.8765625 0.1234375 0.115625
7 0.78046875 0.96484375 0.2234375 0.04453125
0 0.78046875 0.88984375 0.28203125 0.2203125
7 0.78046875 0.99921875 0.2234375 0.0015625