7 0.5 0.02734375 0.75 0.03359375
0 0.9828125 0.01953125 0.0265625 0.03671875
6 0.5 0.071875 0.08203125 0.02578125
4 0.059375 0.14453125 0.071875 0.03125
0 0.059375 0.1421875 0.071875 0.07265625
7 0.159375 0.1421875 0.115625 0.03515625
7 0.321875 0.13828125 0.096875 0.02578125
0 0.321875 0.13828125 0.11640625 0.05234375
7 0.29453125 0.1421875 0.06171875 0.08359375
6 0.4109375 0.1421875 0.10078125 0.05859375
6 0.521875 0.1421875 0.0515625 0.05859375
6 0.596875 0.1421875 0.02734375 0.05859375
6 0.78203125 0.14140625 0.0515625 0.05859375
0 0.91875 0.14140625 0.14453125 0.05859375
2 0.2609375 0.346875 0.30078125 0.271875
7 0.2609375 0.59296875 0.30078125 0.1703125
0 0.18125 0.7515625 0.14140625 0.0703125
4 0.6765625 0.54609375 0.29375 0.790625
4 0.6984375 0.49453125 0.190625 0.08359375
7 0.65 0.5953125 0.140625 0.02890625
4 0.94453125 0.259375 0.09453125 0.04140625
7 0.89375 0.31015625 0.15234375 0.02578125
4 0.90546875 0.446875 0.1890625 0.20078125
2 0.91171875 0.53671875 0.1765625 0.0390625
7 0.8375 0.56015625 0.0265625 0.02578125
4 0.88203125 0.56015625 0.078125 0.0234375
7 0.928125 0.56015625 0.05546875 0.02578125
7 0.91171875 0.58359375 0.1765625 0.0328125
2 0.91171875 0.65859375 0.1765625 0.0390625
7 0.8375 0.68203125 0.0265625 0.02578125
4 0.86640625 0.68359375 0.04765625 0.0234375
7 0.928125 0.68203125 0.05546875 0.02578125
7 0.91171875 0.70546875 0.1765625 0.0328125
2 0.91171875 0.78046875 0.1765625 0.0390625
7 0.8375 0.8046875 0.0265625 0.02578125
4 0.87421875 0.80625 0.06328125 0.0234375
7 0.928125 0.8046875 0.05546875 0.02578125
7 0.91171875 0.82890625 0.1765625 0.0328125
4 0.9015625 0.3375 0.196875 0.29296875
2 0.91015625 0.4390625 0.1796875 0.0328125
7 0.83203125 0.459375 0.0234375 0.021875
4 0.8671875 0.46015625 0.0609375 0.01953125
7 0.86171875 0.478125 0.0828125 0.021875
7 0.89765625 0.478125 0.034375 0.021875
7 0.8578125 0.50859375 0.0390625 0.01953125
0 0.8578125 0.51015625 0.075 0.03671875
0 0.85078125 0.5609375 0.0609375 0.05703125
0 0.91796875 0.5609375 0.046875 0.05703125
0 0.97734375 0.5609375 0.0375 0.05703125
7 0.8375 0.63984375 0.03203125 0.0171875
0 0.8390625 0.6296875 0.04609375 0.084375
7 0.903125 0.63984375 0.0703125 0.0171875
0 0.90546875 0.6296875 0.0796875 0.084375
7 0.97109375 0.63984375 0.0578125 0.0171875
0 0.96875 0.6296875 0.0625 0.084375
7 0.9078125 0.7125 0.184375 0.06875
7 0.9296875 0.7796875 0.140625 0.0296875
7 0.9296875 0.8 0.140625 0.0296875
7 0.9296875 0.82421875 0.140625 0.02890625
4 0.9953125 0.81484375 0.009375 0.1328125