4 0.05859375 0.06875 0.021875 0.02109375
4 0.11640625 0.06875 0.015625 0.02109375
0 0.11640625 0.06875 0.015625 0.02109375
4 0.2109375 0.06796875 0.09765625 0.02109375
0 0.2109375 0.06796875 0.09765625 0.02109375
4 0.49296875 0.06796875 0.10234375 0.04453125
0 0.5 0.06796875 0.1171875 0.04453125
4 0.82890625 0.06875 0.01640625 0.02578125
0 0.82890625 0.06875 0.0359375 0.02578125
0 0.9125 0.06875 0.0828125 0.03359375
0 0.2328125 0.146875 0.03203125 0.02890625
0 0.296875 0.146875 0.053125 0.02890625
0 0.37421875 0.146875 0.0578125 0.02890625
0 0.44453125 0.146875 0.03984375 0.02890625
0 0.5484375 0.146875 0.12421875 0.02890625
0 0.66171875 0.146875 0.0578125 0.02890625
0 0.75078125 0.146875 0.078125 0.02890625
7 0.5 0.24609375 1 0.16640625
6 0.12109375 0.4109375 0.084375 0.025
7 0.2609375 0.409375 0.05 0.025
2 0.4953125 0.4671875 0.8984375 0.0140625
2 0.0875 0.49140625 0.084375 0.021875
0 0.10703125 0.49140625 0.121875 0.03515625
2 0.14375 0.49140625 0.00859375 0.01171875
2 0.24765625 0.49140625 0.034375 0.025
0 0.2609375 0.49140625 0.09375 0.025
2 0.2890625 0.49140625 0.0375 0.025
2 0.371875 0.49140625 0.0546875 0.025
0 0.38515625 0.49140625 0.1140625 0.025
2 0.4234375 0.49140625 0.0375 0.025
2 0.52109375 0.49140625 0.0828125 0.025
0 0.53515625 0.49140625 0.14453125 0.025
2 0.5875 0.49140625 0.0390625 0.025
4 0.71953125 0.7703125 0.475 0.459375
0 0.71875 0.77109375 0.46875 0.4578125
6 0.06328125 0.56875 0.034375 0.0171875
7 0.109375 0.56875 0.053125 0.0171875
2 0.25078125 0.690625 0.409375 0.209375
7 0.26171875 0.875 0.3890625 0.11484375
7 0.26171875 0.965625 0.3890625 0.06875