4 0.02890625 0.0390625 0.02421875 0.00546875
0 0.5 0.0390625 0.103125 0.06484375
4 0.696875 0.040625 0.028125 0.02109375
0 0.696875 0.0390625 0.028125 0.078125
4 0.73125 0.040625 0.028125 0.02109375
0 0.73125 0.0390625 0.028125 0.078125
4 0.76484375 0.040625 0.028125 0.02109375
0 0.76484375 0.0390625 0.028125 0.078125
4 0.79921875 0.040625 0.028125 0.02109375
0 0.79921875 0.0390625 0.028125 0.078125
4 0.83359375 0.040625 0.028125 0.02109375
0 0.83359375 0.0390625 0.028125 0.078125
4 0.86796875 0.040625 0.028125 0.02109375
0 0.86796875 0.0390625 0.028125 0.078125
4 0.925 0.0390625 0.0484375 0.078125
4 0.965625 0.0390625 0.01953125 0.02578125
4 0.15703125 0.26015625 0.2734375 0.36484375
0 0.15703125 0.3453125 0.2734375 0.53359375
2 0.15703125 0.51953125 0.259375 0.1015625
6 0.15703125 0.6015625 0.2734375 0.02109375
4 0.46953125 0.26015625 0.2734375 0.36484375
0 0.46953125 0.328125 0.2734375 0.5
2 0.46953125 0.50234375 0.259375 0.06796875
6 0.46953125 0.56796875 0.2734375 0.02109375
4 0.78203125 0.26015625 0.2734375 0.36484375
0 0.78203125 0.328125 0.2734375 0.5
2 0.78203125 0.50234375 0.259375 0.06796875
6 0.78203125 0.56796875 0.2734375 0.02109375
4 0.97890625 0.26015625 0.0421875 0.36484375
0 0.97890625 0.328125 0.0421875 0.5
2 0.98203125 0.5015625 0.0359375 0.06875
6 0.97890625 0.56796875 0.0421875 0.02109375
4 0.5 0.91640625 1 0.16640625
0 0.5 0.91640625 1 0.16640625