4 0.5 0.11328125 0.8984375 0.2234375
4 0.5015625 0.11171875 0.23671875 0.21796875
2 0.47421875 0.09140625 0.17890625 0.07578125
4 0.30234375 0.546875 0.440625 0.5234375
7 0.6796875 0.53515625 0.278125 0.3984375
0 0.14921875 0.971875 0.04609375 0.05546875
0 0.32421875 0.97265625 0.04296875 0.05390625
0 0.4984375 0.96796875 0.04609375 0.0640625
0 0.6765625 0.96875 0.04453125 0.0625
0 0.8515625 0.971875 0.04453125 0.05546875
0 0.33828125 0.2515625 0.03984375 0.04375
0 0.40078125 0.25390625 0.07109375 0.04140625
0 0.46171875 0.25390625 0.03046875 0.0359375
0 0.51015625 0.25546875 0.0484375 0.0359375
0 0.57890625 0.25859375 0.0703125 0.034375
0 0.653125 0.2578125 0.06328125 0.0328125
4 0.5 0.5 1 1