4 0.11953125 0.046875 0.03984375 0.05234375
0 0.11953125 0.046875 0.03984375 0.05234375
4 0.178125 0.04609375 0.01640625 0.021875
1 0.3875 0.046875 0.465625 0.05234375
0 0.7640625 0.046875 0.07734375 0.05234375
0 0.85703125 0.046875 0.08671875 0.05234375
2 0.18515625 0.1671875 0.17109375 0.040625
2 0.18515625 0.18203125 0.17109375 0.015625
2 0.2046875 0.23125 0.2109375 0.040625
2 0.2046875 0.24609375 0.2109375 0.015625
2 0.159375 0.2953125 0.11875 0.040625
2 0.159375 0.31015625 0.11875 0.015625
7 0.22734375 0.4046875 0.25625 0.1234375
4 0.11875 0.51640625 0.01875 0.0328125
7 0.23515625 0.51640625 0.16796875 0.025
4 0.121875 0.5796875 0.02421875 0.02734375
7 0.221875 0.5796875 0.140625 0.025
4 0.11875 0.64375 0.01875 0.0328125
7 0.22734375 0.64375 0.15234375 0.025
4 0.1234375 0.7078125 0.02734375 0.0328125
7 0.2296875 0.7078125 0.15703125 0.025
7 0.215625 0.80390625 0.12109375 0.0296875
4 0.2921875 0.80625 0.01484375 0.01953125
7 0.22734375 0.8671875 0.25625 0.0234375
7 0.14765625 0.95625 0.0859375 0.025
7 0.2296875 0.95625 0.05390625 0.025
4 0.2640625 0.95625 0.009375 0.009375
7 0.1578125 0.99375 0.10625 0.01171875
7 0.27421875 0.99375 0.10078125 0.01171875
2 0.64453125 0.1640625 0.51171875 0.05703125
4 0.45 0.3046875 0.07890625 0.10390625
7 0.57734375 0.2703125 0.1125 0.0296875
7 0.6484375 0.2875 0.25390625 0.06484375
4 0.54765625 0.35859375 0.0203125 0.025
7 0.6171875 0.35859375 0.109375 0.025
7 0.64453125 0.4796875 0.4375 0.0875
4 0.43828125 0.5546875 0.025 0.03359375
7 0.4875 0.5546875 0.0515625 0.03359375
4 0.41875 0.70234375 0.03046875 0.040625
7 0.60390625 0.7015625 0.3234375 0.053125
7 0.81640625 0.7015625 0.0484375 0.025
0 0.8234375 0.7015625 0.09375 0.053125
4 0.8484375 0.70234375 0.0125 0.0171875
2 0.4546875 0.8421875 0.1328125 0.053125
4 0.45 0.96484375 0.07890625 0.0703125
7 0.540625 0.95859375 0.03828125 0.03125
7 0.6453125 0.95859375 0.17265625 0.03125
7 0.61875 0.99921875 0.1125 0.0015625
4 0.9515625 0.93359375 0.02734375 0.04140625
0 0.9515625 0.93359375 0.05859375 0.078125