7 0.0578125 0.05078125 0.115625 0.0609375
7 0.45078125 0.0515625 0.6375 0.02734375
0 0.5578125 0.0515625 0.88359375 0.0609375
4 0.11796875 0.14453125 0.13125 0.03125
0 0.11796875 0.14453125 0.13125 0.03125
0 0.24375 0.14453125 0.05625 0.03125
0 0.34296875 0.14453125 0.08671875 0.03125
0 0.446875 0.14453125 0.06640625 0.03125
0 0.53203125 0.14453125 0.0484375 0.03125
0 0.60390625 0.14453125 0.03984375 0.03125
0 0.6703125 0.14453125 0.0375 0.03125
6 0.77421875 0.14453125 0.0421875 0.046875
4 0.828125 0.14453125 0.015625 0.02109375
0 0.828125 0.14453125 0.03515625 0.046875
4 0.8875 0.14375 0.0421875 0.05625
0 0.8875 0.1484375 0.0421875 0.06484375
4 0.925 0.14375 0.0421875 0.05625
0 0.925 0.1484375 0.0421875 0.06484375
4 0.96328125 0.14375 0.0421875 0.05625
0 0.96328125 0.1484375 0.0421875 0.06484375
6 0.2640625 0.21171875 0.08671875 0.02734375
6 0.37734375 0.21171875 0.09453125 0.02734375
6 0.51171875 0.21171875 0.12890625 0.02734375
6 0.621875 0.21171875 0.04609375 0.02734375
6 0.7234375 0.21171875 0.1125 0.02734375
4 0.3390625 0.43046875 0.64453125 0.303125
2 0.3390625 0.721875 0.59765625 0.2203125
0 0.3390625 0.721875 0.59765625 0.2203125
4 0.1234375 0.9375 0.2140625 0.125
2 0.440625 0.9296875 0.38125 0.0703125
7 0.44609375 0.984375 0.39140625 0.03125
2 0.76015625 0.31953125 0.11796875 0.01953125
7 0.8171875 0.396875 0.2328125 0.0921875
4 0.8765625 0.43203125 0.00859375 0.01015625
7 0.8296875 0.49921875 0.2578125 0.06875
4 0.9046875 0.5234375 0.00859375 0.01015625
7 0.8296875 0.60234375 0.25703125 0.0921875
4 0.88046875 0.63828125 0.00859375 0.01015625
2 0.771875 0.76796875 0.0984375 0.02578125
4 0.834375 0.859375 0.26640625 0.125
0 0.834375 0.8984375 0.26640625 0.203125
7 0.71640625 0.9 0.03046875 0.04296875
7 0.834375 0.965625 0.26640625 0.06875