4 0.50078125 0.2625 0.9984375 0.42734375
4 0.67109375 0.153125 0.15859375 0.15
2 0.6734375 0.27421875 0.37734375 0.08125
7 0.6796875 0.3359375 0.20078125 0.040625
4 0.0625 0.6046875 0.125 0.2578125
4 0.31171875 0.60546875 0.12578125 0.25546875
4 0.5640625 0.6078125 0.125 0.26015625
4 0.8125 0.60390625 0.12734375 0.25625
7 0.18671875 0.64140625 0.04609375 0.0296875
7 0.4390625 0.6421875 0.06171875 0.02578125
7 0.6875 0.64140625 0.046875 0.02890625
7 0.93828125 0.64296875 0.06796875 0.02734375
0 0.67578125 0.4203125 0.12890625 0.0546875
7 0.15234375 0.83984375 0.10703125 0.0484375
7 0.1515625 0.93828125 0.1203125 0.02734375
7 0.69140625 0.96875 0.10234375 0.0359375
0 0.28671875 0.02578125 0.05078125 0.04765625
0 0.35 0.02421875 0.065625 0.0484375
0 0.4171875 0.025 0.05546875 0.05
0 0.4828125 0.02578125 0.06484375 0.0515625
0 0.57734375 0.02421875 0.115625 0.04765625
0 0.6890625 0.0234375 0.09375 0.046875