6 0.10234375 0.02421875 0.146875 0.01953125
6 0.28828125 0.02265625 0.21875 0.01953125
6 0.6296875 0.02265625 0.0984375 0.01953125
6 0.73984375 0.02265625 0.0671875 0.01953125
6 0.8359375 0.02265625 0.06875 0.01953125
6 0.934375 0.02265625 0.07421875 0.01953125
4 0.07421875 0.1015625 0.08984375 0.078125
0 0.07421875 0.103125 0.08984375 0.08203125
1 0.49140625 0.10390625 0.6109375 0.05703125
7 0.83359375 0.10390625 0.0984375 0.04921875
7 0.9203125 0.13125 0.05625 0.01953125
0 0.9203125 0.103125 0.05625 0.07421875
0 0.05 0.1859375 0.1 0.0625
0 0.15 0.1859375 0.10078125 0.0625
0 0.25 0.1859375 0.1015625 0.0625
0 0.35 0.1859375 0.10078125 0.0625
0 0.45 0.1859375 0.10078125 0.0625
0 0.55 0.1859375 0.1015625 0.0625
0 0.65 0.1859375 0.10078125 0.0625
0 0.75 0.1859375 0.1015625 0.0625
0 0.85 0.1859375 0.10078125 0.0625
0 0.94921875 0.1859375 0.1015625 0.0625
7 0.421875 0.2515625 0.6546875 0.0296875
6 0.78125 0.25546875 0.06640625 0.02109375
7 0.821875 0.2515625 0.01640625 0.0296875
6 0.86796875 0.25546875 0.07734375 0.02109375
7 0.353125 0.30546875 0.61640625 0.021875
6 0.67734375 0.30546875 0.03203125 0.021875
7 0.82265625 0.30546875 0.2625 0.021875
4 0.1 0.6015625 0.2 0.53359375
0 0.1 0.6015625 0.2 0.53359375
7 0.1 0.84375 0.2 0.04921875
4 0.3 0.46796875 0.2015625 0.2671875
0 0.3 0.46796875 0.2015625 0.2671875
7 0.3 0.57734375 0.2015625 0.0484375
4 0.3 0.734375 0.2015625 0.26796875
0 0.3 0.734375 0.2015625 0.26796875
7 0.3 0.84375 0.2015625 0.04921875
4 0.6 0.6015625 0.4015625 0.53359375
0 0.6 0.6015625 0.4015625 0.53359375
7 0.6 0.84375 0.4015625 0.04921875
4 0.9 0.46796875 0.2 0.2671875
0 0.9 0.46796875 0.2 0.2671875
7 0.9 0.57734375 0.2 0.0484375
4 0.9 0.734375 0.2 0.26796875
0 0.9 0.734375 0.2 0.26796875
7 0.9 0.84375 0.2 0.04921875
4 0.2453125 0.94609375 0.490625 0.1078125
0 0.2453125 0.94609375 0.490625 0.1078125
4 0.7546875 0.94609375 0.490625 0.1078125
0 0.7546875 0.94609375 0.490625 0.1078125