2 0.04140625 0.03671875 0.05390625 0.03125
2 0.0890625 0.03671875 0.0421875 0.03125
7 0.1515625 0.03515625 0.0234375 0.01796875
0 0.16953125 0.0359375 0.07890625 0.0453125
4 0.19609375 0.0359375 0.0046875 0.00390625
1 0.31328125 0.0359375 0.209375 0.0453125
4 0.43046875 0.0359375 0.0046875 0.00390625
0 0.43046875 0.0359375 0.02421875 0.0453125
4 0.459375 0.0359375 0.01640625 0.021875
0 0.459375 0.0359375 0.03515625 0.0484375
0 0.5140625 0.0359375 0.0640625 0.0484375
7 0.96796875 0.034375 0.053125 0.0296875
0 0.9671875 0.0359375 0.0515625 0.0296875
0 0.0359375 0.09765625 0.04296875 0.05234375
0 0.11796875 0.09765625 0.04296875 0.05234375
0 0.2 0.09765625 0.04296875 0.05234375
0 0.275 0.09765625 0.0296875 0.05234375
0 0.3578125 0.09765625 0.05625 0.05234375
7 0.44609375 0.09765625 0.040625 0.05234375
0 0.44765625 0.09765625 0.04609375 0.05234375
0 0.52421875 0.09765625 0.0296875 0.05234375
0 0.99375 0.09765625 0.0125 0.05234375
2 0.38359375 0.1703125 0.73828125 0.03125
4 0.13671875 0.3578125 0.24375 0.32578125
0 0.13671875 0.3578125 0.24375 0.32578125
7 0.13671875 0.4265625 0.2125 0.02734375
7 0.13671875 0.45234375 0.2125 0.02734375
6 0.13671875 0.4859375 0.2125 0.021875
4 0.38359375 0.3578125 0.24375 0.32578125
0 0.38359375 0.3578125 0.24375 0.32578125
7 0.38359375 0.4265625 0.2125 0.02734375
7 0.38359375 0.45234375 0.2125 0.02734375
6 0.38359375 0.4859375 0.2125 0.021875
4 0.63125 0.3578125 0.24375 0.32578125
0 0.63125 0.3578125 0.24375 0.32578125
7 0.63125 0.4265625 0.2125 0.02734375
7 0.63125 0.45234375 0.2125 0.02734375
6 0.63125 0.4859375 0.2125 0.021875
0 0.71015625 0.1703125 0.0234375 0.03125
0 0.74140625 0.1703125 0.0234375 0.03125
7 0.66015625 0.1703125 0.04296875 0.0234375
0 0.66015625 0.1703125 0.0609375 0.03125
2 0.38359375 0.58359375 0.73828125 0.04140625
7 0.07421875 0.65390625 0.02734375 0.02109375
0 0.07421875 0.6546875 0.071875 0.05234375
0 0.1546875 0.6546875 0.071875 0.05234375
0 0.234375 0.6546875 0.071875 0.05234375
0 0.3359375 0.6546875 0.115625 0.05234375
0 0.44453125 0.6546875 0.0890625 0.05234375
0 0.540625 0.6546875 0.0890625 0.05234375
0 0.6359375 0.6546875 0.0890625 0.05234375
0 0.72421875 0.6546875 0.0734375 0.05234375
0 0.81171875 0.6546875 0.0890625 0.05234375
0 0.91484375 0.6546875 0.10234375 0.05234375
0 0.9859375 0.6546875 0.02734375 0.05234375
0 0.0265625 0.6546875 0.0234375 0.0625
0 0.74140625 0.65546875 0.0234375 0.0640625
4 0.05390625 0.77734375 0.078125 0.10390625
0 0.1953125 0.7828125 0.3609375 0.11484375
6 0.23046875 0.75 0.2515625 0.04453125
6 0.253125 0.76171875 0.01875 0.0234375
6 0.2359375 0.7875 0.2640625 0.0234375
7 0.1484375 0.8265625 0.0875 0.02578125
7 0.2109375 0.8265625 0.015625 0.02578125
7 0.2765625 0.8265625 0.0578125 0.01953125
4 0.43046875 0.77734375 0.078125 0.10390625
0 0.571875 0.77734375 0.3609375 0.10390625
6 0.546875 0.74453125 0.13125 0.02109375
6 0.62421875 0.74453125 0.015625 0.0234375
6 0.61328125 0.77109375 0.2640625 0.0234375
7 0.525 0.81015625 0.0875 0.02578125
7 0.5875 0.81015625 0.015625 0.02578125
7 0.6484375 0.809375 0.046875 0.01953125
4 0.05390625 0.93125 0.078125 0.10390625
0 0.1953125 0.93125 0.3609375 0.10390625
6 0.2140625 0.8984375 0.21875 0.02109375
6 0.33671875 0.8984375 0.01875 0.0234375
6 0.2359375 0.92421875 0.2640625 0.0234375
7 0.1484375 0.96328125 0.0875 0.02578125
7 0.2109375 0.96328125 0.015625 0.02578125
7 0.271875 0.9625 0.046875 0.01953125
4 0.43046875 0.93125 0.078125 0.10390625
0 0.571875 0.93125 0.3609375 0.10390625
6 0.5328125 0.8984375 0.103125 0.02109375
6 0.596875 0.8984375 0.015625 0.0234375
6 0.55546875 0.92421875 0.1484375 0.0234375
7 0.521875 0.96328125 0.08125 0.02578125
7 0.603125 0.96328125 0.0609375 0.02578125
7 0.68671875 0.9625 0.046875 0.01953125
4 0.88828125 0.359375 0.2234375 0.32578125
0 0.9 0.58046875 0.2 0.046875
0 0.83359375 0.63671875 0.0671875 0.0234375
0 0.91484375 0.63671875 0.09765625 0.0234375
0 0.99765625 0.63671875 0.0046875 0.0234375
7 0.89140625 0.709375 0.1828125 0.02109375
0 0.9 0.7203125 0.2 0.1
6 0.840625 0.7328125 0.08203125 0.02109375
6 0.92109375 0.7328125 0.06953125 0.02109375
7 0.87734375 0.81015625 0.15546875 0.02109375
0 0.9 0.82109375 0.2 0.1
7 0.83125 0.83359375 0.0625 0.02109375
6 0.89765625 0.83359375 0.0734375 0.02109375
7 0.865625 0.91015625 0.13125 0.02109375
0 0.9 0.9203125 0.2 0.09921875
6 0.85390625 0.93359375 0.10859375 0.02109375
3 0.88828125 0.99296875 0.2234375 0.0140625