2 0.1046875 0.08828125 0.071875 0.03671875
0 0.1046875 0.09375 0.071875 0.046875
0 0.18828125 0.090625 0.0359375 0.03515625
0 0.240625 0.090625 0.06953125 0.03515625
0 0.31875 0.090625 0.0859375 0.03515625
0 0.39609375 0.090625 0.06953125 0.03515625
0 0.49375 0.090625 0.1265625 0.03515625
2 0.5 0.421875 1 0.57265625
7 0.034375 0.421875 0.01953125 0.05234375
0 0.034375 0.421875 0.06875 0.09140625
4 0.5 0.421875 1 0.57265625
2 0.534375 0.88671875 0.93125 0.2265625
7 0.5640625 0.7875 0.28828125 0.02734375
0 0.759375 0.7875 0.06328125 0.02734375
4 0.121875 0.9390625 0.05859375 0.078125
0 0.24140625 0.9328125 0.3453125 0.134375
6 0.278125 0.9078125 0.22265625 0.02734375
6 0.278125 0.93828125 0.22265625 0.025
6 0.1953125 0.9703125 0.05625 0.025
7 0.24921875 0.9703125 0.0453125 0.025
7 0.29375 0.9703125 0.0453125 0.025
4 0.4859375 0.9390625 0.05859375 0.078125
0 0.60546875 0.9328125 0.3453125 0.134375
6 0.6421875 0.9078125 0.22265625 0.02734375
6 0.6421875 0.93828125 0.22265625 0.025
6 0.559375 0.9703125 0.05625 0.025
7 0.61328125 0.9703125 0.0453125 0.025
7 0.6578125 0.9703125 0.0453125 0.025
4 0.85078125 0.9390625 0.05859375 0.078125
0 0.8984375 0.9328125 0.203125 0.134375
6 0.94765625 0.9078125 0.1046875 0.02734375
6 0.94765625 0.93828125 0.1046875 0.025
6 0.9234375 0.9703125 0.05625 0.025
7 0.97734375 0.9703125 0.0453125 0.025
0 0.0203125 0.025 0.040625 0.021875
0 0.9578125 0.02578125 0.05078125 0.03125