1 0.2796875 0.03515625 0.1625 0.04140625
6 0.46015625 0.0375 0.07109375 0.0234375
6 0.54609375 0.0375 0.05546875 0.0234375
0 0.646875 0.03828125 0.10078125 0.04296875
6 0.8546875 0.03671875 0.07734375 0.0234375
6 0.93359375 0.03671875 0.040625 0.0234375
2 0.5 0.1828125 0.665625 0.0796875
2 0.5 0.30078125 0.2015625 0.0625
4 0.040625 0.646875 0.08125 0.33984375
0 0.040625 0.64609375 0.08125 0.33828125
4 0.0328125 0.63125 0.065625 0.321875
0 0.040625 0.64609375 0.08125 0.33828125
4 0.03671875 0.6375 0.0734375 0.33984375
0 0.040625 0.64609375 0.08125 0.33828125
0 0.040625 0.853125 0.08125 0.0234375
4 0.21796875 0.646875 0.1796875 0.33984375
0 0.21796875 0.64609375 0.1796875 0.33828125
4 0.209375 0.63828125 0.18046875 0.3203125
0 0.21796875 0.64609375 0.1796875 0.33828125
4 0.20078125 0.63125 0.18046875 0.33984375
0 0.21796875 0.64609375 0.1796875 0.33828125
0 0.21796875 0.853125 0.1796875 0.0234375
4 0.44453125 0.66015625 0.1796875 0.3125
0 0.44453125 0.659375 0.1796875 0.3109375
4 0.4359375 0.6515625 0.18046875 0.3109375
0 0.44453125 0.659375 0.1796875 0.3109375
4 0.42890625 0.64453125 0.18046875 0.31015625
0 0.44453125 0.659375 0.1796875 0.3109375
0 0.44453125 0.853125 0.1796875 0.0234375
4 0.67109375 0.6453125 0.1796875 0.33984375
0 0.67109375 0.6453125 0.1796875 0.33984375
4 0.65390625 0.63046875 0.18046875 0.34140625
0 0.67109375 0.6453125 0.1796875 0.33984375
4 0.6625 0.6375 0.18046875 0.3421875
0 0.67109375 0.6453125 0.1796875 0.33984375
0 0.67109375 0.853125 0.1796875 0.0234375
4 0.89765625 0.646875 0.1796875 0.33984375
0 0.89765625 0.64609375 0.1796875 0.33828125
4 0.88046875 0.63125 0.18046875 0.33984375
0 0.89765625 0.64609375 0.1796875 0.33828125
4 0.8890625 0.6375 0.18046875 0.33984375
0 0.89765625 0.64609375 0.1796875 0.33828125
0 0.89765625 0.853125 0.1796875 0.0234375
2 0.49921875 0.9890625 0.9078125 0.021875
7 0.36875 0.93125 0.6453125 0.02578125
6 0.0875 0.959375 0.0828125 0.02578125
0 0.86328125 0.94375 0.18125 0.0546875