4 0.096875 0.0484375 0.1125 0.0453125
0 0.096875 0.0484375 0.1125 0.096875
0 0.365625 0.04921875 0.08515625 0.02890625
0 0.4484375 0.04921875 0.071875 0.02890625
0 0.54140625 0.04921875 0.10625 0.02890625
0 0.64296875 0.04921875 0.0890625 0.02890625
0 0.73984375 0.04921875 0.096875 0.02890625
0 0.84609375 0.04921875 0.08125 0.03671875
0 0.93125 0.04921875 0.0546875 0.02890625
7 0.5 0.165625 0.803125 0.0546875
6 0.51484375 0.1796875 0.06640625 0.02578125
7 0.6109375 0.1796875 0.12578125 0.02578125
2 0.3046875 0.43984375 0.390625 0.140625
1 0.24609375 0.58671875 0.2734375 0.07421875
1 0.44140625 0.58671875 0.1171875 0.07421875
7 0.3046875 0.6578125 0.390625 0.04140625
4 0.6859375 0.5390625 0.37109375 0.44296875