4 0.0734375 0.0328125 0.1171875 0.02578125
0 0.0734375 0.0328125 0.1171875 0.06484375
0 0.54609375 0.0328125 0.11015625 0.06484375
7 0.5 0.32578125 1 0.65078125
4 0.49765625 0.32265625 0.9953125 0.52109375
4 0.3 0.3796875 0.52265625 0.1421875
2 0.4140625 0.48828125 0.75 0.04140625
0 0.12421875 0.5703125 0.17109375 0.05703125
0 0.30234375 0.5703125 0.16484375 0.05703125
4 0.24921875 0.82421875 0.4984375 0.3515625
2 0.25 0.965625 0.4515625 0.0484375
4 0.74765625 0.82421875 0.50078125 0.3515625
2 0.75 0.965625 0.4515625 0.0484375