4 0.5 0.11484375 0.55625 0.16640625
4 0.35546875 0.7359375 0.20703125 0.25
4 0.64375 0.73515625 0.2109375 0.2546875
4 0.68984375 0.38828125 0.17265625 0.11015625
2 0.384375 0.15390625 0.3109375 0.03515625
2 0.5 0.28125 0.4734375 0.0296875
2 0.35703125 0.521875 0.1921875 0.03203125
2 0.6453125 0.5234375 0.20546875 0.02734375
7 0.40625 0.346875 0.36953125 0.06875
7 0.40234375 0.42421875 0.36171875 0.0671875
7 0.35546875 0.5671875 0.225 0.07109375
7 0.64609375 0.56875 0.23125 0.0640625
7 0.4984375 0.95703125 0.55234375 0.0859375
0 0.27265625 0.215625 0.03515625 0.025
0 0.33984375 0.21796875 0.08828125 0.0296875
0 0.43984375 0.21796875 0.09921875 0.02890625
0 0.51796875 0.21796875 0.04921875 0.0265625
0 0.5625 0.21796875 0.034375 0.03203125
0 0.61484375 0.21640625 0.06171875 0.02734375
0 0.69765625 0.2171875 0.09609375 0.025