0 0.0796875 0.02890625 0.140625 0.0390625
0 0.20859375 0.02890625 0.0734375 0.05703125
0 0.34765625 0.02890625 0.16015625 0.05703125
0 0.48125 0.02890625 0.059375 0.05703125
0 0.55078125 0.02890625 0.03515625 0.05703125
0 0.6390625 0.02890625 0.09375 0.05703125
0 0.74453125 0.02890625 0.07109375 0.05703125
0 0.825 0.02890625 0.0453125 0.05703125
0 0.94921875 0.03203125 0.0796875 0.0640625
1 0.36796875 0.11484375 0.390625 0.05234375
1 0.67578125 0.11484375 0.2046875 0.05234375
1 0.8078125 0.11484375 0.0390625 0.05234375
2 0.265625 0.4015625 0.4390625 0.14453125
0 0.096875 0.515625 0.1015625 0.03359375
4 0.1875 0.9515625 0.225 0.09140625
0 0.1875 0.93359375 0.2828125 0.1328125
4 0.49921875 0.9515625 0.22578125 0.09140625
0 0.49921875 0.93359375 0.284375 0.1328125
4 0.81171875 0.9515625 0.22578125 0.09140625
0 0.81171875 0.93359375 0.284375 0.1328125