7 0.45859375 0.040625 0.83515625 0.0453125
6 0.1609375 0.0546875 0.0671875 0.01796875
7 0.3609375 0.0546875 0.3359375 0.01796875
6 0.571875 0.0546875 0.0859375 0.01796875
7 0.61640625 0.0546875 0.0046875 0.01796875
4 0.14921875 0.0953125 0.2171875 0.11171875
0 0.14921875 0.0953125 0.2171875 0.11171875
2 0.45390625 0.0953125 0.3125 0.04453125
1 0.72578125 0.09453125 0.14140625 0.053125
0 0.9125 0.09453125 0.09296875 0.053125
6 0.096875 0.2125 0.1015625 0.0796875
6 0.25703125 0.2125 0.09453125 0.0796875
6 0.41484375 0.2125 0.09765625 0.0796875
6 0.6140625 0.2125 0.1765625 0.0796875
6 0.78359375 0.2125 0.03984375 0.0796875
6 0.89921875 0.2125 0.06875 0.0796875
4 0.334375 0.48125 0.48828125 0.45703125
0 0.5 0.48125 0.91796875 0.45703125
7 0.7609375 0.396875 0.3046875 0.13046875
7 0.7609375 0.50078125 0.3046875 0.0640625
7 0.7609375 0.590625 0.3046875 0.05625
4 0.1078125 0.621875 0.0625 0.084375
4 0.584375 0.334375 0.046875 0.0640625
4 0.53125 0.28984375 0.0234375 0.0328125
2 0.5 0.77578125 0.87890625 0.03125
2 0.5 0.8203125 0.87890625 0.03125
2 0.1703125 0.98125 0.21875 0.0375
2 0.46953125 0.98125 0.1953125 0.0375
2 0.8 0.98125 0.23125 0.0375