4 0.03046875 0.02578125 0.0390625 0.0515625
7 0.36015625 0.02578125 0.61796875 0.03671875
6 0.74921875 0.02578125 0.0953125 0.03359375
0 0.74921875 0.02578125 0.14453125 0.03671875
0 0.08203125 0.13125 0.140625 0.078125
1 0.9046875 0.08203125 0.1265625 0.02890625
4 0.97734375 0.08203125 0.01953125 0.02890625
6 0.7453125 0.078125 0.04296875 0.0234375
6 0.80859375 0.078125 0.04296875 0.0234375
0 0.92578125 0.15234375 0.125 0.03359375
5 0.7859375 0.153125 0.0953125 0.02734375
4 0.5 0.4859375 1 0.61953125
7 0.5 0.4859375 0.459375 0.3265625
7 0.61484375 0.42890625 0.2 0.0765625
7 0.49453125 0.4984375 0.153125 0.078125
7 0.5765625 0.49921875 0.0109375 0.0765625
0 0.5578125 0.62421875 0.3609375 0.053125
7 0.5 0.87734375 0.1953125 0.04921875
7 0.496875 0.93203125 0.05546875 0.04921875
7 0.52734375 0.93203125 0.0078125 0.04921875
7 0.5 0.98125 0.12890625 0.0375
5 0.934375 0.9828125 0.1109375 0.03359375