4 0.0140625 0.971875 0.0203125 0.02734375
4 0.065625 0.0390625 0.1140625 0.0546875
6 0.33671875 0.025 0.09375 0.02578125
6 0.46171875 0.025 0.1015625 0.02578125
6 0.58984375 0.025 0.1 0.02578125
6 0.6890625 0.025 0.04375 0.02578125
6 0.93125 0.0296875 0.0234375 0.02734375
6 0.9546875 0.0296875 0.0234375 0.02734375
6 0.978125 0.0296875 0.02421875 0.02734375
7 0.27734375 0.33125 0.4453125 0.2484375
7 0.721875 0.50078125 0.4453125 0.53515625
7 0.50078125 0.53984375 0.60078125 0.2484375
0 0.28125 0.7328125 0.18125 0.0328125
0 0.49296875 0.7328125 0.18046875 0.0328125
0 0.7125 0.7328125 0.1953125 0.0328125
6 0.21953125 0.94375 0.0484375 0.02578125
6 0.28671875 0.94375 0.0515625 0.02578125
6 0.36640625 0.94375 0.075 0.02578125
6 0.4578125 0.94375 0.071875 0.02578125
6 0.55390625 0.94375 0.084375 0.02578125
6 0.66328125 0.94375 0.1015625 0.02578125
7 0.76796875 0.94375 0.0734375 0.02578125
6 0.16796875 0.97265625 0.1078125 0.02578125
6 0.29609375 0.97265625 0.11640625 0.02578125
6 0.39765625 0.97265625 0.05390625 0.02578125
6 0.5015625 0.97265625 0.1203125 0.02578125
6 0.60625 0.97265625 0.05546875 0.02578125
6 0.6828125 0.97265625 0.0640625 0.02578125
6 0.809375 0.97265625 0.153125 0.02578125