7 0.08515625 0.03515625 0.128125 0.02109375
0 0.08515625 0.0359375 0.128125 0.01953125
7 0.23984375 0.03515625 0.13359375 0.02109375
0 0.23984375 0.0359375 0.13359375 0.01953125
7 0.3875 0.03515625 0.1171875 0.02109375
0 0.3875 0.0359375 0.1171875 0.01953125
7 0.5078125 0.03515625 0.078125 0.02109375
0 0.5078125 0.0359375 0.078125 0.01953125
7 0.6578125 0.03515625 0.1765625 0.02109375
0 0.6578125 0.0359375 0.1765625 0.01953125
7 0.83515625 0.03515625 0.13125 0.02109375
0 0.83515625 0.0359375 0.13125 0.01953125
7 0.9609375 0.034375 0.078125 0.021875
0 0.9609375 0.03515625 0.078125 0.0203125
7 0.18984375 0.15546875 0.05 0.025
0 0.18984375 0.15625 0.09296875 0.04140625
7 0.34296875 0.15546875 0.125 0.025
0 0.34296875 0.15625 0.16796875 0.04140625
7 0.5015625 0.15546875 0.0625 0.025
0 0.5015625 0.15625 0.10546875 0.04140625
7 0.61796875 0.15546875 0.03828125 0.025
0 0.61796875 0.15625 0.08125 0.04140625
3 0.5 0.44453125 1 0.7515625
0 0.5 0.44453125 1 0.7515625
4 0.1265625 0.8609375 0.21015625 0.15859375
0 0.1265625 0.890625 0.21015625 0.21875
2 0.1265625 0.97578125 0.21015625 0.0484375
4 0.37578125 0.8609375 0.21015625 0.15859375
0 0.37578125 0.890625 0.21015625 0.21875
2 0.37578125 0.97578125 0.21015625 0.0484375
4 0.62421875 0.8609375 0.21015625 0.15859375
0 0.62421875 0.890625 0.21015625 0.21875
2 0.62421875 0.97578125 0.21015625 0.0484375
4 0.8734375 0.8609375 0.21015625 0.15859375
0 0.8734375 0.890625 0.21015625 0.21875
2 0.8734375 0.97578125 0.21015625 0.0484375