4 0.5 0.0140625 1 0.028125
4 0.97578125 0.07421875 0.0484375 0.06484375
4 0.5 0.49453125 1 0.66640625
2 0.5 0.434375 0.90234375 0.2046875
7 0.5 0.57890625 0.6328125 0.08203125
7 0.5 0.7359375 0.1 0.03125
0 0.5 0.7359375 0.1484375 0.071875
2 0.33515625 0.92890625 0.63203125 0.040625
4 0.14375 0.9875 0.2875 0.025
0 0.14375 0.9875 0.2875 0.025
0 0.43203125 0.9875 0.28828125 0.025
4 0.43203125 0.9875 0.28828125 0.025
7 0.38046875 0.959375 0.26640625 0.025
6 0.55390625 0.959375 0.0828125 0.025
7 0.61015625 0.959375 0.03046875 0.025
6 0.66484375 0.959375 0.08125 0.025
7 0.70625 0.959375 0.0046875 0.025
4 0.9734375 0.95625 0.034375 0.0453125