7 0.3703125 0.78984375 0.7015625 0.025
7 0.3609375 0.87109375 0.68359375 0.0703125
6 0.30703125 0.896875 0.07890625 0.01953125
0 0.8921875 0.86328125 0.17578125 0.06796875
6 0.05546875 0.96015625 0.07109375 0.01953125
4 0.06875 0.078125 0.0734375 0.06484375
0 0.071875 0.078125 0.115625 0.10390625
0 0.17734375 0.09140625 0.065625 0.02578125
0 0.27421875 0.09140625 0.0703125 0.02578125
0 0.36796875 0.09140625 0.05859375 0.02578125
0 0.45625 0.09140625 0.05859375 0.02578125
0 0.5328125 0.09140625 0.0375 0.02578125
2 0.5 0.4671875 1 0.08359375
2 0.5 0.54921875 1 0.08359375
7 0.5 0.5 1 1