7 0.41875 0.95234375 0.725 0.0484375
6 0.70078125 0.96640625 0.090625 0.02109375
0 0.89609375 0.953125 0.05390625 0.02109375
0 0.0390625 0.05078125 0.0296875 0.0390625
4 0.13203125 0.0515625 0.1265625 0.0453125
0 0.13203125 0.053125 0.1265625 0.0484375
0 0.93046875 0.05234375 0.109375 0.0546875
7 0.42890625 0.1359375 0.29296875 0.0296875
7 0.6390625 0.1359375 0.12890625 0.0296875
2 0.3296875 0.64453125 0.63125 0.3671875
2 0.2734375 0.6234375 0.5171875 0.140625
7 0.33125 0.7046875 0.63359375 0.04453125
0 0.0921875 0.7921875 0.1546875 0.071875