6 0.79765625 0.0265625 0.053125 0.02734375
7 0.83203125 0.0265625 0.015625 0.02734375
6 0.896875 0.0265625 0.1140625 0.02734375
4 0.3734375 0.13828125 0.6546875 0.1171875
0 0.3828125 0.13828125 0.6734375 0.1171875
7 0.8953125 0.13515625 0.053125 0.03359375
0 0.9046875 0.13671875 0.0984375 0.0546875
0 0.18828125 0.271875 0.284375 0.0859375
0 0.440625 0.271875 0.2234375 0.0859375
0 0.675 0.271875 0.2453125 0.0859375
0 0.87578125 0.271875 0.15703125 0.0859375
4 0.5 0.48671875 0.9078125 0.33828125
6 0.72734375 0.4328125 0.42109375 0.0375
0 0.5 0.484375 0.9078125 0.03125
6 0.72734375 0.4671875 0.42109375 0.03359375
7 0.6390625 0.53203125 0.24375 0.053125
4 0.1875 0.8328125 0.28125 0.209375
0 0.18671875 0.86015625 0.2828125 0.2796875
7 0.1875 0.978125 0.2484375 0.040625
6 0.1875 0.9984375 0.2484375 0.00234375
4 0.49921875 0.8328125 0.28203125 0.209375
0 0.4984375 0.86015625 0.284375 0.2796875
7 0.49921875 0.97890625 0.24921875 0.04140625
4 0.81171875 0.8328125 0.28203125 0.209375
0 0.8109375 0.86015625 0.284375 0.2796875
7 0.81171875 0.97890625 0.24921875 0.04140625