4 0.1421875 0.071875 0.0109375 0.10390625
3 0.509375 0.07421875 0.71171875 0.1171875
6 0.0921875 0.16796875 0.12578125 0.02109375
4 0.0484375 0.23828125 0.03515625 0.046875
4 0.1625 0.23984375 0.1609375 0.04140625
0 0.1625 0.23984375 0.1609375 0.04140625
0 0.96015625 0.23984375 0.0265625 0.0390625
7 0.909375 0.23984375 0.025 0.03125
6 0.840625 0.23984375 0.0515625 0.02578125
7 0.796875 0.44375 0.3203125 0.01796875
2 0.7859375 0.53125 0.29765625 0.11171875
7 0.70859375 0.62421875 0.14375 0.021875
7 0.7921875 0.62421875 0.028125 0.021875
2 0.5046875 0.81875 0.990625 0.03359375
4 0.08125 0.94140625 0.1125 0.1171875
0 0.08125 0.94140625 0.1125 0.1171875
2 0.37265625 0.9421875 0.1984375 0.115625
4 0.6703125 0.90390625 0.11015625 0.04140625
0 0.6703125 0.90390625 0.11015625 0.04140625
2 0.61953125 0.9421875 0.1953125 0.115625
4 0.91875 0.94140625 0.10859375 0.1171875
3 0.921875 0.97734375 0.115625 0.0453125
0 0.921875 0.97734375 0.115625 0.0453125
3 0.121875 0.77421875 0.24375 0.4515625