2 0.07421875 0.11875 0.0859375 0.02890625
0 0.1390625 0.1578125 0.21484375 0.03671875
0 0.1390625 0.19375 0.21484375 0.03671875
0 0.1390625 0.23046875 0.21484375 0.03671875
0 0.1390625 0.2671875 0.21484375 0.03671875
0 0.1390625 0.303125 0.21484375 0.03671875
0 0.1390625 0.33984375 0.21484375 0.03671875
0 0.1390625 0.3765625 0.21484375 0.03671875
0 0.1390625 0.4125 0.21484375 0.03671875
0 0.1390625 0.44921875 0.21484375 0.03671875
0 0.1390625 0.4859375 0.21484375 0.03671875
0 0.1390625 0.521875 0.21484375 0.03671875
0 0.1390625 0.55859375 0.21484375 0.03671875
0 0.1390625 0.5953125 0.21484375 0.03671875
0 0.1390625 0.63125 0.21484375 0.03671875
0 0.1390625 0.66796875 0.21484375 0.03671875
0 0.1390625 0.7046875 0.21484375 0.03671875
0 0.1390625 0.740625 0.21484375 0.03671875
0 0.1390625 0.77734375 0.21484375 0.03671875
0 0.1390625 0.8140625 0.21484375 0.03671875
0 0.1390625 0.85 0.21484375 0.03671875
0 0.1390625 0.88671875 0.21484375 0.03671875
0 0.1390625 0.9234375 0.21484375 0.03671875
0 0.1390625 0.959375 0.21484375 0.03671875
0 0.1390625 0.9890625 0.21484375 0.021875
7 0.28046875 0.11953125 0.06875 0.02890625
7 0.36796875 0.11953125 0.1015625 0.02890625
7 0.46640625 0.11953125 0.0890625 0.02890625
7 0.5703125 0.11953125 0.11328125 0.02890625
7 0.69140625 0.11953125 0.1234375 0.02890625
4 0.6078125 0.37578125 0.72265625 0.4828125
4 0.36484375 0.69609375 0.096875 0.13125
0 0.36484375 0.74453125 0.2375 0.2421875
6 0.36484375 0.78984375 0.22734375 0.025
7 0.3296875 0.834375 0.01484375 0.02578125
7 0.35234375 0.8296875 0.02734375 0.046875
7 0.378125 0.83203125 0.025 0.03359375
7 0.39765625 0.834375 0.0109375 0.025
4 0.6078125 0.69609375 0.0453125 0.13125
0 0.6078125 0.74453125 0.23828125 0.2421875
6 0.6078125 0.78984375 0.228125 0.025
7 0.5671875 0.834375 0.01484375 0.02578125
7 0.5953125 0.8296875 0.03828125 0.046875
7 0.6265625 0.83203125 0.0265625 0.03359375
7 0.646875 0.834375 0.0109375 0.025
4 0.85 0.69609375 0.096875 0.13125
0 0.85 0.74453125 0.2375 0.2421875
6 0.85 0.78984375 0.22734375 0.025
7 0.821875 0.834375 0.01484375 0.02578125
7 0.8390625 0.8296875 0.015625 0.046875
7 0.85859375 0.83203125 0.025 0.03359375
7 0.878125 0.834375 0.0109375 0.025
4 0.425 0.9359375 0.35859375 0.12734375
4 0.78984375 0.9359375 0.35859375 0.12734375
0 0.0875 0.0453125 0.11328125 0.0703125
1 0.484375 0.0453125 0.475 0.04921875
7 0.7875 0.046875 0.05625 0.02109375
0 0.775 0.0453125 0.10859375 0.05234375
6 0.86796875 0.0453125 0.0390625 0.021875
0 0.91875 0.05625 0.03125 0.021875