2 0.559375 0.09375 0.2546875 0.08515625
2 0.4265625 0.75390625 0.2828125 0.0375
4 0.46953125 0.26875 0.06953125 0.11484375
4 0.6515625 0.26953125 0.07578125 0.1171875
6 0.46796875 0.3484375 0.1140625 0.04375
6 0.6515625 0.3484375 0.078125 0.04765625
7 0.5578125 0.025 0.58203125 0.040625
7 0.37421875 0.7859375 0.18359375 0.0296875
7 0.64296875 0.85859375 0.7140625 0.06875
6 0.0578125 0.51484375 0.07109375 0.0390625
6 0.06015625 0.56953125 0.10859375 0.05078125
0 0.05390625 0.0296875 0.1046875 0.05546875
0 0.05546875 0.09140625 0.11015625 0.0578125
0 0.05390625 0.14921875 0.1046875 0.05390625
0 0.05234375 0.20390625 0.10390625 0.05703125
0 0.05234375 0.26328125 0.1046875 0.06015625
0 0.05234375 0.3265625 0.1046875 0.0640625
0 0.05390625 0.38984375 0.1078125 0.059375
0 0.05390625 0.45078125 0.10703125 0.065625
7 0.55703125 0.43515625 0.8859375 0.0609375