4 0.5015625 0.20625 0.6890625 0.33671875
4 0.57578125 0.68125 0.53671875 0.58828125
2 0.69609375 0.1265625 0.25078125 0.11015625
2 0.575 0.46796875 0.51171875 0.04765625
7 0.5703125 0.57109375 0.5125 0.1015625
7 0.571875 0.6984375 0.521875 0.13984375
4 0.16171875 0.38984375 0.0140625 0.02421875
4 0.1796875 0.39296875 0.015625 0.02109375
0 0.225 0.42890625 0.14296875 0.0390625
0 0.2265625 0.46953125 0.14375 0.04140625
0 0.2265625 0.50859375 0.146875 0.03671875
0 0.225 0.54765625 0.14296875 0.0390625
0 0.225 0.5921875 0.14453125 0.03828125
0 0.22578125 0.628125 0.14453125 0.03359375
0 0.22578125 0.66953125 0.14609375 0.04453125
0 0.225 0.71171875 0.146875 0.0359375