7 0.165625 0.1078125 0.13203125 0.0453125
0 0.1390625 0.071875 0.1953125 0.1171875
6 0.3078125 0.1046875 0.08515625 0.03515625
6 0.41328125 0.1046875 0.05078125 0.03515625
6 0.5015625 0.1046875 0.053125 0.03515625
1 0.74765625 0.109375 0.1765625 0.04921875
0 0.85546875 0.109375 0.0375 0.04921875
0 0.91953125 0.109375 0.07890625 0.05234375
4 0.5 0.20703125 0.9375 0.1171875
0 0.5 0.20703125 0.9375 0.1171875
2 0.5 0.63515625 1 0.72890625
2 0.5 0.63515625 0.91796875 0.72890625
6 0.121875 0.6953125 0.1359375 0.02578125
2 0.2296875 0.728125 0.3515625 0.04296875
0 0.1125 0.8171875 0.121875 0.053125
4 0.265625 0.49921875 0.44921875 0.3375
0 0.265625 0.49921875 0.44921875 0.3375
7 0.44765625 0.634375 0.08515625 0.06640625
6 0.56953125 0.51171875 0.115625 0.02578125
2 0.61484375 0.5890625 0.20625 0.13125
4 0.6171875 0.41171875 0.21484375 0.16171875
0 0.6171875 0.41171875 0.21484375 0.16171875
7 0.69765625 0.4703125 0.05390625 0.04296875
6 0.7875 0.51171875 0.08203125 0.02578125
2 0.8453125 0.55625 0.19921875 0.06640625
4 0.8515625 0.41171875 0.21484375 0.16171875
0 0.8515625 0.41171875 0.21484375 0.16171875
7 0.9328125 0.4703125 0.0515625 0.04296875
6 0.5375 0.86484375 0.05078125 0.02578125
2 0.60234375 0.92578125 0.18046875 0.09921875
4 0.6171875 0.7640625 0.21484375 0.16171875
0 0.6171875 0.7640625 0.21484375 0.16171875
7 0.69765625 0.8234375 0.05390625 0.04296875
6 0.771875 0.86484375 0.05078125 0.02578125
2 0.846875 0.909375 0.2015625 0.06640625
4 0.8515625 0.7640625 0.21484375 0.16171875
0 0.8515625 0.7640625 0.21484375 0.16171875
7 0.93125 0.8234375 0.05546875 0.04296875