4 0.49921875 0.36171875 0.09453125 0.125
7 0.5 0.46640625 0.4046875 0.03671875
7 0.4953125 0.55703125 0.39453125 0.07265625
0 0.56953125 0.584375 0.10234375 0.03125
7 0.3953125 0.67421875 0.16328125 0.03125
0 0.3953125 0.67421875 0.19453125 0.05703125
7 0.6046875 0.67421875 0.1640625 0.03125
0 0.6046875 0.67421875 0.1953125 0.05703125
4 0.04296875 0.0390625 0.02734375 0.05234375
0 0.04296875 0.0390625 0.046875 0.078125
7 0.14296875 0.0390625 0.09453125 0.02109375
0 0.14296875 0.0390625 0.1140625 0.078125
7 0.26484375 0.0390625 0.071875 0.02109375
0 0.26484375 0.0390625 0.0921875 0.078125
7 0.3734375 0.0390625 0.06953125 0.02109375
0 0.3734375 0.0390625 0.0890625 0.078125
7 0.47578125 0.0390625 0.05859375 0.02109375
0 0.47578125 0.0390625 0.078125 0.078125
7 0.85625 0.0390625 0.01953125 0.02109375
0 0.84375 0.0390625 0.0640625 0.078125
7 0.91875 0.0390625 0.0453125 0.02109375
0 0.9328125 0.0390625 0.09453125 0.078125
4 0.0375 0.10390625 0.07421875 0.05234375
0 0.5 0.10390625 1 0.05234375
4 0.55390625 0.10390625 0.8921875 0.05234375
7 0.5296875 0.10390625 0.36015625 0.05234375
4 0.72109375 0.10390625 0.02421875 0.03125
2 0.35859375 0.171875 0.6578125 0.03125
4 0.06171875 0.534375 0.025 0.0484375
2 0.134375 0.59453125 0.171875 0.0328125
7 0.21015625 0.63046875 0.3234375 0.02578125
4 0.5375 0.534375 0.025 0.0484375
2 0.621875 0.59453125 0.19453125 0.0328125
7 0.709375 0.63046875 0.36875 0.02578125
4 0.06171875 0.959375 0.025 0.0484375
2 0.13203125 0.996875 0.1671875 0.00625
2 0.43828125 0.996875 0.1421875 0.00625
2 0.7171875 0.996875 0.071875 0.00625