7 0.271875 0.0375 0.1046875 0.02890625
0 0.271875 0.0375 0.1046875 0.07265625
7 0.38984375 0.0375 0.0875 0.02890625
0 0.38984375 0.0375 0.0875 0.07265625
7 0.48125 0.0375 0.053125 0.02890625
0 0.48125 0.0375 0.053125 0.07265625
7 0.57265625 0.0375 0.08671875 0.02890625
0 0.57265625 0.0375 0.08671875 0.07265625
0 0.9375 0.03515625 0.04296875 0.03125
7 0.18828125 0.10546875 0.2125 0.02109375
7 0.4921875 0.1203125 0.87109375 0.0609375
6 0.49921875 0.15234375 0.884375 0.06015625
2 0.5 0.37421875 0.91796875 0.0796875
7 0.41328125 0.45234375 0.29609375 0.03515625
6 0.64765625 0.45234375 0.1734375 0.03515625
0 0.5 0.5328125 0.1484375 0.05859375
7 0.075 0.71640625 0.05546875 0.02109375
4 0.26640625 0.85625 0.4484375 0.2875
0 0.26640625 0.85625 0.4484375 0.2875
2 0.721875 0.78046875 0.4234375 0.084375
0 0.721875 0.78046875 0.4234375 0.084375
7 0.70703125 0.896875 0.39453125 0.12265625
6 0.8390625 0.94375 0.0359375 0.02890625
4 0.5234375 0.996875 0.028125 0.00625
7 0.57734375 0.9953125 0.0578125 0.009375
7 0.71015625 0.99765625 0.0421875 0.0046875
7 0.83359375 0.99765625 0.0640625 0.0046875
7 0.5 0.85546875 0.9375 0.2890625