4 0.0296875 0.0453125 0.04375 0.071875
4 0.9734375 0.04609375 0.01875 0.025
0 0.971875 0.0484375 0.05546875 0.08046875
6 0.1765625 0.071875 0.10625 0.02578125
6 0.37578125 0.071875 0.06953125 0.02578125
6 0.56015625 0.071875 0.07734375 0.02578125
6 0.74375 0.071875 0.0671875 0.02578125
6 0.90234375 0.071875 0.02734375 0.02578125
4 0.5 0.27109375 0.125 0.16640625
0 0.5 0.27109375 0.125 0.16640625
2 0.5 0.4078125 0.76953125 0.0234375
0 0.50078125 0.47578125 0.1046875 0.05078125
7 0.49921875 0.6359375 0.184375 0.021875
6 0.50078125 0.6703125 0.07109375 0.021875
2 0.128125 0.95546875 0.2171875 0.01796875
6 0.04609375 0.996875 0.05390625 0.00625
2 0.3671875 0.95546875 0.2171875 0.01796875
6 0.27734375 0.996875 0.0375 0.00625
2 0.60625 0.95546875 0.2171875 0.01796875
6 0.52265625 0.996875 0.05 0.00625
2 0.8453125 0.95546875 0.2171875 0.01796875
6 0.7515625 0.996875 0.028125 0.00625