4 0.3046875 0.0953125 0.06328125 0.10859375
4 0.42890625 0.53203125 0.42109375 0.3625
4 0.76640625 0.6015625 0.10078125 0.11796875
2 0.53203125 0.07734375 0.38984375 0.06953125
2 0.42890625 0.78125 0.203125 0.04453125
2 0.534375 0.13828125 0.13984375 0.0453125
0 0.29296875 0.196875 0.05234375 0.03515625
0 0.353125 0.19765625 0.065625 0.03984375
0 0.4265625 0.1984375 0.0796875 0.04140625
0 0.4921875 0.2 0.053125 0.040625
0 0.54453125 0.196875 0.0515625 0.0421875
0 0.61328125 0.19765625 0.084375 0.04609375
0 0.69453125 0.1984375 0.07265625 0.046875
7 0.76796875 0.45234375 0.11328125 0.05703125
7 0.42734375 0.8171875 0.33515625 0.03828125
7 0.434375 0.90234375 0.51796875 0.0578125
6 0.4265625 0.9671875 0.1546875 0.02890625
7 0.765625 0.69453125 0.1328125 0.05859375
2 0.765625 0.5234375 0.065625 0.02109375
4 0.765625 0.36875 0.1109375 0.07109375
0 0.7640625 0.35546875 0.06484375 0.02890625