4 0.0515625 0.03046875 0.0234375 0.00390625
0 0.0515625 0.03828125 0.04296875 0.04296875
4 0.0515625 0.03828125 0.0234375 0.00390625
4 0.0515625 0.04609375 0.0234375 0.00390625
4 0.4671875 0.03828125 0.1703125 0.0375
0 0.4671875 0.03828125 0.1703125 0.0375
2 0.61015625 0.196875 0.19140625 0.040625
2 0.596875 0.228125 0.1640625 0.040625
7 0.6859375 0.2703125 0.3421875 0.025
0 0.58125 0.325 0.13359375 0.0453125
4 0.45625 0.42421875 0.0140625 0.01796875
4 0.48515625 0.42421875 0.0140625 0.01796875
4 0.51484375 0.42421875 0.0140625 0.01796875
4 0.54375 0.42421875 0.0140625 0.01796875
4 0.05546875 0.515625 0.0671875 0.08828125
6 0.21953125 0.5015625 0.225 0.02890625
0 0.21953125 0.51640625 0.225 0.05859375
7 0.1859375 0.5296875 0.15625 0.03125
4 0.39140625 0.515625 0.0671875 0.08828125
6 0.54296875 0.5015625 0.19921875 0.02890625
0 0.54296875 0.51640625 0.19921875 0.05859375
7 0.49375 0.5296875 0.1015625 0.03125
4 0.71171875 0.515625 0.0671875 0.08828125
6 0.86640625 0.5015625 0.20625 0.02890625
0 0.86640625 0.51640625 0.20625 0.05859375
7 0.8640625 0.5296875 0.2 0.03125
4 0.184375 0.71640625 0.2875 0.1484375
0 0.184375 0.71640625 0.2875 0.1484375
2 0.184375 0.8453125 0.2515625 0.06640625
7 0.2671875 0.91640625 0.09375 0.02109375
4 0.5 0.71640625 0.2875 0.1484375
0 0.5 0.71640625 0.2875 0.1484375
2 0.5 0.8453125 0.2515625 0.06640625
7 0.59375 0.91640625 0.071875 0.02109375
4 0.815625 0.71640625 0.2875 0.1484375
0 0.815625 0.71640625 0.2875 0.1484375
2 0.815625 0.85390625 0.2515625 0.08359375
0 0.815625 0.81328125 0.2515625 0.0015625
7 0.9078125 0.91640625 0.07421875 0.02109375
7 0.36875 0.9625 0.415625 0.0296875
0 0.6640625 0.9640625 0.1484375 0.0453125
6 0.8 0.9625 0.078125 0.0296875