4 0.5 0.94921875 1 0.1015625
4 0.5828125 0.16015625 0.66328125 0.09453125
4 0.16640625 0.1859375 0.165625 0.14609375
4 0.215625 0.18984375 0.05390625 0.0859375
2 0.13671875 0.1921875 0.1 0.09375
3 0.81171875 0.58046875 0.2078125 0.63828125
4 0.19375 0.36015625 0.20625 0.184375
4 0.33984375 0.30234375 0.0609375 0.06953125
4 0.340625 0.38984375 0.05703125 0.065625
4 0.33984375 0.478125 0.05390625 0.06328125
0 0.33984375 0.56796875 0.05703125 0.065625
4 0.10625 0.6609375 0.02890625 0.06171875
4 0.25703125 0.6625 0.0390625 0.05859375
4 0.41328125 0.6609375 0.03203125 0.06640625
7 0.45390625 0.303125 0.159375 0.06953125
7 0.44765625 0.3890625 0.15234375 0.07109375
7 0.43671875 0.4765625 0.1359375 0.06484375
7 0.446875 0.5671875 0.153125 0.06484375
7 0.1921875 0.5140625 0.2078125 0.11015625
0 0.2796875 0.2328125 0.0578125 0.05
0 0.3359375 0.2328125 0.0515625 0.05
0 0.38671875 0.23203125 0.05 0.05234375
0 0.4390625 0.23359375 0.05390625 0.053125
0 0.49921875 0.23359375 0.06875 0.0484375
0 0.5609375 0.2328125 0.05234375 0.04765625
0 0.63203125 0.2328125 0.08828125 0.046875
0 0.6125 0.284375 0.14296875 0.046875
0 0.9046875 0.95 0.128125 0.0734375
0 0.86640625 0.16015625 0.065625 0.06015625
0 0.78984375 0.2328125 0.015625 0.04296875
0 0.8125 0.23203125 0.025 0.0421875
0 0.8359375 0.22890625 0.02109375 0.0421875
0 0.8578125 0.23203125 0.02265625 0.04609375
0 0.88125 0.23203125 0.025 0.0453125
0 0.9046875 0.23671875 0.01796875 0.04375