4 0.7671875 0.146875 0.0859375 0.14765625
4 0.50078125 0.42578125 0.6765625 0.2609375
4 0.74609375 0.74609375 0.16328125 0.31484375
4 0.28359375 0.80234375 0.20390625 0.2015625
2 0.6078125 0.384375 0.109375 0.0671875
7 0.58046875 0.49296875 0.425 0.05859375
2 0.25703125 0.59453125 0.17109375 0.040625
2 0.309375 0.66171875 0.24609375 0.034375
6 0.60546875 0.603125 0.09375 0.025
7 0.74375 0.93359375 0.14140625 0.04921875
7 0.73515625 0.98046875 0.09453125 0.0390625
7 0.228125 0.73671875 0.09140625 0.06796875
7 0.23828125 0.81484375 0.11640625 0.071875
0 0.20625 0.9375 0.053125 0.071875
0 0.1875 0.25234375 0.05390625 0.04140625
0 0.24375 0.25390625 0.053125 0.0375
0 0.31484375 0.2546875 0.08359375 0.0390625
0 0.4375 0.25390625 0.1578125 0.04140625
0 0.55234375 0.25390625 0.06875 0.040625
0 0.6140625 0.2546875 0.053125 0.0390625
0 0.66484375 0.2546875 0.05 0.040625
0 0.72890625 0.25546875 0.078125 0.040625
0 0.8078125 0.25390625 0.078125 0.03828125