0 0.02421875 0.02890625 0.0484375 0.05703125
6 0.02421875 0.084375 0.0484375 0.05234375
6 0.02421875 0.13671875 0.0484375 0.05234375
6 0.02421875 0.1890625 0.0484375 0.05234375
6 0.02421875 0.240625 0.0484375 0.05234375
6 0.02421875 0.29296875 0.0484375 0.05234375
6 0.02421875 0.3453125 0.0484375 0.05234375
0 0.02421875 0.40234375 0.03125 0.03671875
0 0.02421875 0.4515625 0.03125 0.03671875
7 0.02421875 0.921875 0.03125 0.04140625
6 0.02890625 0.9609375 0.03984375 0.0390625
4 0.0828125 0.0453125 0.0390625 0.05234375
7 0.1453125 0.0328125 0.065625 0.02578125
7 0.4484375 0.0453125 0.121875 0.05234375
4 0.28671875 0.38203125 0.44609375 0.5953125
4 0.0828125 0.725 0.0390625 0.05234375
7 0.15234375 0.709375 0.0796875 0.01796875
7 0.2171875 0.709375 0.040625 0.01796875
4 0.24921875 0.709375 0.01640625 0.02109375
7 0.4484375 0.725 0.121875 0.05234375
2 0.7625 0.13671875 0.30546875 0.15625
7 0.7671875 0.30234375 0.1890625 0.02890625
7 0.75859375 0.3515625 0.17109375 0.02890625
7 0.778125 0.40078125 0.2109375 0.02890625
0 0.7625 0.50625 0.28828125 0.078125
4 0.63203125 0.65 0.05859375 0.078125
0 0.63203125 0.6703125 0.09765625 0.11875
7 0.63125 0.71875 0.08125 0.02109375
4 0.7625 0.65 0.059375 0.078125
0 0.7625 0.6703125 0.0984375 0.11875
7 0.7625 0.71875 0.0921875 0.02109375
4 0.8921875 0.65 0.05859375 0.078125
0 0.8921875 0.6703125 0.09765625 0.11875
7 0.89296875 0.71875 0.07734375 0.02109375
4 0.27734375 0.91953125 0.3328125 0.1609375
2 0.7296875 0.865625 0.271875 0.05078125
0 0.7296875 0.97109375 0.146875 0.05703125