4 0.0171875 0.03671875 0.0171875 0.03671875
0 0.04921875 0.03671875 0.0828125 0.05234375
7 0.06171875 0.03671875 0.05546875 0.03671875
7 0.153125 0.03671875 0.0453125 0.03671875
0 0.14140625 0.03671875 0.0703125 0.05234375
6 0.403125 0.0375 0.0765625 0.01796875
6 0.4984375 0.0375 0.08203125 0.01796875
6 0.59453125 0.0375 0.0796875 0.01796875
6 0.38515625 0.0640625 0.0828125 0.01796875
6 0.50703125 0.0640625 0.12890625 0.01796875
6 0.621875 0.0640625 0.06953125 0.01796875
6 0.5 0.08984375 0.0765625 0.01796875
6 0.79609375 0.0203125 0.0765625 0.01953125
0 0.79609375 0.02890625 0.203125 0.04140625
7 0.79609375 0.0375 0.12109375 0.0171875
7 0.95234375 0.02734375 0.0703125 0.04140625
0 0.95234375 0.02890625 0.0796875 0.04140625
6 0.5 0.09921875 0.2484375 0.02578125
4 0.98046875 0.09921875 0.015625 0.02109375
0 0.98046875 0.09921875 0.0390625 0.05234375
0 0.08984375 0.19375 0.1328125 0.0796875
4 0.5 0.19375 0.321875 0.06484375
0 0.5 0.19453125 0.321875 0.0765625
0 0.91015625 0.184375 0.1328125 0.0796875
7 0.0703125 0.26640625 0.09375 0.025
4 0.85625 0.26640625 0.02421875 0.0328125
0 0.9015625 0.26640625 0.1328125 0.05625
7 0.896875 0.26640625 0.0375 0.0140625
4 0.9421875 0.26640625 0.034375 0.0453125
0 0.21875 0.3390625 0.11328125 0.025
0 0.334375 0.3390625 0.1015625 0.025
0 0.4234375 0.3390625 0.06171875 0.025
0 0.4984375 0.3390625 0.071875 0.025
0 0.57890625 0.3390625 0.07421875 0.025
0 0.6578125 0.3390625 0.06875 0.025
0 0.7359375 0.3390625 0.071875 0.025
0 0.8140625 0.3390625 0.0671875 0.025
7 0.5 0.41015625 0.7109375 0.02109375
3 0.5 0.47890625 0.7109375 0.1171875
4 0.196875 0.734375 0.26875 0.26796875
2 0.47265625 0.69140625 0.23828125 0.19296875
4 0.36953125 0.825 0.03203125 0.04296875
7 0.41015625 0.8109375 0.01953125 0.01796875
7 0.490625 0.8109375 0.1421875 0.01796875
7 0.41328125 0.834375 0.025 0.01796875
0 0.496875 0.90390625 0.2515625 0.046875
0 0.496875 0.9515625 0.2515625 0.046875
2 0.80546875 0.5953125 0.22578125 0.0234375
0 0.821875 0.5953125 0.25859375 0.05234375
6 0.79375 0.715625 0.203125 0.1234375
7 0.93046875 0.66171875 0.01484375 0.015625
6 0.8 0.8578125 0.215625 0.07421875
7 0.93046875 0.828125 0.01484375 0.015625
6 0.79609375 0.96875 0.2078125 0.0625
7 0.93046875 0.9453125 0.01484375 0.015625
4 0.97578125 0.890625 0.015625 0.02578125
0 0.97578125 0.890625 0.01953125 0.02578125
7 0.9796875 0.92109375 0.028125 0.021875
7 0.1609375 0.9140625 0.24296875 0.02890625
7 0.33671875 0.9140625 0.109375 0.02890625
7 0.4359375 0.9140625 0.0875 0.02890625
1 0.22109375 0.95859375 0.36015625 0.0546875
0 0.86640625 0.9609375 0.19140625 0.046875