4 0.5 0.0953125 0.9515625 0.18359375
2 0.17421875 0.08203125 0.27265625 0.1328125
0 0.17421875 0.08203125 0.27265625 0.1328125
2 0.49921875 0.0859375 0.3234375 0.11484375
0 0.84296875 0.03515625 0.128125 0.03671875
0 0.94375 0.03515625 0.06640625 0.03671875
1 0.81171875 0.0796875 0.20234375 0.0375
1 0.94453125 0.0796875 0.0625 0.0375
6 0.7296875 0.13046875 0.028125 0.01796875
6 0.7625 0.13046875 0.02421875 0.01796875
6 0.803125 0.13046875 0.04609375 0.01796875
6 0.85546875 0.13046875 0.0453125 0.01796875
6 0.9046875 0.13046875 0.04296875 0.01796875
7 0.94609375 0.13046875 0.02734375 0.01796875
0 0.9515625 0.13046875 0.03828125 0.01796875
2 0.5 0.1890625 0.9515625 0.05703125
7 0.05625 0.1890625 0.03984375 0.02578125
0 0.059375 0.1890625 0.0703125 0.05703125
4 0.06171875 0.21328125 0.01640625 0.01015625
7 0.1515625 0.1890625 0.07421875 0.02578125
0 0.15078125 0.1890625 0.1125 0.05703125
7 0.31171875 0.1890625 0.1703125 0.02578125
0 0.3109375 0.1890625 0.2078125 0.05703125
7 0.48828125 0.1890625 0.1078125 0.02578125
0 0.4875 0.1890625 0.1453125 0.05703125
7 0.65625 0.1890625 0.15234375 0.02578125
0 0.65546875 0.1890625 0.190625 0.05703125
7 0.79765625 0.1890625 0.0546875 0.02578125
0 0.79765625 0.1890625 0.09296875 0.05703125
7 0.89375 0.1890625 0.0609375 0.02578125
0 0.89296875 0.1890625 0.0984375 0.05703125
4 0.3765625 0.40703125 0.675 0.35
2 0.3765625 0.54921875 0.65546875 0.02890625
0 0.653125 0.6203125 0.10234375 0.03515625
0 0.6453125 0.66484375 0.1203125 0.05625
7 0.3765625 0.634375 0.65546875 0.0640625
7 0.37890625 0.72578125 0.0375 0.01953125
0 0.35625 0.7234375 0.0109375 0.0140625
7 0.4390625 0.72578125 0.08515625 0.01953125
0 0.371875 0.7234375 0.0109375 0.0140625
0 0.3875 0.7234375 0.0109375 0.0140625
0 0.403125 0.7234375 0.0109375 0.0140625
0 0.41875 0.7234375 0.0109375 0.0140625
0 0.434375 0.7234375 0.0109375 0.0140625
0 0.45 0.7234375 0.0109375 0.0140625
2 0.85625 0.24375 0.21953125 0.02109375
0 0.76171875 0.28125 0.03125 0.04140625
0 0.79765625 0.28125 0.03125 0.04140625
0 0.834375 0.28125 0.03125 0.04140625
0 0.8703125 0.28125 0.03125 0.04140625
0 0.90625 0.28125 0.03125 0.04140625
0 0.9421875 0.28125 0.03125 0.04140625
3 0.85625 0.53515625 0.21953125 0.41953125
2 0.19375 0.796875 0.2859375 0.0234375
4 0.0828125 0.85546875 0.06875 0.06015625
2 0.1875 0.83671875 0.12109375 0.021875
7 0.19296875 0.86875 0.13203125 0.04296875
4 0.084375 0.9421875 0.0703125 0.0640625
2 0.1921875 0.92109375 0.1265625 0.021875
7 0.19453125 0.95390625 0.13203125 0.04296875
6 0.11015625 0.99765625 0.1234375 0.0046875
2 0.503125 0.796875 0.2859375 0.0234375
4 0.3828125 0.85703125 0.0484375 0.0625
2 0.46875 0.83671875 0.103125 0.021875
7 0.490625 0.86875 0.146875 0.04296875
4 0.3828125 0.94296875 0.0484375 0.06484375
2 0.4828125 0.93203125 0.13203125 0.04453125
7 0.428125 0.965625 0.02265625 0.01953125
7 0.496875 0.965625 0.115625 0.01953125
7 0.46015625 0.98828125 0.08671875 0.0234375
2 0.81328125 0.796875 0.2859375 0.0234375
4 0.7015625 0.8765625 0.06640625 0.08984375
2 0.8078125 0.84296875 0.12421875 0.01953125
7 0.8109375 0.89140625 0.2859375 0.0640625
0 0.746875 0.94609375 0.1578125 0.021875
0 0.7296875 0.96953125 0.12421875 0.021875
0 0.725 0.990625 0.11328125 0.01796875