4 0.109375 0.02578125 0.21875 0.0515625
0 0.109375 0.02578125 0.21875 0.0515625
7 0.2578125 0.02578125 0.059375 0.0515625
0 0.2578125 0.02578125 0.059375 0.0515625
7 0.31640625 0.02578125 0.0578125 0.0515625
0 0.31640625 0.02578125 0.0578125 0.0515625
7 0.3796875 0.02578125 0.06875 0.0515625
0 0.3796875 0.02578125 0.06875 0.0515625
7 0.453125 0.02578125 0.078125 0.0515625
0 0.453125 0.02578125 0.078125 0.0515625
7 0.51953125 0.02578125 0.0546875 0.0515625
0 0.51953125 0.02578125 0.0546875 0.0515625
7 0.6015625 0.02578125 0.109375 0.0515625
0 0.6015625 0.02578125 0.109375 0.0515625
7 0.696875 0.02578125 0.08125 0.0515625
0 0.696875 0.02578125 0.08125 0.0515625
7 0.7671875 0.02578125 0.03203125 0.01796875
0 0.775 0.02578125 0.075 0.0515625
7 0.83203125 0.02578125 0.0390625 0.0515625
0 0.83203125 0.02578125 0.0390625 0.0515625
7 0.92578125 0.02578125 0.0921875 0.0515625
0 0.92578125 0.02578125 0.0921875 0.0515625
4 0.92578125 0.02578125 0.0921875 0.0515625
7 0.98515625 0.02578125 0.0265625 0.0515625
0 0.9859375 0.02578125 0.028125 0.0515625
7 0.5 0.090625 1 0.025
3 0.5 0.43046875 1 0.6546875
4 0.215625 0.8921875 0.3765625 0.21484375
0 0.215625 0.8921875 0.3765625 0.21484375
4 0.5734375 0.8765625 0.24375 0.18359375
0 0.5734375 0.8921875 0.24375 0.21484375
2 0.5640625 0.99140625 0.2265625 0.0171875
7 0.87109375 0.83125 0.2578125 0.02734375
2 0.87109375 0.9 0.2578125 0.05234375
2 0.87109375 0.978125 0.2578125 0.04296875
3 0.5 0.5 1 1