4 0.5 0.05546875 0.09375 0.06640625
0 0.5 0.05625 0.09375 0.06796875
0 0.0484375 0.05546875 0.0578125 0.0484375
0 0.1375 0.05546875 0.0515625 0.0484375
7 0.21328125 0.05546875 0.03203125 0.021875
0 0.2203125 0.05546875 0.046875 0.0484375
4 0.8328125 0.05546875 0.03515625 0.0484375
0 0.8328125 0.05546875 0.03515625 0.0484375
4 0.8921875 0.05546875 0.03515625 0.0484375
0 0.8921875 0.05546875 0.03515625 0.0484375
4 0.9578125 0.05546875 0.04609375 0.0484375
0 0.9578125 0.05546875 0.04609375 0.0484375
7 0.4265625 0.14375 0.7453125 0.021875
0 0.878125 0.14453125 0.13671875 0.04453125
4 0.5 0.48828125 1 0.625
2 0.4359375 0.41328125 0.23828125 0.0953125
2 0.575 0.41328125 0.03984375 0.0953125
2 0.6390625 0.41328125 0.0890625 0.0953125
7 0.5 0.50859375 0.9609375 0.06640625
0 0.5 0.58671875 0.1484375 0.053125
4 0.103125 0.84609375 0.0390625 0.0390625
0 0.103125 0.8734375 0.1484375 0.09375
7 0.103125 0.9078125 0.1171875 0.02578125
4 0.26171875 0.84609375 0.0390625 0.0390625
0 0.26171875 0.8734375 0.1484375 0.09375
7 0.26171875 0.9078125 0.13671875 0.02578125
4 0.4203125 0.84609375 0.0390625 0.0390625
0 0.4203125 0.88984375 0.1484375 0.1265625
7 0.4203125 0.9234375 0.1078125 0.05859375
4 0.578125 0.84609375 0.0390625 0.0390625
0 0.578125 0.88984375 0.1484375 0.1265625
7 0.578125 0.9234375 0.0921875 0.05859375
4 0.73671875 0.84609375 0.03984375 0.0390625
0 0.73671875 0.8734375 0.14921875 0.09375
7 0.73671875 0.9078125 0.14375 0.02578125
4 0.89609375 0.84609375 0.03984375 0.0390625
0 0.89609375 0.88984375 0.14921875 0.1265625
7 0.89609375 0.9234375 0.11015625 0.05859375
4 0.509375 0.93359375 0.01875 0.0234375
7 0.24375 0.95 0.44921875 0.05078125
6 0.14921875 0.9640625 0.13125 0.021875
7 0.22265625 0.9640625 0.015625 0.021875
6 0.290625 0.9640625 0.1203125 0.021875