0 0.08046875 0.0171875 0.096875 0.03359375
0 0.1671875 0.0171875 0.078125 0.03359375
0 0.23984375 0.0171875 0.06953125 0.03359375
4 0.0796875 0.03984375 0.0953125 0.00390625
0 0.934375 0.0171875 0.0671875 0.03359375
0 0.8625 0.0171875 0.075 0.03359375
0 0.784375 0.0171875 0.084375 0.03359375
0 0.709375 0.0171875 0.06875 0.03359375
6 0.63984375 0.01796875 0.040625 0.01796875
0 0.6390625 0.0171875 0.0734375 0.03359375
2 0.7625 0.27109375 0.1390625 0.1953125
1 0.415625 0.2734375 0.346875 0.04453125
1 0.60703125 0.275 0.03203125 0.04140625
1 0.64140625 0.275 0.03125 0.04140625
0 0.5359375 0.309375 0.0890625 0.01953125
1 0.24765625 0.31171875 0.0125 0.0171875
7 0.29921875 0.31484375 0.08515625 0.015625
7 0.44296875 0.44375 0.06328125 0.01796875
6 0.50390625 0.44375 0.0609375 0.01796875
7 0.53828125 0.44375 0.0109375 0.01796875
6 0.56640625 0.44375 0.046875 0.01796875
7 0.4625 0.5515625 0.06953125 0.01953125
4 0.534375 0.53203125 0.0765625 0.05078125
6 0.22265625 0.62421875 0.0875 0.01953125
6 0.37421875 0.62421875 0.15546875 0.01953125
6 0.51796875 0.62421875 0.0734375 0.01953125
6 0.59765625 0.62421875 0.025 0.01953125
6 0.65234375 0.62421875 0.025 0.01953125
6 0.71328125 0.62421875 0.03828125 0.01953125
6 0.7921875 0.62421875 0.059375 0.01953125
7 0.36328125 0.684375 0.15 0.01953125
6 0.57421875 0.684375 0.275 0.01953125
7 0.4109375 0.7203125 0.071875 0.01953125
6 0.53515625 0.7203125 0.1796875 0.01953125