0 0.146875 0.01953125 0.25078125 0.015625
7 0.3875 0.01953125 0.20390625 0.02109375
0 0.38671875 0.01953125 0.228125 0.015625
0 0.61484375 0.01953125 0.22734375 0.015625
6 0.10078125 0.1328125 0.17109375 0.10390625
4 0.10078125 0.1015625 0.17109375 0.04140625
0 0.10078125 0.1015625 0.17109375 0.04140625
0 0.228125 0.09453125 0.053125 0.02734375
0 0.3390625 0.09453125 0.12578125 0.02734375
0 0.475 0.09453125 0.10234375 0.02734375
0 0.57265625 0.09453125 0.05 0.02734375
0 0.634375 0.09453125 0.03125 0.02734375
4 0.6734375 0.09140625 0.015625 0.02109375
0 0.6734375 0.09140625 0.015625 0.02109375
4 0.3484375 0.46015625 0.665625 0.55078125
0 0.3484375 0.46015625 0.665625 0.55078125
0 0.3484375 0.7359375 0.1546875 0.04453125
2 0.3484375 0.81875 0.546875 0.1109375
6 0.3484375 0.90625 0.0765625 0.0234375