4 0.13671875 0.05234375 0.17578125 0.04453125
0 0.13671875 0.05234375 0.1953125 0.10390625
7 0.30546875 0.05234375 0.10234375 0.02578125
0 0.30546875 0.05234375 0.14140625 0.078125
7 0.42421875 0.05234375 0.0578125 0.02578125
0 0.42421875 0.05234375 0.096875 0.078125
7 0.52421875 0.05234375 0.0640625 0.02578125
0 0.52421875 0.05234375 0.103125 0.078125
6 0.61796875 0.05234375 0.04375 0.02578125
6 0.696875 0.05234375 0.0375 0.05234375
6 0.77265625 0.05234375 0.03515625 0.05234375
0 0.8859375 0.05078125 0.1140625 0.05234375
0 0.98125 0.05078125 0.0375 0.046875
2 0.27421875 0.30703125 0.4515625 0.07578125
2 0.15078125 0.390625 0.20390625 0.07578125
2 0.2828125 0.5078125 0.46875 0.09921875
1 0.1953125 0.61328125 0.29296875 0.0625
1 0.44296875 0.61328125 0.1828125 0.0625
7 0.15234375 0.6828125 0.16796875 0.01953125
6 0.2953125 0.6828125 0.11875 0.01953125
4 0.75078125 0.51796875 0.46875 0.61953125
2 0.5 0.9515625 0.69921875 0.053125
3 0.91015625 0.9125 0.1015625 0.071875