6 0.03515625 0.02578125 0.02734375 0.01796875
6 0.10859375 0.02578125 0.05546875 0.01796875
6 0.8890625 0.02578125 0.0734375 0.0234375
6 0.978125 0.02578125 0.04375 0.0234375
2 0.07109375 0.1015625 0.0984375 0.0625
4 0.0109375 0.1609375 0.021875 0.025
7 0.06328125 0.1609375 0.0828125 0.0171875
7 0.1234375 0.1609375 0.0390625 0.0171875
1 0.4859375 0.1015625 0.53984375 0.046875
1 0.81328125 0.103125 0.078125 0.046875
4 0.84375 0.1015625 0.0171875 0.0234375
1 0.88515625 0.10234375 0.028125 0.0375
6 0.21796875 0.15859375 0.0390625 0.02109375
6 0.27578125 0.15859375 0.0515625 0.02109375
6 0.3390625 0.15859375 0.0515625 0.02109375
6 0.41015625 0.15859375 0.0640625 0.02109375
6 0.46796875 0.15859375 0.0265625 0.02109375
6 0.51875 0.15859375 0.0515625 0.02109375
6 0.57734375 0.15859375 0.0390625 0.02109375
6 0.63515625 0.15859375 0.0515625 0.02109375
6 0.72421875 0.15859375 0.10234375 0.02109375
6 0.825 0.15859375 0.07421875 0.02109375
4 0.98671875 0.09140625 0.0265625 0.03671875
0 0.98125 0.1140625 0.0375 0.0875
7 0.98515625 0.12734375 0.0296875 0.02109375
4 0.99765625 0.23203125 0.0046875 0.0328125
0 0.99765625 0.23203125 0.0046875 0.0328125
4 0.99765625 0.23203125 0.0046875 0.0328125
0 0.99765625 0.23203125 0.0046875 0.0328125
4 0.99765625 0.23203125 0.0046875 0.0328125
0 0.99765625 0.23203125 0.0046875 0.0328125
4 0.99765625 0.23203125 0.0046875 0.0328125
0 0.99765625 0.23203125 0.0046875 0.0328125
4 0.99765625 0.23203125 0.0046875 0.0328125
0 0.99765625 0.23203125 0.0046875 0.0328125
2 0.0390625 0.2296875 0.05859375 0.021875
2 0.1390625 0.234375 0.078125 0.03671875
0 0.1390625 0.23671875 0.078125 0.04140625
2 0.2234375 0.234375 0.078125 0.03671875
0 0.2234375 0.23671875 0.078125 0.04140625
2 0.30859375 0.234375 0.078125 0.03671875
0 0.30859375 0.23671875 0.078125 0.04140625
2 0.39375 0.234375 0.078125 0.03671875
0 0.39375 0.23671875 0.078125 0.04140625
2 0.478125 0.234375 0.078125 0.03671875
0 0.478125 0.23671875 0.078125 0.04140625
2 0.56328125 0.234375 0.078125 0.03671875
0 0.56328125 0.23671875 0.078125 0.04140625
2 0.6484375 0.234375 0.078125 0.03671875
0 0.6484375 0.23671875 0.078125 0.04140625
2 0.73359375 0.234375 0.078125 0.03671875
0 0.73359375 0.23671875 0.078125 0.04140625
2 0.81875 0.234375 0.078125 0.03671875
0 0.81875 0.23671875 0.078125 0.04140625
2 0.903125 0.234375 0.078125 0.03671875
0 0.903125 0.23671875 0.078125 0.04140625
2 0.09765625 0.271875 0.1734375 0.0234375
4 0.096875 0.3140625 0.17890625 0.0296875
4 0.096875 0.35234375 0.17890625 0.0296875
4 0.096875 0.38984375 0.17890625 0.0296875
4 0.096875 0.428125 0.17890625 0.0296875
4 0.096875 0.465625 0.17890625 0.0296875
2 0.09765625 0.50625 0.1734375 0.0234375
2 0.08671875 0.5484375 0.1015625 0.01953125
0 0.09375 0.54921875 0.115625 0.02109375
6 0.1765625 0.5484375 0.025 0.01953125
2 0.06796875 0.58515625 0.06328125 0.01953125
0 0.09375 0.5859375 0.115625 0.02109375
6 0.1765625 0.58515625 0.025 0.01953125
2 0.08046875 0.621875 0.0890625 0.01953125
0 0.09375 0.62265625 0.115625 0.02109375
6 0.1765625 0.621875 0.025 0.01953125
2 0.06171875 0.6578125 0.05078125 0.01953125
0 0.09375 0.65859375 0.115625 0.02109375
6 0.1765625 0.6578125 0.025 0.01953125
2 0.07421875 0.69453125 0.0765625 0.01953125
0 0.09375 0.6953125 0.115625 0.02109375
6 0.1765625 0.69453125 0.025 0.01953125
2 0.06796875 0.73125 0.06328125 0.01953125
0 0.09375 0.73203125 0.115625 0.02109375
6 0.1765625 0.73125 0.025 0.01953125
2 0.06796875 0.7671875 0.06328125 0.01953125
0 0.09375 0.76796875 0.115625 0.02109375
6 0.1765625 0.7671875 0.025 0.01953125
2 0.06796875 0.80390625 0.06328125 0.01953125
0 0.09375 0.8046875 0.115625 0.02109375
6 0.1765625 0.80390625 0.025 0.01953125
2 0.08671875 0.840625 0.1015625 0.01953125
0 0.09375 0.84140625 0.115625 0.02109375
6 0.1765625 0.840625 0.025 0.01953125
2 0.06796875 0.8765625 0.06328125 0.01953125
0 0.09375 0.87734375 0.115625 0.02109375
6 0.1765625 0.8765625 0.025 0.01953125
2 0.06796875 0.91328125 0.06328125 0.01953125
0 0.09375 0.9140625 0.115625 0.02109375
6 0.1765625 0.91328125 0.025 0.01953125
2 0.06796875 0.95 0.06328125 0.01953125
0 0.09375 0.95078125 0.115625 0.02109375
6 0.1765625 0.95 0.025 0.01953125
2 0.06796875 0.9859375 0.06328125 0.01953125
0 0.09375 0.98671875 0.115625 0.02109375
6 0.1765625 0.9859375 0.025 0.01953125
6 0.30703125 0.271875 0.1921875 0.021875
6 0.528125 0.271875 0.19140625 0.021875
6 0.7765625 0.271875 0.240625 0.021875
6 0.9625 0.271875 0.075 0.021875
7 0.253125 0.32265625 0.0953125 0.03671875
7 0.3484375 0.32265625 0.096875 0.03671875
7 0.44375 0.32265625 0.096875 0.03671875
7 0.53984375 0.32265625 0.096875 0.03671875
7 0.634375 0.32265625 0.0953125 0.03671875
4 0.44375 0.5375 0.47578125 0.390625
0 0.44375 0.5375 0.47578125 0.390625
4 0.32421875 0.8734375 0.234375 0.25234375
4 0.56875 0.8734375 0.234375 0.25234375
7 0.72734375 0.32265625 0.0703125 0.03671875
7 0.79765625 0.32265625 0.0703125 0.03671875
7 0.86796875 0.32265625 0.0703125 0.03671875
7 0.93828125 0.32265625 0.0703125 0.03671875
4 0.8328125 0.46640625 0.25859375 0.22109375
0 0.8328125 0.46640625 0.25859375 0.22109375
7 0.72734375 0.62265625 0.0703125 0.03671875
7 0.79765625 0.62265625 0.0703125 0.03671875
7 0.86796875 0.62265625 0.0703125 0.03671875
7 0.93828125 0.62265625 0.0703125 0.03671875
4 0.8328125 0.765625 0.25859375 0.22109375
0 0.8328125 0.765625 0.25859375 0.22109375
4 0.8328125 0.9515625 0.28125 0.09609375
0 0.8328125 0.9515625 0.28125 0.09609375
7 0.98984375 0.32265625 0.0203125 0.03671875
4 0.9953125 0.46640625 0.009375 0.22109375
0 0.9953125 0.46640625 0.009375 0.22109375
7 0.98984375 0.62265625 0.0203125 0.03671875
4 0.9953125 0.765625 0.009375 0.22109375
0 0.9953125 0.765625 0.009375 0.22109375
7 0.98984375 0.921875 0.0203125 0.03671875
4 0.9953125 0.97265625 0.009375 0.0546875
0 0.9953125 0.97265625 0.009375 0.0546875
4 0.9125 0.84375 0.09765625 0.13046875
0 0.9125 0.84375 0.09765625 0.13046875