2 0.08203125 0.02734375 0.140625 0.02890625
7 0.11015625 0.05703125 0.19375 0.021875
4 0.50703125 0.790625 0.4328125 0.41875
4 0.9171875 0.2859375 0.11875 0.28984375
1 0.95 0.0609375 0.08203125 0.0203125
0 0.896875 0.06015625 0.015625 0.02265625
5 0.92578125 0.0609375 0.03359375 0.0203125
2 0.35390625 0.12890625 0.23984375 0.0296875
2 0.38515625 0.19140625 0.30234375 0.03671875
2 0.04375 0.1328125 0.0703125 0.02109375
2 0.0515625 0.47265625 0.0875 0.025
2 0.02265625 0.5625 0.02734375 0.02421875
7 0.50703125 0.284375 0.33203125 0.0453125
7 0.50546875 0.35390625 0.1671875 0.04140625
7 0.5078125 0.428125 0.4015625 0.03671875
7 0.50859375 0.50078125 0.33203125 0.03359375
0 0.10625 0.165625 0.19296875 0.02734375
0 0.10703125 0.1953125 0.19375 0.03125
0 0.10546875 0.22265625 0.19375 0.0296875
0 0.10625 0.25703125 0.19296875 0.03125
0 0.10546875 0.28671875 0.19140625 0.0296875
0 0.10625 0.315625 0.1921875 0.028125
0 0.10625 0.34609375 0.190625 0.03125
0 0.10625 0.3765625 0.1921875 0.0296875
0 0.10625 0.40859375 0.1921875 0.0328125
0 0.06015625 0.50390625 0.1015625 0.0203125
7 0.1015625 0.61171875 0.18984375 0.05859375
0 0.0203125 0.66015625 0.0125 0.02109375
0 0.0203125 0.68984375 0.009375 0.02109375
0 0.07890625 0.71953125 0.03046875 0.02578125
0 0.128125 0.71875 0.04609375 0.028125
5 0.08203125 0.65703125 0.0734375 0.021875
5 0.090625 0.68828125 0.0859375 0.02421875