4 0.44453125 0.5 0.8890625 0.996875
4 0.3015625 0.0796875 0.14296875 0.0859375
4 0.57890625 0.3640625 0.32578125 0.39453125
2 0.59375 0.034375 0.17890625 0.046875
7 0.434375 0.0765625 0.065625 0.0265625
7 0.740625 0.07890625 0.078125 0.0296875
7 0.31953125 0.3609375 0.09609375 0.41796875
7 0.58046875 0.571875 0.0609375 0.01953125
7 0.61875 0.6015625 0.084375 0.015625
6 0.328125 0.64296875 0.03046875 0.021875
6 0.3671875 0.64375 0.040625 0.02421875
6 0.41484375 0.64296875 0.04609375 0.025
6 0.4609375 0.64296875 0.0375 0.01953125
6 0.51015625 0.64453125 0.05078125 0.01640625
6 0.553125 0.64453125 0.02734375 0.015625
6 0.58125 0.64375 0.02421875 0.01796875
6 0.61484375 0.64453125 0.03671875 0.015625
6 0.65390625 0.64453125 0.03671875 0.01640625
6 0.68828125 0.6453125 0.02421875 0.01484375
6 0.725 0.6453125 0.04296875 0.0140625
6 0.7640625 0.6453125 0.03046875 0.01484375
0 0.3546875 0.68359375 0.0625 0.02421875
0 0.4125 0.68203125 0.0484375 0.02421875
0 0.4671875 0.68359375 0.0578125 0.02109375
0 0.5359375 0.6828125 0.07734375 0.0234375
0 0.62421875 0.68203125 0.096875 0.02421875