4 0.51015625 0.4390625 0.46171875 0.29140625
4 0.0890625 0.07734375 0.0921875 0.128125
4 0.91953125 0.07734375 0.0921875 0.13671875
4 0.82890625 0.78359375 0.0640625 0.11015625
4 0.1640625 0.359375 0.07578125 0.1015625
2 0.503125 0.2390625 0.45234375 0.0421875
6 0.16171875 0.56171875 0.04609375 0.02265625
7 0.340625 0.81796875 0.23671875 0.36328125
7 0.6109375 0.753125 0.27890625 0.23125
7 0.609375 0.940625 0.278125 0.11875
4 0.81875 0.50078125 0.1109375 0.15234375
0 0.30703125 0.1828125 0.0421875 0.02734375
0 0.35 0.1859375 0.0390625 0.03046875
0 0.40234375 0.18671875 0.05546875 0.028125
0 0.4640625 0.184375 0.06015625 0.02421875
0 0.5328125 0.18359375 0.071875 0.025
0 0.621875 0.18359375 0.09765625 0.0234375
0 0.69453125 0.1859375 0.04140625 0.021875