4 0.03125 0.040625 0.0234375 0.01953125
0 0.03203125 0.040625 0.06328125 0.053125
7 0.15546875 0.03671875 0.07890625 0.04921875
0 0.1390625 0.03828125 0.1515625 0.053125
4 0.5 0.0375 0.146875 0.03515625
0 0.5 0.040625 0.146875 0.04296875
0 0.8234375 0.03984375 0.09765625 0.0453125
4 0.9078125 0.03984375 0.03125 0.040625
0 0.9078125 0.040625 0.053125 0.08125
4 0.9609375 0.040625 0.03125 0.040625
0 0.9609375 0.040625 0.053125 0.08125
0 0.5 0.13359375 0.98046875 0.071875
2 0.49921875 0.246875 0.434375 0.0765625
4 0.4984375 0.6265625 0.8015625 0.6015625
0 0.4984375 0.63046875 0.8015625 0.609375
2 0.4921875 0.978125 0.75 0.04296875
4 0.95859375 0.40703125 0.0828125 0.1390625
0 0.95859375 0.5078125 0.0828125 0.340625
2 0.9609375 0.74140625 0.078125 0.0265625
2 0.96640625 0.8109375 0.0671875 0.0625
2 0.96640625 0.94921875 0.0671875 0.09375