4 0.13203125 0.03359375 0.1765625 0.046875
7 0.89140625 0.04140625 0.090625 0.0234375
0 0.88046875 0.04140625 0.1515625 0.05234375
7 0.22578125 0.1046875 0.11875 0.0296875
7 0.559375 0.1046875 0.5484375 0.0296875
7 0.2078125 0.2640625 0.24609375 0.09375
7 0.20859375 0.3890625 0.2453125 0.1484375
7 0.0734375 0.52890625 0.0625 0.1171875
7 0.2390625 0.48984375 0.2703125 0.04921875
7 0.2078125 0.5484375 0.25 0.08828125
7 0.20859375 0.65078125 0.34453125 0.0703125
7 0.20859375 0.746875 0.28828125 0.04296875
0 0.20859375 0.7609375 0.3484375 0.10546875
7 0.20859375 0.78515625 0.29765625 0.02890625
3 0.7078125 0.384375 0.515625 0.38671875
4 0.50703125 0.225 0.07421875 0.0296875
7 0.0984375 0.8640625 0.12890625 0.0296875
4 0.1671875 0.940625 0.265625 0.11875
7 0.66640625 0.928125 0.4578125 0.046875
7 0.46171875 0.9703125 0.07734375 0.03671875
7 0.53828125 0.9703125 0.078125 0.03671875
7 0.67890625 0.97578125 0.4640625 0.0484375
4 0.91953125 0.97421875 0.1609375 0.0484375