4 0.5 0.0328125 0.4765625 0.0390625
0 0.5 0.0328125 0.4765625 0.06484375
4 0.5 0.0328125 0.4765625 0.0390625
4 0.7796875 0.0328125 0.0328125 0.04453125
0 0.8015625 0.0328125 0.07734375 0.06484375
6 0.81953125 0.0328125 0.040625 0.03671875
0 0.915625 0.0328125 0.12109375 0.04140625
6 0.04765625 0.09140625 0.04765625 0.02109375
6 0.12890625 0.09140625 0.0625 0.02109375
6 0.225 0.09140625 0.07890625 0.02109375
6 0.34375 0.09140625 0.10546875 0.02109375
6 0.46953125 0.09140625 0.09453125 0.02109375
6 0.5796875 0.09140625 0.0765625 0.02109375
6 0.6765625 0.09140625 0.0640625 0.02109375
6 0.790625 0.09140625 0.11328125 0.02109375
6 0.925 0.09140625 0.10234375 0.02109375
4 0.16875 0.25703125 0.290625 0.2171875
6 0.6578125 0.18828125 0.63671875 0.01953125
2 0.6578125 0.24296875 0.63671875 0.071875
7 0.6578125 0.31328125 0.6359375 0.05078125
7 0.07578125 0.4203125 0.1515625 0.015625
7 0.934375 0.4203125 0.065625 0.02109375
0 0.9390625 0.4203125 0.075 0.02109375
3 0.49921875 0.63515625 0.9484375 0.32578125
4 0.3375 0.909375 0.62890625 0.18125
0 0.3390625 0.909375 0.63125 0.18125
4 0.821875 0.909375 0.30546875 0.18125
0 0.82265625 0.909375 0.3078125 0.18125
6 0.82265625 0.95234375 0.2609375 0.0171875
0 0.82265625 0.95234375 0.2609375 0.0171875
2 0.82265625 0.98203125 0.2609375 0.0359375
0 0.82265625 0.98203125 0.2609375 0.0359375