4 0.08671875 0.0640625 0.1734375 0.09765625
0 0.08671875 0.06640625 0.1734375 0.1015625
4 0.234375 0.06484375 0.05859375 0.0390625
4 0.32421875 0.06484375 0.05859375 0.0390625
1 0.48125 0.06328125 0.20703125 0.0375
1 0.6015625 0.0625 0.025 0.03359375
4 0.8140625 0.06484375 0.059375 0.0390625
4 0.88984375 0.06484375 0.059375 0.0390625
2 0.153125 0.1796875 0.29609375 0.05703125
2 0.43984375 0.1796875 0.278125 0.05703125
2 0.253125 0.22890625 0.496875 0.05703125
2 0.0546875 0.2953125 0.1 0.02578125
6 0.53828125 0.2953125 0.121875 0.02109375
0 0.0375 0.3296875 0.065625 0.02578125
0 0.10546875 0.3296875 0.05859375 0.02578125
0 0.1640625 0.3296875 0.0484375 0.02578125
0 0.22734375 0.3296875 0.06640625 0.02578125
0 0.3 0.3296875 0.06953125 0.02578125
0 0.38125 0.3296875 0.0796875 0.02578125
0 0.46171875 0.3296875 0.0703125 0.02578125
0 0.5328125 0.3296875 0.0609375 0.02578125
0 0.1046875 0.36328125 0.2 0.02578125
0 0.246875 0.36328125 0.07109375 0.02578125
0 0.32109375 0.36328125 0.06640625 0.02578125
0 0.38125 0.36328125 0.04296875 0.02578125
0 0.4390625 0.36328125 0.0625 0.02578125
0 0.50625 0.36328125 0.059375 0.02578125
0 0.565625 0.36328125 0.0484375 0.02578125
0 0.028125 0.396875 0.046875 0.02578125
0 0.0828125 0.396875 0.05078125 0.02578125
0 0.1359375 0.396875 0.04609375 0.02578125
0 0.18671875 0.396875 0.04375 0.02578125
0 0.2359375 0.396875 0.0421875 0.02578125
0 0.3109375 0.396875 0.0953125 0.02578125
0 0.3859375 0.396875 0.04375 0.02578125
0 0.45 0.396875 0.07109375 0.02578125
0 0.5265625 0.396875 0.0734375 0.02578125
0 0.03828125 0.43125 0.06640625 0.02578125
0 0.10078125 0.43125 0.046875 0.02578125
0 0.16328125 0.43125 0.06875 0.02578125
0 0.2234375 0.43125 0.040625 0.02578125
0 0.27109375 0.43125 0.04375 0.02578125
0 0.3328125 0.43125 0.06875 0.02578125
0 0.39921875 0.43125 0.053125 0.02578125
0 0.45390625 0.43125 0.046875 0.02578125
0 0.51875 0.43125 0.07109375 0.02578125
0 0.0328125 0.46484375 0.05625 0.02578125
0 0.10234375 0.46484375 0.06953125 0.02578125
2 0.0609375 0.51953125 0.1109375 0.02578125
6 0.5359375 0.51953125 0.128125 0.02109375
0 0.04765625 0.553125 0.08515625 0.02578125
0 0.11484375 0.553125 0.03828125 0.02578125
0 0.16484375 0.553125 0.05 0.02578125
0 0.225 0.553125 0.05859375 0.02578125
0 0.2828125 0.553125 0.04765625 0.02578125
0 0.35234375 0.553125 0.0796875 0.02578125
0 0.4328125 0.553125 0.06953125 0.02578125
0 0.5140625 0.553125 0.0796875 0.02578125
0 0.03984375 0.5875 0.06953125 0.02578125
0 0.11015625 0.5875 0.0609375 0.02578125
0 0.1765625 0.5875 0.0609375 0.02578125
0 0.2453125 0.5875 0.0640625 0.02578125
0 0.31015625 0.5875 0.05546875 0.02578125
0 0.36328125 0.5875 0.0390625 0.02578125
0 0.4109375 0.5875 0.04375 0.02578125
0 0.46171875 0.5875 0.04765625 0.02578125
0 0.5265625 0.5875 0.07109375 0.02578125
0 0.0265625 0.62109375 0.04296875 0.02578125
0 0.08359375 0.62109375 0.059375 0.02578125
0 0.14609375 0.62109375 0.05546875 0.02578125
0 0.21171875 0.62109375 0.0640625 0.02578125
0 0.2671875 0.62109375 0.0375 0.02578125
0 0.3171875 0.62109375 0.05078125 0.02578125
0 0.3703125 0.62109375 0.04296875 0.02578125
0 0.4203125 0.62109375 0.0453125 0.02578125
0 0.48125 0.62109375 0.0671875 0.02578125
0 0.5515625 0.62109375 0.06171875 0.02578125
0 0.028125 0.6546875 0.04609375 0.02578125
0 0.07734375 0.6546875 0.040625 0.02578125
0 0.12109375 0.6546875 0.0375 0.02578125
0 0.16796875 0.6546875 0.0453125 0.02578125
0 0.2296875 0.6546875 0.06640625 0.02578125
0 0.290625 0.6546875 0.04609375 0.02578125
0 0.35390625 0.6546875 0.06953125 0.02578125
0 0.44375 0.6546875 0.09765625 0.02578125
4 0.3078125 0.846875 0.60546875 0.30625
2 0.7765625 0.16953125 0.3296875 0.02578125
4 0.75859375 0.2875 0.2953125 0.19921875
4 0.634375 0.43125 0.03125 0.04296875
4 0.6859375 0.43125 0.03125 0.04296875
4 0.7359375 0.43125 0.03125 0.04296875
4 0.7875 0.43125 0.03125 0.04296875
4 0.8375 0.43125 0.03125 0.04296875
2 0.7765625 0.4984375 0.3296875 0.025
0 0.68359375 0.5421875 0.14453125 0.04296875
0 0.68359375 0.584375 0.14453125 0.04296875
0 0.68359375 0.62578125 0.14453125 0.04296875
0 0.68359375 0.6671875 0.14453125 0.04296875
0 0.68359375 0.709375 0.14453125 0.04296875
0 0.68359375 0.75078125 0.14453125 0.04296875
0 0.68359375 0.79140625 0.14453125 0.04140625
0 0.828125 0.5421875 0.14453125 0.04296875
0 0.828125 0.584375 0.14453125 0.04296875
0 0.828125 0.62578125 0.14453125 0.04296875
0 0.828125 0.6671875 0.14453125 0.04296875
0 0.828125 0.709375 0.14453125 0.04296875
0 0.828125 0.75078125 0.14453125 0.04296875
0 0.828125 0.79140625 0.14453125 0.04140625
2 0.7765625 0.7015625 0.3296875 0.33359375
6 0.64609375 0.8984375 0.06953125 0.02109375
6 0.640625 0.95703125 0.05859375 0.02109375
6 0.67578125 0.99375 0.12890625 0.01171875