0 0.1640625 0.0703125 0.1328125 0.06015625
6 0.7859375 0.0796875 0.04609375 0.02109375
6 0.87734375 0.0796875 0.0515625 0.02109375
2 0.5 0.2515625 0.98046875 0.07265625
2 0.5 0.3140625 1 0.05234375
2 0.4390625 0.68125 0.08203125 0.01953125
2 0.540625 0.68125 0.121875 0.01953125
7 0.49921875 0.77109375 0.2921875 0.02578125
7 0.50078125 0.79921875 0.653125 0.02578125
1 0.45234375 0.89453125 0.2953125 0.05703125
0 0.65703125 0.89453125 0.07734375 0.05703125
7 0.48359375 0.9703125 0.2765625 0.02109375
6 0.6359375 0.9703125 0.03046875 0.02109375
7 0.6515625 0.9703125 0.0046875 0.02109375