4 0.08359375 0.04140625 0.1359375 0.04140625
0 0.08359375 0.04140625 0.1359375 0.04140625
6 0.215625 0.04140625 0.075 0.0828125
6 0.3015625 0.04140625 0.05625 0.0828125
6 0.3765625 0.04140625 0.05625 0.0828125
6 0.44609375 0.04140625 0.0421875 0.0828125
6 0.5328125 0.04140625 0.09375 0.0828125
6 0.61484375 0.04140625 0.0296875 0.0828125
6 0.67421875 0.04140625 0.0484375 0.0828125
1 0.7671875 0.04140625 0.046875 0.046875
0 0.86015625 0.04140625 0.10625 0.046875
0 0.95625 0.04140625 0.05546875 0.046875
0 0.715625 0.115625 0.1359375 0.046875
0 0.8875 0.115625 0.178125 0.046875
7 0.459375 0.175 0.571875 0.021875
0 0.5 0.17578125 1 0.05703125
6 0.78828125 0.175 0.078125 0.021875
2 0.24296875 0.3265625 0.36796875 0.15078125
7 0.24296875 0.47265625 0.36796875 0.109375
0 0.14765625 0.603125 0.178125 0.05703125
4 0.68359375 0.43046875 0.3890625 0.2484375
7 0.68359375 0.53828125 0.3890625 0.05078125
7 0.45 0.428125 0.0359375 0.046875
7 0.9171875 0.428125 0.0359375 0.046875
4 0.5 0.71484375 0.84375 0.00546875
4 0.375 0.71484375 0.25 0.00546875
4 0.625 0.71484375 0.25 0.00546875
4 0.875 0.71484375 0.25 0.00546875
2 0.5 0.8109375 0.84375 0.09375
7 0.5 0.9046875 0.84375 0.0609375
6 0.1390625 0.940625 0.16015625 0.0609375
7 0.15 0.9734375 0.18359375 0.053125
2 0.3859375 0.7953125 0.2 0.0625
6 0.34453125 0.8734375 0.1171875 0.0609375
7 0.3859375 0.9390625 0.2 0.12109375
2 0.6140625 0.7953125 0.2 0.0625
7 0.60859375 0.89140625 0.190625 0.09765625
6 0.57265625 0.9640625 0.11796875 0.025
7 0.60859375 0.97578125 0.190625 0.0484375
2 0.84140625 0.8109375 0.2 0.09375
7 0.83671875 0.9046875 0.19140625 0.0609375
6 0.840625 0.940625 0.1984375 0.0609375
7 0.82578125 0.9734375 0.16875 0.053125