6 0.74296875 0.0921875 0.04609375 0.02578125
7 0.775 0.08984375 0.0046875 0.02578125
6 0.79765625 0.0921875 0.0328125 0.02578125
0 0.86484375 0.08984375 0.10234375 0.02578125
7 0.921875 0.08984375 0.00390625 0.02578125
4 0.934375 0.08828125 0.0125 0.015625
0 0.959375 0.08984375 0.0625 0.02578125
7 0.9640625 0.08828125 0.04296875 0.01796875
7 0.9875 0.0984375 0.00625 0.02734375
4 0.078125 0.1421875 0.1265625 0.0640625
0 0.078125 0.14296875 0.15625 0.10390625
7 0.1890625 0.14296875 0.065625 0.10390625
7 0.2546875 0.14296875 0.0671875 0.10390625
7 0.325 0.14296875 0.075 0.10390625
7 0.4 0.14296875 0.07734375 0.10390625
0 0.48515625 0.14140625 0.09453125 0.1
0 0.55859375 0.14140625 0.0546875 0.1
0 0.771875 0.14140625 0.05 0.1
0 0.825 0.14140625 0.05859375 0.1
0 0.9265625 0.14296875 0.1328125 0.04453125
7 0.453125 0.0328125 0.671875 0.02109375
0 0.83515625 0.0328125 0.09453125 0.03125
2 0.2578125 0.32421875 0.484375 0.14296875
7 0.25 0.5046875 0.46875 0.1421875
0 0.10078125 0.69453125 0.1703125 0.07421875
4 0.7421875 0.503125 0.37109375 0.4703125
2 0.2734375 0.9578125 0.390625 0.084375
0 0.62421875 0.978125 0.1703125 0.04296875
0 0.825 0.978125 0.1703125 0.04296875