4 0.096875 0.03046875 0.13203125 0.02734375
6 0.46640625 0.02734375 0.04765625 0.02109375
6 0.5171875 0.02734375 0.0265625 0.02109375
6 0.5796875 0.02734375 0.07109375 0.02109375
7 0.66875 0.02734375 0.05 0.02109375
7 0.7640625 0.02734375 0.046875 0.02109375
0 0.728125 0.06328125 0.02734375 0.025
6 0.78984375 0.0609375 0.028125 0.02109375
7 0.121875 0.0671875 0.06875 0.040625
0 0.121875 0.0640625 0.09765625 0.046875
7 0.2203125 0.0671875 0.07109375 0.040625
0 0.2203125 0.0640625 0.10078125 0.046875
7 0.3234375 0.0671875 0.078125 0.040625
0 0.3234375 0.0640625 0.1078125 0.046875
7 0.41015625 0.0671875 0.0390625 0.040625
0 0.41015625 0.0640625 0.06875 0.046875
7 0.49140625 0.0671875 0.06640625 0.040625
0 0.49140625 0.0640625 0.0953125 0.046875
7 0.5859375 0.0671875 0.06640625 0.040625
0 0.5859375 0.0640625 0.0953125 0.046875
7 0.88125 0.0375 0.1078125 0.0234375
0 0.89296875 0.0375 0.1515625 0.0484375
0 0.040625 0.12421875 0.01875 0.025
0 0.07890625 0.1234375 0.01875 0.025
0 0.12421875 0.1234375 0.0328125 0.025
0 0.18515625 0.1234375 0.05 0.025
0 0.240625 0.1234375 0.0234375 0.025
0 0.290625 0.1234375 0.0390625 0.025
0 0.3390625 0.1234375 0.0171875 0.025
0 0.39765625 0.1234375 0.06171875 0.025
7 0.0546875 0.171875 0.02734375 0.02109375
0 0.109375 0.19765625 0.15625 0.0859375
7 0.14921875 0.171875 0.0578125 0.02109375
7 0.10859375 0.19765625 0.0453125 0.02109375
7 0.1578125 0.19765625 0.03984375 0.02109375
7 0.084375 0.22421875 0.08671875 0.01796875
7 0.2359375 0.171875 0.05 0.02109375
0 0.2796875 0.19765625 0.15625 0.0859375
7 0.32265625 0.171875 0.05 0.02109375
7 0.284375 0.19765625 0.040625 0.02109375
7 0.3296875 0.19765625 0.0359375 0.02109375
7 0.2546875 0.22421875 0.08671875 0.01796875
7 0.4078125 0.171875 0.05390625 0.02109375
0 0.44921875 0.19765625 0.15625 0.0859375
7 0.49375 0.171875 0.04765625 0.02109375
7 0.45 0.19765625 0.040625 0.02109375
7 0.49765625 0.19765625 0.03984375 0.02109375
7 0.42421875 0.22421875 0.08671875 0.01796875
7 0.5796875 0.171875 0.05859375 0.02109375
0 0.61875 0.19765625 0.15625 0.0859375
7 0.66484375 0.171875 0.0453125 0.02109375
7 0.621875 0.19765625 0.0328125 0.02109375
7 0.66640625 0.19765625 0.0421875 0.02109375
7 0.59609375 0.22421875 0.090625 0.01796875
7 0.73125 0.171875 0.021875 0.02109375
0 0.7890625 0.19765625 0.15625 0.0859375
7 0.8421875 0.171875 0.03125 0.02109375
7 0.7984375 0.19765625 0.0296875 0.02109375
7 0.8390625 0.19765625 0.0375 0.02109375
7 0.7640625 0.22421875 0.08671875 0.01796875
7 0.9265625 0.2203125 0.08671875 0.04140625
0 0.30546875 0.2734375 0.5484375 0.02578125
7 0.5 0.32578125 1 0.0390625
7 0.0734375 0.3671875 0.084375 0.02578125
6 0.196875 0.3671875 0.12578125 0.02890625
6 0.36875 0.3671875 0.121875 0.02890625
6 0.53828125 0.3671875 0.1203125 0.02890625
6 0.71953125 0.3671875 0.14765625 0.02890625
6 0.8875 0.3671875 0.09296875 0.02890625
6 0.99140625 0.3671875 0.0171875 0.02890625
4 0.23046875 0.61953125 0.4 0.40625
0 0.23046875 0.68046875 0.4 0.52734375
2 0.21015625 0.7203125 0.31328125 0.140625
6 0.23046875 0.84375 0.353125 0.046875
6 0.228125 0.9078125 0.35 0.02578125
4 0.55078125 0.4859375 0.1859375 0.1390625
0 0.55078125 0.57421875 0.1859375 0.31484375
6 0.55 0.63125 0.184375 0.12890625
4 0.55078125 0.8015625 0.1859375 0.1390625
0 0.55078125 0.865625 0.1859375 0.26796875
6 0.55 0.93359375 0.184375 0.10390625
2 0.7390625 0.45078125 0.1265625 0.02578125
4 0.6796875 0.5 0.0078125 0.01015625
7 0.72734375 0.50078125 0.071875 0.0171875
6 0.81171875 0.55390625 0.240625 0.0765625
4 0.6796875 0.62734375 0.0078125 0.01015625
7 0.728125 0.628125 0.07421875 0.0171875
6 0.81328125 0.68125 0.24296875 0.0765625
4 0.6796875 0.75546875 0.0078125 0.01015625
7 0.728125 0.75625 0.07421875 0.0171875
4 0.70859375 0.7859375 0.034375 0.01953125
6 0.82109375 0.7984375 0.259375 0.0546875
4 0.6796875 0.86015625 0.0078125 0.01171875
7 0.728125 0.8609375 0.07421875 0.01796875
6 0.821875 0.9140625 0.26171875 0.078125
4 0.6796875 0.9875 0.0078125 0.01171875
7 0.7296875 0.98828125 0.0765625 0.01796875
4 0.81875 0.93359375 0.2859375 0.0078125