3 0.5 0.06640625 1 0.1328125
6 0.08125 0.17265625 0.084375 0.01953125
6 0.17265625 0.17265625 0.0578125 0.01953125
6 0.2921875 0.17265625 0.14140625 0.01953125
6 0.47890625 0.17265625 0.190625 0.01953125
6 0.65546875 0.17265625 0.121875 0.01953125
4 0.0734375 0.275 0.078125 0.0765625
0 0.0734375 0.275 0.078125 0.0765625
7 0.1703125 0.275 0.05625 0.025
0 0.1703125 0.275 0.0765625 0.0640625
7 0.23359375 0.275 0.03203125 0.021875
4 0.2546875 0.27890625 0.0046875 0.01328125
0 0.240625 0.275 0.065625 0.06484375
7 0.3109375 0.275 0.05546875 0.021875
4 0.34296875 0.27890625 0.0046875 0.01328125
0 0.31796875 0.275 0.0890625 0.06484375
7 0.38984375 0.275 0.0359375 0.021875
4 0.4125 0.27890625 0.0046875 0.01328125
0 0.396875 0.275 0.06953125 0.06484375
7 0.45859375 0.275 0.034375 0.021875
7 0.484375 0.275 0.0171875 0.021875
4 0.49765625 0.27890625 0.0046875 0.01328125
0 0.47421875 0.275 0.08515625 0.06484375
7 0.553125 0.275 0.05390625 0.021875
4 0.584375 0.27890625 0.0046875 0.01328125
0 0.56015625 0.275 0.08671875 0.06484375
7 0.63828125 0.275 0.05 0.021875
4 0.6671875 0.27890625 0.0046875 0.01328125
0 0.6453125 0.275 0.0828125 0.06484375
7 0.7125 0.275 0.0328125 0.021875
4 0.73359375 0.27890625 0.0046875 0.01328125
0 0.71953125 0.275 0.06640625 0.06484375
7 0.7828125 0.275 0.03984375 0.021875
4 0.80703125 0.27890625 0.0046875 0.01328125
0 0.78984375 0.275 0.0734375 0.06484375
7 0.84453125 0.275 0.01640625 0.025
0 0.84453125 0.275 0.0359375 0.0640625
4 0.8796875 0.275 0.01484375 0.02109375
4 0.91875 0.275 0.01484375 0.02109375
7 0.96875 0.33828125 0.03515625 0.14609375
0 0.96875 0.275 0.05625 0.04296875
0 0.25 0.53046875 0.5 0.6390625
4 0.25 0.53046875 0.5 0.6390625
2 0.240625 0.5375 0.36328125 0.30078125
7 0.25 0.7359375 0.3828125 0.05625
7 0.06875 0.79609375 0.01953125 0.01953125
6 0.14140625 0.79609375 0.11640625 0.01953125
0 0.625 0.53046875 0.25 0.6390625
4 0.625 0.53046875 0.25 0.6390625
2 0.6171875 0.6859375 0.17578125 0.146875
7 0.5390625 0.79609375 0.01953125 0.01953125
6 0.5921875 0.79609375 0.07734375 0.01953125
0 0.875 0.53046875 0.25 0.6390625
4 0.875 0.53046875 0.25 0.6390625
2 0.85625 0.70390625 0.1546875 0.1109375
7 0.7890625 0.79609375 0.01953125 0.01953125
6 0.84921875 0.79609375 0.090625 0.01953125
2 0.08984375 0.90703125 0.1390625 0.0375
2 0.603125 0.90703125 0.1734375 0.0375
0 0.72734375 0.90703125 0.04609375 0.025
0 0.25859375 0.98125 0.4765625 0.0375
4 0.25859375 0.98125 0.4765625 0.0375
7 0.5484375 0.978125 0.06328125 0.01953125
2 0.740625 0.98125 0.28125 0.0375
4 0.9609375 0.98125 0.0625 0.0375
0 0.9609375 0.98125 0.0625 0.0375