3 0.5 0.09375 0.946875 0.1171875
0 0.09296875 0.22109375 0.01875 0.015625
0 0.128125 0.22109375 0.0359375 0.015625
0 0.1765625 0.22109375 0.0453125 0.015625
0 0.23515625 0.22109375 0.05546875 0.015625
0 0.29453125 0.22109375 0.04765625 0.015625
0 0.346875 0.22109375 0.040625 0.015625
0 0.4203125 0.22109375 0.08984375 0.015625
0 0.48828125 0.22109375 0.03125 0.015625
0 0.53046875 0.22109375 0.0375 0.015625
0 0.57734375 0.22109375 0.0421875 0.015625
0 0.628125 0.22109375 0.04296875 0.015625
4 0.6859375 0.221875 0.00703125 0.009375
0 0.71640625 0.221875 0.0671875 0.025
7 0.7234375 0.221875 0.05390625 0.025
7 0.79296875 0.221875 0.0390625 0.01953125
0 0.8015625 0.221875 0.05625 0.01953125
4 0.9125 0.2203125 0.0234375 0.0328125
0 0.9125 0.225 0.0234375 0.04140625
2 0.06328125 0.2859375 0.10625 0.025
0 0.09453125 0.28671875 0.1703125 0.0234375
2 0.13828125 0.2859375 0.04375 0.025
2 0.190625 0.2859375 0.02265625 0.025
0 0.20078125 0.28671875 0.0421875 0.0234375
2 0.2984375 0.2859375 0.1546875 0.025
0 0.30859375 0.28671875 0.1734375 0.0234375
2 0.4625 0.2859375 0.13359375 0.025
0 0.471875 0.28671875 0.153125 0.0234375
2 0.58671875 0.2859375 0.0765625 0.025
0 0.671875 0.28671875 0.24609375 0.0234375
2 0.7 0.2859375 0.15 0.025
2 0.8453125 0.2859375 0.1015625 0.025
0 0.85546875 0.28671875 0.12109375 0.0234375
2 0.94921875 0.2859375 0.06640625 0.025
0 0.9578125 0.28671875 0.084375 0.0234375
2 0.18125 0.415625 0.34296875 0.203125
0 0.18125 0.50078125 0.34296875 0.025
4 0.18125 0.65859375 0.34296875 0.2578125
0 0.18125 0.65859375 0.34296875 0.2578125
2 0.16875 0.834375 0.3171875 0.08359375
0 0.18125 0.83515625 0.34296875 0.0796875
0 0.05859375 0.89296875 0.09765625 0.02578125
7 0.11328125 0.89296875 0.01171875 0.02578125
0 0.17734375 0.89296875 0.11640625 0.02578125
7 0.24140625 0.89296875 0.01171875 0.02578125
0 0.271875 0.89296875 0.0484375 0.02578125
7 0.3 0.89296875 0.0078125 0.02578125
0 0.034375 0.91796875 0.05 0.02578125
2 0.171875 0.978125 0.32421875 0.04296875
0 0.18125 0.97890625 0.34296875 0.04140625
4 0.521875 0.4265625 0.30078125 0.225
0 0.521875 0.4265625 0.30078125 0.225
7 0.4109375 0.51328125 0.07890625 0.05234375
2 0.51640625 0.56328125 0.290625 0.0375
0 0.521875 0.56328125 0.30078125 0.0328125
2 0.51484375 0.61015625 0.2875 0.02734375
0 0.521875 0.6109375 0.30078125 0.02578125
2 0.509375 0.6546875 0.27734375 0.02734375
0 0.521875 0.6546875 0.30078125 0.02578125
2 0.50625 0.7109375 0.26953125 0.05234375
0 0.521875 0.71171875 0.30078125 0.05078125
2 0.5015625 0.7671875 0.26171875 0.02734375
0 0.521875 0.76796875 0.30078125 0.02578125
2 0.51796875 0.82421875 0.29375 0.05234375
0 0.521875 0.825 0.30078125 0.05078125
2 0.5140625 0.89296875 0.2859375 0.05234375
0 0.521875 0.89375 0.30078125 0.05078125
2 0.51328125 0.95 0.284375 0.02734375
0 0.521875 0.95078125 0.30078125 0.02578125
2 0.49609375 0.98984375 0.2515625 0.0203125
0 0.521875 0.990625 0.30078125 0.01796875
4 0.840625 0.4265625 0.30078125 0.225
0 0.840625 0.4265625 0.3 0.225
2 0.8390625 0.61015625 0.29765625 0.13125
0 0.840625 0.61015625 0.30078125 0.1265625
2 0.8171875 0.71640625 0.253125 0.05234375
0 0.840625 0.7171875 0.30078125 0.05078125
2 0.8015625 0.77265625 0.22265625 0.02734375
0 0.840625 0.7734375 0.30078125 0.02578125
2 0.82109375 0.8296875 0.2609375 0.05234375
0 0.840625 0.8296875 0.30078125 0.05078125
2 0.83125 0.8984375 0.28125 0.05234375
0 0.840625 0.89921875 0.30078125 0.05078125
2 0.8234375 0.9671875 0.26640625 0.05234375
0 0.840625 0.96796875 0.30078125 0.05078125
3 0.5 0.5 1 1
3 0.5 0.5 1 1