2 0.15546875 0.1171875 0.21796875 0.03671875
0 0.1921875 0.36328125 0.321875 0.5703125
4 0.1921875 0.3296875 0.2578125 0.34375
6 0.16015625 0.534375 0.2265625 0.021875
7 0.184375 0.58125 0.27421875 0.115625
6 0.23984375 0.68125 0.18046875 0.021875
0 0.23984375 0.68125 0.21171875 0.0484375
2 0.53203125 0.1171875 0.2 0.03671875
0 0.57734375 0.36328125 0.321875 0.5703125
4 0.57734375 0.3296875 0.2578125 0.34375
6 0.54921875 0.534375 0.23515625 0.021875
7 0.5734375 0.56953125 0.2828125 0.0921875
6 0.6265625 0.68125 0.1765625 0.021875
0 0.6265625 0.68125 0.2078125 0.0484375
2 0.1578125 0.8375 0.22265625 0.0375
0 0.1921875 0.89921875 0.321875 0.2015625
4 0.19140625 0.93828125 0.2578125 0.1234375