4 0.0328125 0.0296875 0.02421875 0.0328125
7 0.39921875 0.02890625 0.69140625 0.0234375
0 0.94609375 0.0296875 0.06640625 0.03515625
7 0.153125 0.0921875 0.1546875 0.03515625
0 0.14375 0.0921875 0.2046875 0.06484375
0 0.27421875 0.0921875 0.0578125 0.06484375
0 0.3421875 0.0921875 0.0796875 0.06484375
0 0.4078125 0.0921875 0.0546875 0.06484375
0 0.4578125 0.0921875 0.046875 0.06484375
0 0.528125 0.0921875 0.0953125 0.06484375
0 0.60234375 0.0921875 0.05390625 0.06484375
4 0.8203125 0.0921875 0.015625 0.02109375
0 0.8203125 0.0921875 0.03515625 0.06484375
4 0.865625 0.0921875 0.015625 0.02109375
0 0.9078125 0.0921875 0.13125 0.06484375
7 0.91796875 0.0921875 0.071875 0.02734375
7 0.26875 0.1515625 0.0515625 0.02734375
7 0.3078125 0.1515625 0.0265625 0.02734375
7 0.5390625 0.1515625 0.4359375 0.02734375
2 0.184375 0.290625 0.26484375 0.08359375
2 0.184375 0.35859375 0.2875 0.06875
7 0.08359375 0.4203125 0.03203125 0.0296875
7 0.103125 0.4203125 0.009375 0.0296875
7 0.20390625 0.43515625 0.19375 0.06015625
4 0.08046875 0.5296875 0.01875 0.025
0 0.1015625 0.5375 0.12109375 0.08203125
7 0.115625 0.525 0.0328125 0.0296875
7 0.1015625 0.5609375 0.12109375 0.021875
4 0.2015625 0.5296875 0.01875 0.025
0 0.2234375 0.5375 0.12109375 0.08203125
7 0.2375 0.525 0.03515625 0.0296875
7 0.2234375 0.5609375 0.12109375 0.021875
4 0.30625 0.5375 0.0234375 0.05625
6 0.1296875 0.6171875 0.08671875 0.0234375
7 0.18671875 0.6171875 0.0296875 0.0234375
6 0.24140625 0.6171875 0.08203125 0.0234375
7 0.184375 0.6671875 0.175 0.021875
6 0.1828125 0.6890625 0.15 0.021875
7 0.25859375 0.6890625 0.00390625 0.021875
4 0.14453125 0.97265625 0.046875 0.0546875
0 0.1453125 0.96015625 0.2078125 0.0796875
4 0.38203125 0.97265625 0.046875 0.0546875
0 0.38125 0.96015625 0.2078125 0.0796875
4 0.61796875 0.97265625 0.046875 0.0546875
0 0.61875 0.96015625 0.2078125 0.0796875
4 0.85546875 0.97265625 0.046875 0.0546875
0 0.8546875 0.96015625 0.2078125 0.0796875