0 0.0453125 0.02421875 0.05078125 0.04296875
0 0.090625 0.02265625 0.03984375 0.04296875
0 0.13203125 0.02265625 0.0390625 0.04296875
0 0.17265625 0.02265625 0.0390625 0.04296875
0 0.2140625 0.02265625 0.0390625 0.04296875
0 0.6203125 0.02265625 0.065625 0.04296875
0 0.69609375 0.02265625 0.0828125 0.04296875
0 0.7703125 0.02265625 0.06328125 0.04296875
0 0.8375 0.02265625 0.06953125 0.04296875
0 0.9265625 0.02265625 0.10625 0.04296875
2 0.13828125 0.140625 0.2375 0.0859375
4 0.78515625 0.13671875 0.390625 0.13046875
0 0.0890625 0.265625 0.0984375 0.046875
0 0.1828125 0.265625 0.084375 0.046875
0 0.28359375 0.265625 0.1140625 0.046875
0 0.39375 0.265625 0.10234375 0.046875
0 0.47734375 0.265625 0.059375 0.046875
0 0.5328125 0.265625 0.04765625 0.046875
2 0.5 0.353125 0.73046875 0.046875
7 0.40234375 0.4140625 0.115625 0.04140625
4 0.5578125 0.4171875 0.1953125 0.053125
4 0.5 0.46640625 0.73046875 0.015625
2 0.5 0.503125 0.73046875 0.0328125
7 0.3171875 0.5453125 0.365625 0.0234375
6 0.60078125 0.5453125 0.20390625 0.0234375
7 0.70390625 0.5453125 0.0046875 0.0234375
2 0.5 0.59296875 0.73046875 0.02734375
7 0.2390625 0.64296875 0.1296875 0.0234375
6 0.3515625 0.64296875 0.09765625 0.0234375
7 0.403125 0.64296875 0.00859375 0.0234375
6 0.43203125 0.64296875 0.0515625 0.0234375
7 0.46171875 0.64296875 0.00859375 0.0234375
6 0.478125 0.64296875 0.02734375 0.0234375
7 0.4953125 0.64296875 0.00859375 0.0234375
6 0.53984375 0.64296875 0.08125 0.0234375
2 0.5 0.70234375 0.73046875 0.02734375
7 0.2390625 0.7515625 0.1296875 0.0234375
6 0.3515625 0.7515625 0.09765625 0.0234375
7 0.403125 0.7515625 0.00859375 0.0234375
6 0.43203125 0.7515625 0.0515625 0.0234375
2 0.5 0.8109375 0.73046875 0.02734375
7 0.24296875 0.859375 0.1375 0.0234375
6 0.359375 0.859375 0.09765625 0.0234375
7 0.4109375 0.859375 0.00859375 0.0234375
6 0.440625 0.859375 0.0515625 0.0234375
2 0.5 0.91875 0.73046875 0.02734375
7 0.24765625 0.96875 0.14765625 0.0234375
6 0.36796875 0.96875 0.096875 0.0234375
7 0.4203125 0.96875 0.00859375 0.0234375
6 0.45 0.96875 0.0515625 0.0234375