3 0.5 0.05859375 0.946875 0.1171875
7 0.9875 0.021875 0.015625 0.02890625
7 0.396875 0.1421875 0.3890625 0.01953125
6 0.68046875 0.1421875 0.18125 0.01953125
7 0.98671875 0.1421875 0.0265625 0.0375
7 0.0984375 0.190625 0.08984375 0.01953125
7 0.14765625 0.190625 0.009375 0.01953125
6 0.16640625 0.190625 0.03046875 0.01953125
7 0.21796875 0.190625 0.0421875 0.01953125
7 0.24296875 0.190625 0.009375 0.01953125
6 0.2625 0.190625 0.03125 0.01953125
7 0.3234375 0.190625 0.059375 0.01953125
7 0.3578125 0.190625 0.009375 0.01953125
6 0.40859375 0.190625 0.09453125 0.01953125
7 0.4921875 0.190625 0.040625 0.01953125
7 0.51640625 0.190625 0.009375 0.01953125
6 0.56875 0.190625 0.0953125 0.01953125
7 0.6734375 0.190625 0.084375 0.01953125
7 0.71953125 0.190625 0.009375 0.01953125
6 0.7390625 0.190625 0.03046875 0.01953125
6 0.790625 0.190625 0.05 0.01953125
7 0.853125 0.190625 0.01640625 0.0171875
0 0.85859375 0.190625 0.0375 0.03515625
4 0.89375 0.1890625 0.0140625 0.0171875
0 0.9 0.190625 0.0375 0.03515625
4 0.1828125 0.26328125 0.2578125 0.06015625
0 0.1828125 0.26328125 0.2578125 0.06015625
7 0.3625 0.26328125 0.0609375 0.02890625
7 0.4359375 0.26328125 0.03515625 0.02890625
7 0.5125 0.26328125 0.0703125 0.02890625
6 0.58671875 0.26328125 0.0296875 0.02109375
1 0.809375 0.26328125 0.27421875 0.046875
3 0.49921875 0.40234375 0.71171875 0.1171875
2 0.5 0.546875 0.921875 0.046875
7 0.684375 0.64453125 0.03828125 0.02109375
0 0.675 0.6453125 0.08125 0.0453125
0 0.753125 0.6453125 0.06875 0.0453125
0 0.8390625 0.6453125 0.0984375 0.0453125
0 0.9234375 0.6453125 0.07421875 0.0453125
7 0.1234375 0.65 0.13671875 0.021875
0 0.26015625 0.65 0.10234375 0.053125
0 0.35859375 0.65 0.0890625 0.053125
7 0.05625 0.696875 0.03515625 0.0375
7 0.15390625 0.696875 0.1609375 0.0375
7 0.28828125 0.696875 0.109375 0.0375
7 0.3765625 0.696875 0.0703125 0.0375
7 0.4625 0.696875 0.103125 0.0375
7 0.584375 0.696875 0.140625 0.0375
7 0.709375 0.696875 0.1109375 0.0375
7 0.85078125 0.696875 0.175 0.0375
7 0.05625 0.7546875 0.021875 0.0375
4 0.08828125 0.7546875 0.01640625 0.021875
0 0.12109375 0.7546875 0.040625 0.021875
7 0.28828125 0.7546875 0.0953125 0.0375
6 0.37890625 0.75390625 0.053125 0.01796875
6 0.46328125 0.75390625 0.0890625 0.01796875
7 0.584375 0.7546875 0.1265625 0.0375
7 0.709375 0.7546875 0.09765625 0.0375
4 0.85078125 0.75546875 0.1609375 0.0625
0 0.85078125 0.75546875 0.1609375 0.0625
7 0.05625 0.8328125 0.021875 0.0375
4 0.08828125 0.8328125 0.01640625 0.021875
0 0.128125 0.8328125 0.0546875 0.021875
7 0.28828125 0.8328125 0.0953125 0.0375
6 0.38359375 0.83203125 0.04296875 0.01796875
6 0.46328125 0.83203125 0.0890625 0.01796875
7 0.584375 0.8328125 0.1265625 0.0375
7 0.709375 0.8328125 0.09765625 0.0375
4 0.85078125 0.83359375 0.1609375 0.0625
0 0.85078125 0.83359375 0.1609375 0.0625
7 0.05625 0.9109375 0.021875 0.0375
4 0.08828125 0.9109375 0.01640625 0.021875
0 0.11328125 0.9109375 0.025 0.021875
7 0.28828125 0.9109375 0.0953125 0.0375
6 0.3765625 0.91015625 0.05625 0.01796875
6 0.4671875 0.91015625 0.08203125 0.01796875
7 0.584375 0.9109375 0.1265625 0.0375
7 0.709375 0.9109375 0.09765625 0.0375
4 0.85078125 0.91171875 0.1609375 0.0625
0 0.85078125 0.91171875 0.1609375 0.0625
7 0.05625 0.98515625 0.021875 0.0296875
4 0.08828125 0.9890625 0.01640625 0.021875
0 0.11875 0.9890625 0.0359375 0.021875
7 0.28828125 0.98515625 0.0953125 0.0296875
6 0.3765625 0.98828125 0.05625 0.01796875
6 0.46328125 0.98828125 0.0890625 0.01796875
7 0.584375 0.98515625 0.1265625 0.0296875
7 0.709375 0.98515625 0.09765625 0.0296875
4 0.85078125 0.97890625 0.1609375 0.04140625
0 0.85078125 0.97890625 0.1609375 0.04140625
7 0.48671875 0.94765625 0.93828125 0.046875
6 0.184375 0.9625 0.08125 0.01796875
7 0.3953125 0.9625 0.3453125 0.01796875
7 0.98046875 0.921875 0.0390625 0.05234375