4 0.03515625 0.03671875 0.0234375 0.03125
0 0.03515625 0.03671875 0.0234375 0.03125
4 0.109375 0.03671875 0.078125 0.03125
0 0.109375 0.03671875 0.078125 0.03125
1 0.44140625 0.03671875 0.3828125 0.03359375
4 0.66640625 0.03671875 0.0203125 0.02578125
0 0.665625 0.03671875 0.0640625 0.04140625
4 0.76015625 0.03671875 0.02421875 0.03125
0 0.76015625 0.03671875 0.02421875 0.03125
4 0.80703125 0.03671875 0.02421875 0.03125
0 0.80703125 0.03671875 0.02421875 0.03125
4 0.85390625 0.03671875 0.02421875 0.03125
0 0.85390625 0.03671875 0.02421875 0.03125
4 0.9046875 0.03671875 0.02421875 0.03125
0 0.9328125 0.03671875 0.103125 0.05234375
6 0.9484375 0.03671875 0.0484375 0.02109375
4 0.03515625 0.11484375 0.0234375 0.03125
0 0.03515625 0.1265625 0.0703125 0.09609375
7 0.03515625 0.146875 0.02734375 0.01796875
4 0.03515625 0.2109375 0.0234375 0.03125
0 0.03515625 0.22265625 0.0703125 0.09609375
7 0.03515625 0.24375 0.0390625 0.01796875
4 0.03515625 0.30703125 0.0234375 0.03125
0 0.03515625 0.31875 0.0703125 0.09609375
7 0.03515625 0.33984375 0.0609375 0.01796875
4 0.03515625 0.40390625 0.0234375 0.03125
0 0.03515625 0.415625 0.0703125 0.09609375
7 0.03515625 0.4359375 0.0296875 0.01796875
4 0.03515625 0.5 0.0234375 0.03125
0 0.03515625 0.51171875 0.0703125 0.09609375
7 0.03515625 0.5328125 0.03125 0.01796875
4 0.53515625 0.2765625 0.9296875 0.4078125
4 0.2140625 0.36015625 0.078125 0.10546875
7 0.3515625 0.34453125 0.15 0.0375
4 0.44375 0.346875 0.015625 0.021875
7 0.3328125 0.3796875 0.1125 0.021875
6 0.74921875 0.36015625 0.03203125 0.021875
0 0.74921875 0.36015625 0.07109375 0.0484375
6 0.84375 0.36015625 0.071875 0.021875
0 0.84375 0.36015625 0.103125 0.0484375
4 0.84765625 0.24296875 0.015625 0.021875
0 0.875 0.24296875 0.08984375 0.0484375
6 0.88515625 0.2421875 0.05 0.01796875
4 0.9375 0.24296875 0.015625 0.021875
0 0.9375 0.24296875 0.03515625 0.0484375
4 0.9671875 0.24296875 0.015625 0.021875
0 0.9703125 0.24296875 0.02734375 0.0484375
7 0.22578125 0.44765625 0.03984375 0.0625
7 0.334375 0.44765625 0.04765625 0.0625
7 0.4578125 0.44765625 0.0703125 0.0625
7 0.59921875 0.44765625 0.0828125 0.0625
7 0.72734375 0.44765625 0.04375 0.0625
7 0.84921875 0.44765625 0.07109375 0.0625
7 0.971875 0.44765625 0.04609375 0.0625
4 0.97265625 0.446875 0.0234375 0.0328125
0 0.97265625 0.446875 0.046875 0.0640625
4 0.32421875 0.54140625 0.4140625 0.0625
6 0.2859375 0.540625 0.30546875 0.02734375
4 0.4546875 0.54140625 0.03515625 0.046875
0 0.4546875 0.5375 0.03515625 0.0546875
4 0.49609375 0.54140625 0.03515625 0.046875
0 0.49609375 0.5375 0.046875 0.0546875
4 0.32421875 0.665625 0.4140625 0.31015625
4 0.32421875 0.665625 0.06640625 0.0625
0 0.32421875 0.665625 0.06640625 0.0625
4 0.32421875 0.75703125 0.4140625 0.1265625
4 0.32421875 0.77265625 0.390625 0.00625
4 0.32421875 0.77265625 0.390625 0.00625
4 0.13515625 0.7796875 0.0125 0.01796875
4 0.1515625 0.796875 0.0453125 0.046875
0 0.1515625 0.796875 0.0453125 0.046875
4 0.19140625 0.796875 0.03515625 0.046875
0 0.19140625 0.796875 0.03515625 0.046875
7 0.22578125 0.79609375 0.0234375 0.01953125
7 0.24296875 0.79609375 0.0109375 0.01953125
7 0.259375 0.79609375 0.0234375 0.01953125
4 0.43125 0.796875 0.03515625 0.046875
0 0.43125 0.796875 0.03515625 0.046875
4 0.4671875 0.796875 0.03515625 0.046875
0 0.4671875 0.796875 0.03515625 0.046875
4 0.5015625 0.796875 0.03515625 0.046875
0 0.5015625 0.796875 0.03515625 0.046875
0 0.65 0.52109375 0.190625 0.02109375
7 0.6046875 0.5640625 0.10078125 0.0234375
7 0.6890625 0.5640625 0.06875 0.0234375
7 0.64453125 0.71875 0.1796875 0.23984375
0 0.68671875 0.85625 0.2640625 0.02734375
7 0.63359375 0.9234375 0.15703125 0.0484375
0 0.653125 0.93828125 0.19609375 0.02734375
0 0.58984375 0.80546875 0.0703125 0.02734375
0 0.58984375 0.80546875 0.0703125 0.02734375
2 0.26328125 0.896875 0.2921875 0.02578125
0 0.26328125 0.896875 0.2921875 0.02578125
4 0.21953125 0.9703125 0.2046875 0.05859375
0 0.21953125 0.9703125 0.2046875 0.05859375
6 0.2765625 0.99296875 0.009375 0.0140625
4 0.42890625 0.9703125 0.2046875 0.05859375
0 0.42890625 0.9703125 0.2046875 0.05859375
6 0.4859375 0.99296875 0.009375 0.0140625
4 0.6375 0.9703125 0.2046875 0.05859375
0 0.6375 0.9703125 0.2046875 0.05859375
6 0.6953125 0.99296875 0.009375 0.0140625
4 0.846875 0.9703125 0.2046875 0.05859375
0 0.846875 0.9703125 0.2046875 0.05859375
6 0.90390625 0.99296875 0.0171875 0.0140625
4 0.9765625 0.9703125 0.046875 0.05859375
0 0.9765625 0.9703125 0.046875 0.05859375
2 0.86171875 0.52109375 0.1828125 0.02109375
4 0.78203125 0.578125 0.0234375 0.03125
0 0.86171875 0.578125 0.1828125 0.03125
7 0.82109375 0.578125 0.0390625 0.02109375
6 0.8140625 0.61953125 0.071875 0.02109375
0 0.8140625 0.61953125 0.0875 0.03125
4 0.78203125 0.68203125 0.0234375 0.03125
0 0.86171875 0.68203125 0.1828125 0.03125
7 0.86875 0.68203125 0.13359375 0.02109375
6 0.8140625 0.72421875 0.071875 0.02109375
0 0.8140625 0.72421875 0.0875 0.03125
4 0.78203125 0.78671875 0.0234375 0.03125
0 0.86171875 0.78671875 0.1828125 0.03125
7 0.81484375 0.78671875 0.0265625 0.02109375
6 0.8140625 0.828125 0.071875 0.02109375
0 0.8140625 0.828125 0.0875 0.03125
4 0.78203125 0.890625 0.0234375 0.03125
0 0.86171875 0.890625 0.1828125 0.03125
7 0.84453125 0.890625 0.08515625 0.02109375
6 0.8140625 0.93203125 0.071875 0.02109375
0 0.8140625 0.93203125 0.0875 0.03125
7 0.4640625 0.30390625 0.07890625 0.021875
7 0.5359375 0.34765625 0.22265625 0.04453125
6 0.66171875 0.4125 0.04375 0.025
0 0.66171875 0.4125 0.075 0.05078125