6 0.0359375 0.1796875 0.040625 0.02890625
6 0.04921875 0.21875 0.0671875 0.02890625
6 0.040625 0.2578125 0.05 0.02890625
6 0.0359375 0.33984375 0.03984375 0.02890625
6 0.0578125 0.37890625 0.08515625 0.02890625
6 0.04765625 0.41796875 0.0640625 0.02890625
6 0.0421875 0.45703125 0.05390625 0.02890625
6 0.0375 0.49609375 0.04375 0.02890625
6 0.04765625 0.53515625 0.0640625 0.02890625
6 0.0296875 0.57421875 0.02734375 0.02890625
6 0.0421875 0.61328125 0.05390625 0.02890625
4 0.03046875 0.70703125 0.0296875 0.05234375
4 0.071875 0.70703125 0.0390625 0.05234375
4 0.03515625 0.759375 0.0390625 0.05234375
6 0.04609375 0.853125 0.06171875 0.02890625
6 0.04609375 0.8921875 0.06171875 0.02890625
6 0.059375 0.93125 0.08671875 0.02890625
7 0.084375 0.06953125 0.0734375 0.0296875
0 0.06875 0.06953125 0.10546875 0.0171875
4 0.47265625 0.06640625 0.29296875 0.1328125
0 0.47265625 0.06953125 0.29296875 0.1390625
0 0.83515625 0.06953125 0.1 0.0375
0 0.93828125 0.06953125 0.0765625 0.0375
6 0.325 0.26796875 0.55078125 0.20859375
4 0.32578125 0.5953125 0.5890625 0.41171875
6 0.31171875 0.92890625 0.56171875 0.1421875
7 0.32578125 0.92265625 0.5890625 0.025
4 0.13828125 0.96953125 0.2140625 0.0609375
7 0.32578125 0.96953125 0.5890625 0.0609375
2 0.815625 0.2578125 0.26171875 0.09375
7 0.815625 0.31796875 0.26171875 0.02578125
1 0.815625 0.37890625 0.26171875 0.0546875
1 0.7375 0.4765625 0.10546875 0.046875
2 0.703125 0.60390625 0.0640625 0.046875
4 0.703125 0.6984375 0.0640625 0.084375
7 0.815625 0.66796875 0.2890625 0.0234375
6 0.8484375 0.703125 0.2125 0.046875
4 0.703125 0.82734375 0.0640625 0.084375
7 0.815625 0.796875 0.2890625 0.0234375
6 0.84296875 0.84375 0.2015625 0.0703125
4 0.70234375 0.95859375 0.0640625 0.0828125
7 0.815625 0.9296875 0.2890625 0.0234375
6 0.8421875 0.96484375 0.2 0.046875