7 0.428125 0.940625 0.80078125 0.05859375
0 0.4890625 0.959375 0.1078125 0.040625
0 0.90390625 0.94375 0.1375 0.05234375
4 0.45625 0.06171875 0.07890625 0.03515625
4 0.55234375 0.06171875 0.07734375 0.03515625
0 0.00390625 0.4828125 0.0078125 0.0796875
4 0.19453125 0.3296875 0.36015625 0.3609375
6 0.51484375 0.2203125 0.20390625 0.08984375
7 0.52265625 0.33828125 0.21953125 0.06484375
7 0.52265625 0.465625 0.21953125 0.1625
0 0.5171875 0.62578125 0.2078125 0.0796875
4 0.82578125 0.32890625 0.3484375 0.3609375
4 0.10234375 0.87734375 0.1171875 0.1171875
4 0.24921875 0.87734375 0.1171875 0.1171875
4 0.3953125 0.87734375 0.1171875 0.1171875
4 0.5421875 0.87734375 0.1171875 0.1171875
4 0.68828125 0.87734375 0.1171875 0.1171875
4 0.83515625 0.87734375 0.1171875 0.1171875
4 0.9609375 0.87734375 0.078125 0.1171875
4 0.8328125 0.30234375 0.3046875 0.3046875
0 0.8328125 0.30234375 0.3046875 0.3046875
6 0.7703125 0.525 0.140625 0.09140625
7 0.8328125 0.7109375 0.3046875 0.22890625
0 0.9265625 0.90234375 0.07890625 0.02890625
7 0.1671875 0.9875 0.3046875 0.025
4 0.5 0.9875 0.3046875 0.025
0 0.5 0.9875 0.3046875 0.025
7 0.8328125 0.9875 0.3046875 0.025