7 0.32734375 0.0265625 0.328125 0.01953125
6 0.528125 0.0265625 0.075 0.01953125
7 0.56953125 0.0265625 0.0078125 0.01953125
6 0.61171875 0.0265625 0.07890625 0.01953125
7 0.66484375 0.0265625 0.028125 0.01953125
6 0.725 0.0265625 0.09453125 0.01953125
7 0.77265625 0.0265625 0.00390625 0.01953125
0 0.82734375 0.02734375 0.03828125 0.03125
2 0.09609375 0.11015625 0.12421875 0.04296875
0 0.09609375 0.11015625 0.12421875 0.04296875
0 0.2328125 0.11015625 0.06640625 0.0296875
0 0.296875 0.11015625 0.0625 0.0296875
0 0.3875 0.11015625 0.11796875 0.0296875
0 0.484375 0.11015625 0.0765625 0.0296875
0 0.54609375 0.11015625 0.046875 0.0296875
0 0.61796875 0.11015625 0.09765625 0.0296875
4 0.7125 0.11015625 0.07734375 0.025
0 0.7125 0.11015625 0.090625 0.0296875
0 0.79375 0.11015625 0.071875 0.0296875
7 0.8859375 0.109375 0.08203125 0.03125
0 0.8859375 0.109375 0.08203125 0.03125
4 0.9765625 0.11015625 0.0171875 0.025
0 0.9765625 0.11015625 0.0171875 0.025
2 0.45625 0.27578125 0.84375 0.15390625
0 0.45625 0.27578125 0.84375 0.15390625
0 0.0578125 0.40625 0.04765625 0.015625
0 0.13984375 0.40625 0.10625 0.015625
4 0.509375 0.7359375 0.9515625 0.52734375
0 0.509375 0.7359375 0.9515625 0.52734375
4 0.009375 0.5 0.01875 1
4 0.04375 0.9671875 0.03515625 0.046875
0 0.04375 0.9671875 0.0484375 0.06484375
7 0.09296875 0.9671875 0.05 0.02578125
7 0.96484375 0.921875 0.03125 0.01328125
4 0.9875 0.921875 0.009375 0.02578125