4 0.5 0.06640625 0.996875 0.1328125
2 0.35546875 0.0375 0.4078125 0.0421875
2 0.5390625 0.19296875 0.4234375 0.04140625
2 0.5421875 0.928125 0.42734375 0.0453125
4 0.540625 0.54296875 0.41875 0.378125
0 0.5375 0.540625 0.0453125 0.05546875
7 0.590625 0.3015625 0.52890625 0.05546875
6 0.37734375 0.78125 0.10234375 0.02890625
7 0.40859375 0.9671875 0.16484375 0.0234375
1 0.734375 0.03125 0.12578125 0.040625
5 0.69453125 0.028125 0.0421875 0.03359375
0 0.821875 0.03125 0.03984375 0.03984375
0 0.65625 0.08828125 0.04140625 0.0546875
0 0.69765625 0.08984375 0.03671875 0.0609375
0 0.7390625 0.08984375 0.040625 0.06171875
0 0.78046875 0.08828125 0.0375 0.06171875
0 0.82265625 0.08828125 0.04375 0.06171875
7 0.41015625 0.2296875 0.1671875 0.0265625
0 0.23046875 0.6671875 0.16875 0.0671875
2 0.1765625 0.2078125 0.06171875 0.03125
0 0.2265625 0.25234375 0.16640625 0.0265625
0 0.228125 0.284375 0.171875 0.03125
0 0.2296875 0.3265625 0.16796875 0.03515625
0 0.228125 0.36171875 0.1671875 0.02734375
0 0.2296875 0.39609375 0.171875 0.0328125
0 0.2296875 0.4328125 0.17265625 0.03203125
0 0.22890625 0.47109375 0.17109375 0.03125
0 0.22890625 0.509375 0.17109375 0.03671875
0 0.22734375 0.54765625 0.16953125 0.03671875
0 0.18046875 0.09921875 0.04609375 0.03828125
0 0.2375 0.09921875 0.05625 0.0390625
0 0.29296875 0.10078125 0.04375 0.03828125
0 0.34921875 0.09921875 0.05703125 0.0359375