4 0.09140625 0.08515625 0.07890625 0.10546875
0 0.10078125 0.08984375 0.09765625 0.11484375
2 0.45 0.06875 0.603125 0.03359375
2 0.3125 0.11015625 0.328125 0.05078125
6 0.89140625 0.021875 0.06640625 0.02578125
1 0.85 0.0984375 0.196875 0.0453125
1 0.93125 0.10078125 0.0328125 0.0375
7 0.0890625 0.20703125 0.06640625 0.02890625
0 0.0890625 0.2171875 0.0953125 0.08203125
7 0.08203125 0.23046875 0.053125 0.02890625
7 0.1875 0.20703125 0.06640625 0.02890625
0 0.2 0.2171875 0.12109375 0.08203125
7 0.2 0.23046875 0.0921875 0.02890625
7 0.31328125 0.20703125 0.06953125 0.02890625
0 0.31328125 0.2171875 0.0984375 0.08203125
7 0.3078125 0.23046875 0.059375 0.02890625
7 0.40625 0.20703125 0.053125 0.02890625
0 0.43671875 0.2171875 0.14375 0.08203125
7 0.43671875 0.23046875 0.1140625 0.02890625
7 0.6 0.20703125 0.14765625 0.02890625
0 0.6 0.2171875 0.1765625 0.08203125
7 0.590625 0.23046875 0.12890625 0.02890625
7 0.73125 0.21875 0.05 0.02890625
0 0.73125 0.2171875 0.07890625 0.05859375
6 0.81796875 0.21953125 0.05546875 0.0484375
6 0.85234375 0.23125 0.12421875 0.0296875
4 0.49921875 0.4796875 0.8953125 0.43359375
0 0.49921875 0.4796875 0.8953125 0.43359375
2 0.29609375 0.75859375 0.425 0.040625
0 0.18203125 0.8421875 0.19609375 0.06640625
0 0.3859375 0.8421875 0.19609375 0.06640625
0 0.18203125 0.9359375 0.19609375 0.06640625
0 0.3859375 0.9359375 0.19609375 0.06640625
0 0.18125 0.99765625 0.196875 0.0046875
0 0.38515625 0.99765625 0.1953125 0.0046875
2 0.74140625 0.75859375 0.35 0.040625
6 0.72890625 0.8203125 0.325 0.03125
6 0.73671875 0.875 0.340625 0.03125
6 0.725 0.93125 0.3171875 0.03125
6 0.696875 0.98515625 0.2625 0.0296875