7 0.4984375 0.03828125 0.953125 0.04296875
6 0.53046875 0.04921875 0.07109375 0.02109375
4 0.11875 0.109375 0.15625 0.06484375
1 0.8375 0.109375 0.18359375 0.03671875
7 0.94375 0.1078125 0.028125 0.03359375
0 0.2515625 0.109375 0.0859375 0.06484375
0 0.32734375 0.109375 0.06640625 0.06484375
0 0.42890625 0.109375 0.13984375 0.06484375
0 0.55234375 0.109375 0.10859375 0.06484375
0 0.65390625 0.109375 0.096875 0.06484375
4 0.1890625 0.325 0.296875 0.26953125
0 0.1890625 0.325 0.296875 0.26953125
2 0.096875 0.39453125 0.08203125 0.03125
7 0.1890625 0.4265625 0.2671875 0.02734375
4 0.49921875 0.325 0.29765625 0.26953125
0 0.49921875 0.325 0.29765625 0.26953125
2 0.40078125 0.39453125 0.07109375 0.03125
7 0.49921875 0.4265625 0.26875 0.02734375
4 0.81015625 0.325 0.29765625 0.26953125
0 0.81015625 0.325 0.29765625 0.26953125
2 0.72265625 0.39453125 0.09375 0.03125
7 0.81015625 0.4265625 0.26875 0.02734375
2 0.1890625 0.54609375 0.2796875 0.040625
4 0.08515625 0.62734375 0.0734375 0.09921875
6 0.21640625 0.59296875 0.17265625 0.021875
7 0.1890625 0.64296875 0.28125 0.07265625
6 0.1609375 0.72578125 0.2234375 0.021875
7 0.1890625 0.75 0.28125 0.02109375
6 0.1140625 0.78203125 0.13125 0.021875
7 0.1890625 0.80625 0.28125 0.02109375
6 0.1046875 0.8375 0.1125 0.021875
7 0.1890625 0.871875 0.28125 0.040625
6 0.16875 0.91328125 0.240625 0.021875
7 0.1890625 0.9375 0.28125 0.02109375
6 0.1125 0.96953125 0.128125 0.021875
7 0.1890625 0.99140625 0.28125 0.0171875
2 0.49921875 0.54609375 0.28046875 0.040625
4 0.3953125 0.62734375 0.07421875 0.09921875
6 0.48671875 0.59296875 0.09453125 0.021875
7 0.49921875 0.653125 0.28203125 0.0921875
6 0.4515625 0.72578125 0.1859375 0.021875
7 0.49921875 0.75 0.28203125 0.02109375
6 0.43125 0.78203125 0.146875 0.021875
7 0.49921875 0.815625 0.28203125 0.040625
6 0.415625 0.8578125 0.1140625 0.021875
7 0.49921875 0.88125 0.28203125 0.02109375
6 0.4546875 0.91328125 0.19375 0.021875
7 0.49921875 0.946875 0.28203125 0.040625
2 0.7765625 0.54765625 0.1953125 0.040625
6 0.7765625 0.5875 0.1953125 0.0234375
0 0.7765625 0.5875 0.1953125 0.0234375
7 0.7765625 0.6234375 0.1953125 0.040625
6 0.7765625 0.665625 0.1953125 0.0234375
0 0.7765625 0.665625 0.1953125 0.0234375
7 0.7765625 0.69140625 0.1953125 0.02109375
6 0.7765625 0.72421875 0.1953125 0.0234375
0 0.7765625 0.72421875 0.1953125 0.0234375
7 0.7765625 0.75 0.1953125 0.02109375
6 0.7765625 0.79375 0.1953125 0.0453125
0 0.7765625 0.79375 0.1953125 0.0453125
7 0.7765625 0.83046875 0.1953125 0.02109375
6 0.7765625 0.86328125 0.1953125 0.0234375
0 0.7765625 0.86328125 0.1953125 0.0234375
7 0.7765625 0.89921875 0.1953125 0.040625
6 0.7765625 0.96328125 0.1953125 0.06796875
0 0.7765625 0.96328125 0.1953125 0.06796875