4 0.88671875 0.0296875 0.021875 0.0234375
0 0.909375 0.0296875 0.096875 0.059375
7 0.9203125 0.0296875 0.04765625 0.0234375
0 0.07578125 0.03125 0.06953125 0.0625
0 0.1390625 0.03125 0.059375 0.0625
0 0.2 0.03125 0.06328125 0.0625
0 0.25703125 0.03125 0.05390625 0.0625
0 0.325 0.03125 0.084375 0.0625
0 0.4078125 0.03125 0.084375 0.0625
2 0.5 0.146875 0.78125 0.02890625
7 0.2515625 0.18984375 0.284375 0.02109375
6 0.41875 0.18984375 0.05 0.02109375
7 0.496875 0.20390625 0.775 0.0484375
6 0.275 0.2171875 0.1578125 0.02109375
7 0.49375 0.23125 0.76953125 0.0484375
7 0.16328125 0.2828125 0.10859375 0.021875
6 0.275 0.2828125 0.1171875 0.021875
7 0.384375 0.2828125 0.10078125 0.021875
7 0.21171875 0.321875 0.20390625 0.02109375
6 0.37265625 0.321875 0.1203125 0.02109375
7 0.4421875 0.321875 0.0203125 0.02109375
6 0.5046875 0.321875 0.1078125 0.02109375
7 0.6 0.321875 0.084375 0.02109375
2 0.14375 0.415625 0.06953125 0.02890625
4 0.8171875 0.56953125 0.146875 0.25390625
7 0.2640625 0.45546875 0.30859375 0.02109375
6 0.4640625 0.45546875 0.09453125 0.02109375
7 0.4140625 0.4828125 0.609375 0.07578125
7 0.5 0.590625 0.78125 0.1109375
6 0.24921875 0.67578125 0.2359375 0.02109375
7 0.23515625 0.73203125 0.2515625 0.02109375
6 0.40546875 0.73203125 0.090625 0.02109375
7 0.48359375 0.73203125 0.0640625 0.02109375
7 0.546875 0.73203125 0.0640625 0.02109375
7 0.69765625 0.73203125 0.2390625 0.02109375
2 0.2625 0.82578125 0.30625 0.02890625
7 0.43125 0.865625 0.64375 0.02109375
6 0.49375 0.8796875 0.76875 0.0484375
7 0.4828125 0.90703125 0.746875 0.0484375
7 0.17890625 0.959375 0.13984375 0.021875
7 0.328125 0.959375 0.1578125 0.021875
7 0.43203125 0.959375 0.0515625 0.021875
7 0.49296875 0.959375 0.07109375 0.021875
7 0.5421875 0.959375 0.03125 0.021875
7 0.61640625 0.959375 0.1171875 0.021875
7 0.4875 0.97265625 0.75625 0.04921875