0 0.06171875 0.02578125 0.040625 0.02890625
0 0.159375 0.0265625 0.0453125 0.053125
7 0.26171875 0.0125 0.05078125 0.021875
0 0.26171875 0.0265625 0.05078125 0.053125
7 0.2796875 0.03984375 0.015625 0.02734375
0 0.340625 0.02578125 0.05 0.02890625
0 0.4265625 0.02578125 0.065625 0.02890625
0 0.5265625 0.02578125 0.078125 0.02890625
0 0.62734375 0.02578125 0.0671875 0.02890625
0 0.709375 0.02578125 0.0390625 0.02890625
0 0.80078125 0.02578125 0.03515625 0.02890625
0 0.89765625 0.02578125 0.05546875 0.02890625
0 0.98984375 0.025 0.0203125 0.028125
7 0.1046875 0.14453125 0.1796875 0.1171875
4 0.5 0.12109375 0.54296875 0.05703125
0 0.5 0.125 0.54296875 0.06484375
7 0.25625 0.18046875 0.0359375 0.01953125
7 0.35234375 0.18046875 0.15703125 0.01953125
7 0.44296875 0.18046875 0.0265625 0.01953125
6 0.6375 0.178125 0.0359375 0.02109375
6 0.67578125 0.17890625 0.04296875 0.01953125
7 0.70546875 0.17890625 0.01875 0.01953125
4 0.72578125 0.18046875 0.0234375 0.0296875
7 0.8953125 0.14453125 0.1796875 0.1171875
7 0.0625 0.27421875 0.09375 0.02734375
0 0.1921875 0.27421875 0.075 0.02734375
0 0.40078125 0.27421875 0.16328125 0.02734375
0 0.6390625 0.27421875 0.134375 0.02734375
0 0.86796875 0.27421875 0.14375 0.02734375
4 0.0765625 0.33671875 0.1015625 0.01953125
7 0.23046875 0.33671875 0.20703125 0.03515625
4 0.071875 0.4234375 0.1125 0.11171875
0 0.071875 0.4234375 0.1125 0.11171875
2 0.1828125 0.421875 0.08984375 0.11171875
4 0.3203125 0.4234375 0.11328125 0.11171875
0 0.3203125 0.4234375 0.11328125 0.11171875
2 0.41875 0.4 0.065625 0.06796875
2 0.42734375 0.44375 0.0828125 0.0234375
2 0.415625 0.46640625 0.059375 0.0234375
4 0.56953125 0.4234375 0.11328125 0.11171875
0 0.56953125 0.4234375 0.11328125 0.11171875
2 0.67109375 0.4328125 0.0734375 0.134375
4 0.8171875 0.4234375 0.11328125 0.11171875
0 0.8171875 0.4234375 0.11328125 0.11171875
2 0.92890625 0.4328125 0.09296875 0.134375
7 0.3359375 0.5640625 0.640625 0.01171875
2 0.32421875 0.6046875 0.6171875 0.053125
2 0.32734375 0.6546875 0.6234375 0.053125
7 0.059375 0.7125 0.0875 0.021875
6 0.3234375 0.7484375 0.61640625 0.021875
7 0.22890625 0.7796875 0.39765625 0.021875
7 0.49296875 0.7796875 0.13125 0.02109375
0 0.2875 0.7796875 0.54296875 0.021875
7 0.3359375 0.85 0.640625 0.01171875
2 0.325 0.8953125 0.61796875 0.053125
2 0.3 0.94453125 0.56875 0.053125
2 0.21796875 0.98359375 0.40546875 0.0328125
2 0.425 0.98359375 0.00859375 0.0328125
2 0.52734375 0.98359375 0.196875 0.0328125
7 0.828125 0.5375 0.2953125 0.01328125
4 0.828125 0.571875 0.10546875 0.01796875
4 0.82890625 0.7421875 0.3125 0.234375
0 0.82890625 0.7421875 0.3125 0.234375
2 0.8140625 0.93203125 0.2640625 0.11953125
6 0.82421875 0.99609375 0.2828125 0.0078125
4 0.99609375 0.7421875 0.0078125 0.234375
0 0.99609375 0.7421875 0.0078125 0.234375
4 0.70390625 0.571875 0.0234375 0.03125
4 0.9515625 0.571875 0.02421875 0.03125
7 0.50859375 0.03671875 0.9375 0.03359375
6 0.2953125 0.04453125 0.05 0.01796875
7 0.63125 0.04453125 0.625 0.01796875
0 0.9515625 0.07109375 0.0515625 0.01953125