4 0.06484375 0.0390625 0.07109375 0.01796875
4 0.1546875 0.0390625 0.0703125 0.04453125
7 0.52890625 0.0390625 0.32734375 0.02109375
7 0.721875 0.0390625 0.06328125 0.02109375
0 0.86171875 0.0390625 0.15703125 0.02578125
0 0.86171875 0.0390625 0.16875 0.0546875
2 0.05390625 0.11484375 0.0875 0.02109375
0 0.05390625 0.11484375 0.0875 0.02109375
7 0.5 0.47109375 1 0.76015625
0 0.5 0.47109375 1 0.76015625
7 0.50078125 0.634375 0.33125 0.053125
2 0.5 0.7234375 0.6796875 0.0875
4 0.1375 0.89140625 0.1171875 0.0375
0 0.1375 0.89140625 0.1171875 0.0375
0 0.85546875 0.890625 0.0859375 0.04921875
7 0.9359375 0.89140625 0.053125 0.021875
0 0.9359375 0.89140625 0.053125 0.021875
3 0.5 0.975 0.7109375 0.04921875