7 0.21171875 0.0421875 0.0515625 0.025
0 0.215625 0.04296875 0.08984375 0.046875
1 0.39765625 0.0421875 0.23046875 0.053125
4 0.53046875 0.0421875 0.015625 0.021875
0 0.728125 0.0421875 0.1125 0.0328125
0 0.8234375 0.0421875 0.078125 0.0328125
0 0.91953125 0.04140625 0.1140625 0.046875
7 0.446875 0.13671875 0.65546875 0.02890625
6 0.821875 0.13671875 0.09453125 0.02890625
4 0.8921875 0.13671875 0.0234375 0.03125
0 0.8921875 0.13671875 0.03515625 0.046875
2 0.37109375 0.33984375 0.5078125 0.06796875
2 0.37109375 0.42734375 0.5078125 0.07265625
0 0.2234375 0.55625 0.21171875 0.09921875
4 0.5 0.45546875 1 0.53359375
4 0.5 0.45546875 1 0.53359375
2 0.35078125 0.77734375 0.15 0.02890625
0 0.5 0.77734375 0.44921875 0.03125
2 0.575 0.77734375 0.2984375 0.02890625
4 0.0953125 0.86796875 0.1515625 0.04296875
0 0.0953125 0.86796875 0.1515625 0.04296875
4 0.23046875 0.8671875 0.08203125 0.04921875
0 0.23046875 0.8671875 0.08203125 0.04921875
4 0.34296875 0.8671875 0.10546875 0.04921875
0 0.34296875 0.8671875 0.10546875 0.04921875
4 0.43984375 0.86796875 0.0515625 0.071875
0 0.43984375 0.86796875 0.0515625 0.071875
4 0.5234375 0.86796875 0.078125 0.04296875
0 0.5234375 0.86796875 0.078125 0.04296875
4 0.646875 0.8671875 0.13125 0.046875
0 0.646875 0.8671875 0.13125 0.046875
4 0.7921875 0.86796875 0.1234375 0.03515625
0 0.7921875 0.8671875 0.1234375 0.03671875
4 0.9265625 0.8671875 0.10859375 0.04921875
0 0.9265625 0.8671875 0.10859375 0.04921875