6 0.06171875 0.0328125 0.084375 0.0171875
6 0.1578125 0.0328125 0.06953125 0.0171875
6 0.259375 0.0328125 0.09453125 0.0171875
6 0.35625 0.0328125 0.0609375 0.0171875
6 0.41875 0.0328125 0.02421875 0.0171875
7 0.5015625 0.0328125 0.103125 0.0171875
7 0.57421875 0.02421875 0.040625 0.01953125
0 0.52265625 0.0328125 0.14453125 0.0171875
0 0.85859375 0.03125 0.0375 0.015625
7 0.89375 0.03125 0.01171875 0.03125
0 0.94609375 0.03125 0.07109375 0.03125
7 0.0671875 0.1015625 0.0953125 0.05703125
0 0.1609375 0.10234375 0.04296875 0.021875
0 0.23515625 0.10234375 0.05546875 0.021875
0 0.3203125 0.10234375 0.06640625 0.021875
0 0.4203125 0.10234375 0.084375 0.021875
0 0.503125 0.10234375 0.034375 0.021875
0 0.57421875 0.10234375 0.05859375 0.021875
0 0.63671875 0.10234375 0.0171875 0.021875
7 0.6921875 0.1015625 0.0515625 0.046875
1 0.865625 0.1015625 0.2296875 0.046875
2 0.11015625 0.2234375 0.18046875 0.03515625
2 0.1234375 0.26953125 0.20703125 0.046875
2 0.1875 0.29140625 0.3359375 0.08046875
2 0.196875 0.403125 0.35546875 0.1109375
2 0.18125 0.496875 0.3234375 0.0171875
7 0.0875 0.54609375 0.11328125 0.01953125
0 0.0875 0.5453125 0.13671875 0.0453125
7 0.20234375 0.54609375 0.05390625 0.01953125
0 0.20234375 0.5453125 0.07734375 0.0453125
7 0.2921875 0.54609375 0.0625 0.01953125
0 0.2921875 0.5453125 0.0859375 0.0453125
4 0.6921875 0.4125 0.57734375 0.38515625
7 0.6609375 0.65546875 0.1078125 0.01953125
6 0.75625 0.65546875 0.08515625 0.01953125
2 0.0703125 0.7921875 0.1015625 0.040625
7 0.9 0.79453125 0.125 0.02109375
0 0.909375 0.7953125 0.1421875 0.0296875
4 0.13203125 0.8859375 0.22578125 0.1234375
7 0.06171875 0.9671875 0.05078125 0.0296875
0 0.13203125 0.925 0.2234375 0.103125
2 0.13203125 0.996875 0.1921875 0.00625
4 0.3765625 0.91171875 0.225 0.1765625
0 0.3765625 0.91171875 0.225 0.1765625
4 0.621875 0.91171875 0.225 0.1765625
0 0.621875 0.91171875 0.225 0.1765625
4 0.8671875 0.91171875 0.225 0.1765625
0 0.8671875 0.91171875 0.225 0.1765625