4 0.1234375 0.0421875 0.1625 0.0453125
7 0.309375 0.04375 0.1859375 0.0171875
0 0.1234375 0.03828125 0.1625 0.04296875
7 0.915625 0.03984375 0.053125 0.0796875
7 0.815625 0.03828125 0.0578125 0.021875
4 0.85390625 0.03828125 0.00859375 0.01171875
4 0.6421875 0.0390625 0.0234375 0.03125
4 0.67578125 0.0390625 0.0234375 0.03125
4 0.709375 0.0390625 0.0234375 0.03125
4 0.7421875 0.0390625 0.0234375 0.03125
4 0.05234375 0.10703125 0.0515625 0.05703125
0 0.1140625 0.10703125 0.07109375 0.05703125
0 0.2046875 0.10703125 0.1109375 0.05703125
0 0.303125 0.10703125 0.084375 0.05703125
0 0.3921875 0.10703125 0.0953125 0.05703125
0 0.48515625 0.10703125 0.08984375 0.05703125
0 0.5984375 0.10703125 0.13671875 0.05703125
7 0.72109375 0.10703125 0.07734375 0.02890625
7 0.82890625 0.10703125 0.0484375 0.02890625
6 0.9421875 0.10703125 0.03125 0.05703125
0 0.9421875 0.10703125 0.0625 0.05703125
3 0.5 0.2203125 0.7109375 0.1171875
7 0.08828125 0.34375 0.0578125 0.05234375
0 0.18125 0.34375 0.128125 0.05234375
0 0.3 0.34375 0.10546875 0.05234375
0 0.41328125 0.34375 0.11796875 0.05234375
0 0.57109375 0.34375 0.19375 0.05234375
0 0.725 0.34375 0.109375 0.05234375
0 0.81953125 0.34375 0.0765625 0.05234375
0 0.8875 0.34375 0.05546875 0.05234375
7 0.41640625 0.4078125 0.73359375 0.0234375
6 0.8171875 0.4078125 0.0671875 0.0234375
2 0.753125 0.4796875 0.0828125 0.0296875
2 0.80546875 0.5625 0.290625 0.06796875
0 0.80546875 0.5625 0.290625 0.08828125
2 0.80546875 0.65 0.290625 0.0625
0 0.80546875 0.65 0.290625 0.08359375
2 0.80546875 0.734375 0.290625 0.0625
0 0.80546875 0.734375 0.290625 0.08359375
2 0.80546875 0.8046875 0.290625 0.02890625
0 0.80546875 0.7984375 0.290625 0.04140625
2 0.80546875 0.8609375 0.290625 0.05703125
0 0.80546875 0.85390625 0.290625 0.0703125
2 0.80546875 0.93125 0.290625 0.05703125
0 0.80546875 0.92421875 0.290625 0.0703125
4 0.34765625 0.66875 0.5953125 0.446875
0 0.34765625 0.7203125 0.5953125 0.55078125
7 0.3390625 0.9234375 0.5390625 0.04453125
7 0.34765625 0.9640625 0.55625 0.0296875