7 0.5 0.0625 0.91796875 0.0625
0 0.5 0.14609375 0.91796875 0.0625
7 0.07421875 0.28671875 0.0609375 0.0234375
7 0.17265625 0.28671875 0.065625 0.0234375
7 0.2609375 0.28671875 0.040625 0.0234375
7 0.36328125 0.28671875 0.09375 0.0234375
4 0.5 0.28828125 0.115625 0.053125
0 0.5 0.2875 0.115625 0.0921875
6 0.75703125 0.28515625 0.0296875 0.0234375
0 0.8453125 0.2859375 0.11796875 0.053125
0 0.9390625 0.2859375 0.03984375 0.0328125
2 0.5 0.5234375 0.91796875 0.09921875
7 0.5 0.609375 0.91796875 0.05234375
0 0.5 0.73984375 0.14453125 0.0625
2 0.13046875 0.94296875 0.17890625 0.07265625
2 0.3640625 0.94296875 0.1546875 0.07265625
2 0.59453125 0.92421875 0.17109375 0.03671875
7 0.60859375 0.984375 0.2 0.03125
2 0.83828125 0.94296875 0.1828125 0.07265625