4 0.98046875 0.9390625 0.01953125 0.02890625
7 0.4046875 0.925 0.71171875 0.0484375
6 0.51328125 0.9390625 0.06171875 0.02109375
7 0.4125 0.95234375 0.7265625 0.0484375
6 0.4046875 0.96640625 0.178125 0.02109375
7 0.49453125 0.96640625 0.0046875 0.02109375
0 0.89140625 0.9390625 0.0640625 0.01953125
2 0.09453125 0.040625 0.1265625 0.03359375
0 0.215625 0.04140625 0.0625 0.04140625
0 0.28046875 0.04140625 0.0625 0.04140625
0 0.340625 0.04140625 0.05390625 0.04140625
0 0.4015625 0.04140625 0.06328125 0.04140625
0 0.46328125 0.04140625 0.05390625 0.04140625
7 0.53046875 0.04140625 0.059375 0.02109375
0 0.53046875 0.04140625 0.07734375 0.04140625
6 0.55 0.02890625 0.04375 0.01328125
4 0.66875 0.0328125 0.02421875 0.0328125
0 0.66796875 0.04140625 0.025 0.04921875
7 0.66796875 0.05859375 0.025 0.015625
4 0.7078125 0.0328125 0.02421875 0.0328125
0 0.7078125 0.04140625 0.03046875 0.04921875
7 0.7078125 0.05859375 0.03046875 0.015625
4 0.753125 0.0328125 0.02421875 0.0328125
0 0.753125 0.04140625 0.03828125 0.04921875
7 0.753125 0.05859375 0.03828125 0.015625
1 0.86484375 0.0390625 0.14140625 0.04453125
4 0.9515625 0.03984375 0.02421875 0.0328125
0 0.9515625 0.0390625 0.034375 0.04453125
4 0.5 0.11796875 1 0.0796875
0 0.5 0.11796875 1 0.0796875
4 0.93828125 0.215625 0.015625 0.021875
6 0.434375 0.2140625 0.75703125 0.01953125
4 0.2875 0.6578125 0.0109375 0.0140625
4 0.06796875 0.4765625 0.01484375 0.03671875
4 0.590625 0.4765625 0.01484375 0.03671875
4 0.32890625 0.47578125 0.55625 0.41015625
2 0.1078125 0.73359375 0.1140625 0.0296875
4 0.12890625 0.86796875 0.15625 0.209375
0 0.1296875 0.87109375 0.1578125 0.21640625
0 0.4109375 0.7875 0.384375 0.0484375
7 0.246875 0.82734375 0.05546875 0.01953125
6 0.30546875 0.82734375 0.0640625 0.01953125
7 0.371875 0.82734375 0.06875 0.01953125
3 0.45234375 0.82890625 0.06640625 0.02734375
7 0.25390625 0.8640625 0.0703125 0.01953125
7 0.40546875 0.89140625 0.3734375 0.07421875
6 0.48046875 0.95 0.0703125 0.01953125
6 0.571875 0.95 0.0640625 0.01953125
4 0.803125 0.4015625 0.29296875 0.26171875
2 0.803125 0.5453125 0.29296875 0.02109375
4 0.68046875 0.61953125 0.0484375 0.09921875
0 0.80078125 0.61953125 0.296875 0.109375
7 0.8296875 0.58828125 0.2265625 0.02578125
7 0.8296875 0.60859375 0.2265625 0.0171875
4 0.68046875 0.728125 0.0484375 0.09921875
0 0.80078125 0.728125 0.296875 0.109375
7 0.8296875 0.696875 0.2265625 0.02578125
7 0.8296875 0.7171875 0.2265625 0.0171875
4 0.68046875 0.8359375 0.0484375 0.09921875
0 0.80078125 0.8359375 0.296875 0.109375
7 0.8296875 0.8046875 0.2265625 0.02578125
7 0.8296875 0.825 0.2265625 0.0171875
4 0.68046875 0.94375 0.0484375 0.09921875
0 0.80078125 0.94375 0.296875 0.109375
7 0.8296875 0.9125 0.2265625 0.02578125
7 0.8296875 0.9328125 0.2265625 0.0171875
0 0.80078125 0.9984375 0.296875 0.00234375