4 0.06875 0.0328125 0.1078125 0.0390625
0 0.06875 0.0390625 0.13671875 0.06484375
1 0.68984375 0.03828125 0.27421875 0.05078125
0 0.8078125 0.0375 0.01640625 0.07421875
7 0.89609375 0.0375 0.04375 0.03125
0 0.91015625 0.0375 0.13125 0.04921875
7 0.940625 0.0375 0.04765625 0.03125
2 0.14609375 0.11953125 0.2625 0.03125
2 0.26328125 0.18359375 0.496875 0.04921875
4 0.8140625 0.153125 0.13203125 0.05078125
0 0.8328125 0.1265625 0.3046875 0.103125
0 0.1671875 0.36796875 0.3046875 0.053125
7 0.0796875 0.41953125 0.109375 0.03671875
0 0.1671875 0.4203125 0.3046875 0.053125
7 0.30390625 0.4203125 0.03046875 0.053125
7 0.053125 0.47109375 0.0546875 0.03671875
0 0.1671875 0.471875 0.3046875 0.053125
7 0.30390625 0.471875 0.03046875 0.053125
0 0.1671875 0.52421875 0.3046875 0.053125
0 0.1671875 0.5765625 0.3046875 0.053125
0 0.1671875 0.628125 0.3046875 0.053125
7 0.07578125 0.6796875 0.10078125 0.03671875
0 0.1671875 0.68046875 0.3046875 0.053125
7 0.30390625 0.68046875 0.03046875 0.053125
2 0.11171875 0.79765625 0.16484375 0.040625
6 0.14375 0.85390625 0.22734375 0.03125
7 0.0796875 0.90234375 0.0984375 0.03125
6 0.06875 0.93515625 0.046875 0.03125
7 0.1015625 0.93515625 0.01953125 0.03125
6 0.12734375 0.93515625 0.03203125 0.03125
7 0.153125 0.93515625 0.01953125 0.03125
6 0.190625 0.93515625 0.05546875 0.03125
6 0.1234375 0.9828125 0.18671875 0.03125
4 0.44453125 0.38046875 0.19375 0.15625
2 0.44453125 0.49609375 0.14375 0.06015625
4 0.66640625 0.384375 0.19453125 0.1640625
2 0.66640625 0.50546875 0.17265625 0.06015625
4 0.8890625 0.384375 0.19375 0.1640625
2 0.8890625 0.50546875 0.171875 0.06015625
7 0.54609375 0.5703125 0.12578125 0.02890625
6 0.6515625 0.5703125 0.08671875 0.02890625
7 0.7109375 0.5703125 0.0328125 0.02890625
6 0.7859375 0.5703125 0.11875 0.02890625
7 0.846875 0.5703125 0.0046875 0.02890625
2 0.46484375 0.66484375 0.203125 0.0375
7 0.4390625 0.7171875 0.15234375 0.025
7 0.6640625 0.8140625 0.6015625 0.15859375
7 0.66484375 0.934375 0.60234375 0.0609375
7 0.4390625 0.9828125 0.0734375 0.03125