2 0.13359375 0.03359375 0.21484375 0.04453125
0 0.13359375 0.0296875 0.21484375 0.05859375
0 0.40546875 0.0359375 0.0640625 0.0375
0 0.4984375 0.0359375 0.1140625 0.0375
0 0.6109375 0.0359375 0.10234375 0.0375
0 0.69765625 0.0359375 0.06328125 0.0375
0 0.765625 0.0359375 0.0640625 0.0375
0 0.8953125 0.03671875 0.15703125 0.046875
2 0.5 0.171875 0.8453125 0.078125
2 0.5 0.23984375 0.75625 0.078125
0 0.5 0.334375 0.3140625 0.0640625
4 0.15390625 0.41171875 0.190625 0.22109375
4 0.5328125 0.5671875 0.284375 0.0765625
4 0.071875 0.64375 0.0921875 0.115625
7 0.175 0.634375 0.296875 0.09765625
4 0.3890625 0.6359375 0.075 0.1
7 0.5 0.634375 0.296875 0.09765625
4 0.72578125 0.63671875 0.0984375 0.1015625
7 0.825 0.634375 0.296875 0.09765625
4 0.2265625 0.725 0.2828125 0.03125
7 0.453125 0.77578125 0.80625 0.02890625
7 0.9 0.77578125 0.0875 0.02890625
7 0.946875 0.77578125 0.00625 0.02890625
2 0.5 0.91953125 0.946875 0.04453125
4 0.69375 0.996875 0.1234375 0.00625
4 0.98671875 0.996875 0.0265625 0.00625
3 0.9265625 0.9546875 0.1078125 0.06484375