6 0.0734375 0.0359375 0.06953125 0.021875
6 0.1625 0.0359375 0.06953125 0.021875
6 0.2703125 0.0359375 0.10625 0.021875
6 0.3546875 0.0359375 0.0265625 0.021875
6 0.41171875 0.0359375 0.05 0.021875
2 0.0859375 0.165625 0.09375 0.11875
2 0.45390625 0.16796875 0.64140625 0.09375
4 0.5 0.553125 1 0.75
7 0.3109375 0.89296875 0.54296875 0.0234375
0 0.5 0.89453125 1 0.0859375
7 0.6265625 0.89296875 0.090625 0.0234375
7 0.8140625 0.99140625 0.0265625 0.0171875
6 0.8703125 0.99140625 0.0875 0.0171875
7 0.91484375 0.99140625 0.00390625 0.0171875
7 0.0578125 0.990625 0.0375 0.01796875
7 0.3078125 0.990625 0.4625 0.01796875
7 0.54765625 0.990625 0.0203125 0.01796875
7 0.384375 0.990625 0.690625 0.01796875
4 0.92734375 0.096875 0.1453125 0.19375