4 0.14375 0.040625 0.225 0.08125
0 0.14375 0.040625 0.225 0.08125
6 0.7828125 0.040625 0.14453125 0.02109375
6 0.928125 0.040625 0.08203125 0.02109375
4 0.4625 0.26171875 0.925 0.5234375
2 0.221875 0.20078125 0.38125 0.0703125
2 0.1734375 0.275 0.28515625 0.0703125
7 0.2421875 0.365625 0.421875 0.05625
7 0.2984375 0.38125 0.12890625 0.0234375
7 0.2421875 0.4140625 0.421875 0.08828125
4 0.734375 0.31953125 0.46875 0.4234375
2 0.5 0.63203125 0.703125 0.05078125
7 0.5 0.740625 0.703125 0.09921875
2 0.5 0.8390625 0.9375 0.0328125
0 0.1828125 0.915625 0.121875 0.05234375
0 0.29765625 0.915625 0.0859375 0.05234375
0 0.39921875 0.915625 0.09453125 0.05234375
0 0.5109375 0.915625 0.10859375 0.05234375
0 0.63046875 0.915625 0.10859375 0.05234375
0 0.73359375 0.915625 0.07734375 0.05234375
0 0.83046875 0.915625 0.09453125 0.05234375
4 0.79453125 0.9234375 0.4109375 0.15234375