4 0.071875 0.10625 0.1171875 0.2125
4 0.57734375 0.01484375 0.01640625 0.0140625
7 0.609375 0.015625 0.0484375 0.015625
4 0.646875 0.01484375 0.01640625 0.0140625
7 0.6796875 0.015625 0.05078125 0.015625
4 0.71953125 0.01484375 0.01640625 0.0140625
7 0.75078125 0.015625 0.0484375 0.015625
4 0.78828125 0.01484375 0.01640625 0.0140625
7 0.82109375 0.015625 0.05 0.015625
4 0.8578125 0.01484375 0.01640625 0.0140625
7 0.8875 0.015625 0.0453125 0.015625
4 0.9234375 0.01484375 0.01640625 0.0140625
7 0.95859375 0.015625 0.05546875 0.015625
6 0.16328125 0.015625 0.0265625 0.015625
7 0.18359375 0.015625 0.015625 0.015625
6 0.21171875 0.015625 0.040625 0.015625
4 0.56875 0.0359375 0.8359375 0.00390625
3 0.50625 0.11484375 0.7109375 0.1171875
6 0.17890625 0.20234375 0.05625 0.021875
6 0.18515625 0.23359375 0.06953125 0.021875
6 0.271875 0.20234375 0.0546875 0.021875
6 0.25703125 0.23359375 0.0265625 0.021875
6 0.3453125 0.20234375 0.046875 0.021875
6 0.33828125 0.23359375 0.03203125 0.021875
6 0.43828125 0.20234375 0.09296875 0.021875
6 0.41015625 0.23359375 0.0375 0.021875
1 0.8265625 0.2015625 0.19609375 0.02734375
1 0.9578125 0.2015625 0.05859375 0.02734375
6 0.6703125 0.23515625 0.00859375 0.01953125
6 0.6796875 0.23515625 0.01171875 0.01953125
6 0.6921875 0.23515625 0.0140625 0.01953125
6 0.7046875 0.23515625 0.0140625 0.01953125
6 0.71796875 0.23515625 0.0140625 0.01953125
6 0.728125 0.23515625 0.01171875 0.01953125
6 0.74140625 0.23515625 0.01484375 0.01953125
6 0.75390625 0.23515625 0.0140625 0.01953125
6 0.7640625 0.23515625 0.0078125 0.01953125
6 0.77265625 0.23515625 0.0109375 0.01953125
6 0.784375 0.23515625 0.0140625 0.01953125
6 0.79453125 0.23515625 0.0109375 0.01953125
6 0.80625 0.23515625 0.01484375 0.01953125
6 0.8203125 0.23515625 0.0140625 0.01953125
6 0.83359375 0.23515625 0.01484375 0.01953125
6 0.84609375 0.23515625 0.0125 0.01953125
6 0.85859375 0.23515625 0.01484375 0.01953125
6 0.87109375 0.23515625 0.0140625 0.01953125
6 0.88359375 0.23515625 0.0125 0.01953125
6 0.8953125 0.23515625 0.01171875 0.01953125
6 0.90703125 0.23515625 0.0140625 0.01953125
6 0.9203125 0.23515625 0.0140625 0.01953125
6 0.9328125 0.23515625 0.015625 0.01953125
6 0.946875 0.23515625 0.0140625 0.01953125
6 0.95859375 0.23515625 0.0125 0.01953125
6 0.96953125 0.23515625 0.01171875 0.01953125
6 0.98125 0.23515625 0.01171875 0.01953125
3 0.071875 0.61875 0.1171875 0.76171875
0 0.196875 0.28984375 0.065625 0.0171875
0 0.196875 0.315625 0.06953125 0.0171875
0 0.196875 0.3328125 0.06953125 0.0171875
0 0.196875 0.35 0.06953125 0.0171875
0 0.196875 0.36640625 0.06953125 0.0171875
0 0.196875 0.38359375 0.06953125 0.0171875
0 0.196875 0.4 0.06953125 0.0171875
0 0.196875 0.4171875 0.06953125 0.0171875
0 0.196875 0.434375 0.06953125 0.0171875
0 0.196875 0.4515625 0.06953125 0.0171875
0 0.196875 0.46796875 0.06953125 0.0171875
0 0.28046875 0.2875 0.06875 0.0171875
0 0.28046875 0.30390625 0.06875 0.0171875
0 0.28046875 0.32109375 0.06875 0.0171875
0 0.28046875 0.3375 0.06875 0.0171875
0 0.28046875 0.3546875 0.06875 0.0171875
0 0.28046875 0.371875 0.06875 0.0171875
0 0.28046875 0.3890625 0.06875 0.0171875
0 0.28046875 0.40546875 0.06875 0.0171875
0 0.3640625 0.28984375 0.065625 0.0171875
0 0.3640625 0.315625 0.06953125 0.0171875
0 0.3640625 0.3328125 0.06953125 0.0171875
0 0.3640625 0.35 0.06953125 0.0171875
0 0.3640625 0.375 0.06953125 0.03359375
0 0.3640625 0.4 0.06953125 0.0171875
0 0.3640625 0.4171875 0.06953125 0.0171875
0 0.446875 0.28984375 0.0640625 0.0171875
0 0.446875 0.315625 0.06875 0.0171875
0 0.446875 0.3328125 0.06875 0.0171875
0 0.446875 0.35 0.06875 0.0171875
0 0.446875 0.36640625 0.06875 0.0171875
0 0.446875 0.4046875 0.0640625 0.0171875
0 0.446875 0.43046875 0.06875 0.0171875
0 0.53046875 0.28984375 0.0640625 0.0171875
0 0.53046875 0.315625 0.06875 0.0171875
0 0.53046875 0.3328125 0.06875 0.0171875
0 0.53046875 0.35 0.06875 0.0171875
0 0.53046875 0.36640625 0.06875 0.0171875
0 0.53046875 0.38359375 0.06875 0.0171875
0 0.6125 0.28984375 0.06328125 0.0171875
0 0.6125 0.315625 0.0671875 0.0171875
0 0.6125 0.3328125 0.0671875 0.0171875
0 0.6125 0.35 0.0671875 0.0171875
0 0.6125 0.36640625 0.0671875 0.0171875
0 0.69453125 0.28984375 0.06328125 0.0171875
0 0.69453125 0.315625 0.0671875 0.0171875
0 0.69453125 0.3328125 0.0671875 0.0171875
0 0.69453125 0.35 0.0671875 0.0171875
0 0.69453125 0.36640625 0.0671875 0.0171875
0 0.69453125 0.38359375 0.0671875 0.0171875
0 0.69453125 0.4 0.0671875 0.0171875
0 0.69453125 0.4171875 0.0671875 0.0171875
0 0.69453125 0.434375 0.0671875 0.0171875
0 0.7765625 0.28984375 0.06328125 0.0171875
0 0.7765625 0.315625 0.0671875 0.0171875
0 0.7765625 0.3328125 0.0671875 0.0171875
0 0.7765625 0.35 0.0671875 0.0171875
0 0.7765625 0.36640625 0.0671875 0.0171875
0 0.7765625 0.38359375 0.0671875 0.0171875
0 0.7765625 0.4 0.0671875 0.0171875
0 0.7765625 0.4171875 0.0671875 0.0171875
0 0.7765625 0.434375 0.0671875 0.0171875
0 0.7765625 0.4515625 0.0671875 0.0171875
0 0.7765625 0.46796875 0.0671875 0.0171875
0 0.85859375 0.2875 0.0671875 0.0171875
0 0.85859375 0.30390625 0.0671875 0.0171875
0 0.85859375 0.32109375 0.0671875 0.0171875
0 0.85859375 0.3375 0.0671875 0.0171875
0 0.85859375 0.3546875 0.0671875 0.0171875
0 0.85859375 0.371875 0.0671875 0.0171875
0 0.85859375 0.3890625 0.0671875 0.0171875
0 0.85859375 0.40546875 0.0671875 0.0171875
0 0.85859375 0.42265625 0.0671875 0.0171875
0 0.85859375 0.4390625 0.0671875 0.0171875
0 0.85859375 0.45625 0.0671875 0.0171875
0 0.940625 0.28984375 0.06328125 0.0171875
0 0.940625 0.315625 0.0671875 0.0171875
0 0.940625 0.3328125 0.0671875 0.0171875
0 0.940625 0.35 0.0671875 0.0171875
0 0.940625 0.36640625 0.0671875 0.0171875
0 0.940625 0.38359375 0.0671875 0.0171875
7 0.9046875 0.52578125 0.06328125 0.015625
7 0.95859375 0.52578125 0.04609375 0.015625
7 0.93359375 0.54296875 0.0953125 0.015625
7 0.9140625 0.56015625 0.13671875 0.015625
6 0.23359375 0.525 0.1671875 0.02578125
7 0.36015625 0.5265625 0.0859375 0.01953125
6 0.4171875 0.5265625 0.02734375 0.01953125
7 0.453125 0.5265625 0.0484375 0.01953125
7 0.275 0.5484375 0.24921875 0.01953125
7 0.23125 0.58515625 0.13203125 0.01953125
7 0.4015625 0.58515625 0.21015625 0.01953125
7 0.19609375 0.6046875 0.0625 0.01953125
7 0.3625 0.6046875 0.2703125 0.01953125
6 0.5234375 0.60546875 0.0546875 0.015625
4 0.9765625 0.6546875 0.015625 0.02109375
0 0.56875 0.653125 0.8359375 0.02734375
6 0.203125 0.68671875 0.09765625 0.01953125
7 0.2625 0.68671875 0.021875 0.01953125
6 0.3203125 0.68671875 0.0953125 0.01953125
7 0.865625 0.68671875 0.01484375 0.01953125
6 0.8875 0.68671875 0.0328125 0.01953125
7 0.9125 0.68671875 0.015625 0.01953125
6 0.95 0.68671875 0.0640625 0.01953125
7 0.7234375 0.71484375 0.18046875 0.015625
6 0.8484375 0.71484375 0.05390625 0.015625
6 0.9359375 0.71484375 0.103125 0.015625
0 0.93671875 0.75390625 0.1 0.04140625
4 0.56875 0.7875 0.8359375 0.11484375
6 0.18359375 0.87421875 0.05859375 0.01953125
7 0.22109375 0.875 0.0109375 0.015625
7 0.23515625 0.875 0.0109375 0.015625
7 0.25 0.87421875 0.021875 0.01953125
6 0.31796875 0.87421875 0.11796875 0.01953125
4 0.3875 0.8734375 0.01171875 0.0140625
7 0.865625 0.87421875 0.01484375 0.01953125
6 0.8875 0.87421875 0.0328125 0.01953125
7 0.9125 0.87421875 0.015625 0.01953125
6 0.95 0.87421875 0.0640625 0.01953125
7 0.72734375 0.90234375 0.18046875 0.015625
6 0.8765625 0.90234375 0.10234375 0.015625
7 0.9578125 0.90234375 0.059375 0.015625
0 0.93671875 0.94140625 0.1 0.04140625
0 0.93671875 0.9828125 0.1 0.0296875
4 0.56796875 0.95859375 0.8359375 0.0828125