7 0.2078125 0.41015625 0.33671875 0.25234375
7 0.83359375 0.1625 0.24296875 0.07421875
7 0.9125 0.19140625 0.090625 0.015625
7 0.7609375 0.23984375 0.07734375 0.01796875
0 0.7609375 0.23984375 0.0984375 0.04140625
4 0.09453125 0.03203125 0.1109375 0.0328125
4 0.60859375 0.03046875 0.0234375 0.0328125
7 0.64375 0.03203125 0.03984375 0.021875
4 0.70703125 0.03046875 0.0234375 0.0328125
7 0.74375 0.03203125 0.0421875 0.021875
4 0.80625 0.03046875 0.021875 0.0328125
7 0.8421875 0.03203125 0.0375 0.021875
7 0.9265625 0.03046875 0.04609375 0.01953125
0 0.9265625 0.03046875 0.06953125 0.040625
7 0.0828125 0.08828125 0.05625 0.01796875
0 0.0828125 0.08828125 0.0875 0.05234375
7 0.26484375 0.08828125 0.03515625 0.01796875
0 0.2640625 0.08828125 0.07890625 0.05234375
7 0.4640625 0.08828125 0.09375 0.01796875
0 0.4640625 0.08828125 0.125 0.05234375
7 0.66328125 0.08828125 0.0390625 0.01796875
0 0.66328125 0.08828125 0.07890625 0.05234375
7 0.83984375 0.08828125 0.04296875 0.01796875
0 0.83984375 0.08828125 0.078125 0.05234375
2 0.11328125 0.16015625 0.1484375 0.046875
2 0.14765625 0.23203125 0.21796875 0.03671875
4 0.20703125 0.41015625 0.3359375 0.25234375
0 0.2078125 0.41015625 0.33671875 0.25234375
7 0.0609375 0.30703125 0.02734375 0.02578125
7 0.40859375 0.29296875 0.04375 0.015625
6 0.4859375 0.3453125 0.1984375 0.05703125
4 0.3953125 0.396875 0.01640625 0.02109375
0 0.403125 0.396875 0.0328125 0.02109375
7 0.41328125 0.396875 0.0140625 0.02109375
4 0.428125 0.396875 0.0109375 0.01328125
7 0.45625 0.396875 0.03203125 0.01328125
7 0.4953125 0.396875 0.04765625 0.01328125
4 0.20703125 0.71484375 0.3359375 0.25234375
0 0.2078125 0.71484375 0.33671875 0.25234375
7 0.0609375 0.61171875 0.02734375 0.02578125
7 0.40859375 0.59765625 0.04375 0.015625
6 0.478125 0.665625 0.1828125 0.08828125
4 0.3953125 0.7328125 0.01640625 0.02109375
0 0.4078125 0.7328125 0.0421875 0.02109375
7 0.4171875 0.7328125 0.02265625 0.02109375
4 0.43671875 0.7328125 0.0109375 0.01328125
7 0.465625 0.7328125 0.03203125 0.01328125
7 0.50703125 0.7328125 0.05390625 0.01328125
4 0.20703125 0.94609375 0.3359375 0.1078125
0 0.20703125 0.94609375 0.3359375 0.1078125
7 0.06171875 0.91640625 0.0296875 0.02578125
7 0.40859375 0.90234375 0.04375 0.015625
6 0.48359375 0.9625 0.19453125 0.07421875
2 0.68125 0.2109375 0.0375 0.015625
2 0.74296875 0.2390625 0.159375 0.0328125
4 0.73203125 0.334375 0.1375 0.1015625
0 0.73203125 0.334375 0.1375 0.1015625
7 0.6859375 0.30703125 0.03046875 0.02578125
6 0.8796875 0.33046875 0.1359375 0.08828125
4 0.81953125 0.35234375 0.01640625 0.021875
0 0.83671875 0.35234375 0.05 0.021875
7 0.84609375 0.35234375 0.03046875 0.021875
4 0.86953125 0.35234375 0.0109375 0.0140625
7 0.82734375 0.3796875 0.03203125 0.0140625
7 0.86484375 0.3796875 0.04375 0.0140625
4 0.73203125 0.4828125 0.1375 0.103125
0 0.73203125 0.4828125 0.1375 0.103125
7 0.68671875 0.4546875 0.03203125 0.02734375
6 0.8796875 0.4546875 0.1359375 0.04296875
4 0.81953125 0.49921875 0.01640625 0.021875
0 0.8609375 0.49921875 0.0984375 0.021875
7 0.8703125 0.49921875 0.07890625 0.021875
4 0.91875 0.49921875 0.0109375 0.0140625
7 0.82734375 0.5265625 0.03203125 0.0140625
7 0.86484375 0.5265625 0.04375 0.0140625
4 0.73203125 0.6296875 0.1375 0.103125
0 0.73203125 0.6296875 0.1375 0.103125
7 0.684375 0.60234375 0.02734375 0.02734375
6 0.8765625 0.60234375 0.13125 0.04296875
4 0.81953125 0.646875 0.01640625 0.021875
0 0.8453125 0.646875 0.0671875 0.021875
7 0.8546875 0.646875 0.04765625 0.021875
4 0.8875 0.646875 0.0109375 0.0140625
7 0.82734375 0.6734375 0.03203125 0.0140625
7 0.871875 0.6734375 0.0578125 0.0140625
2 0.70234375 0.865625 0.07890625 0.0171875
2 0.76796875 0.89296875 0.21015625 0.03359375
4 0.73203125 0.96875 0.1375 0.0625
0 0.73203125 0.96875 0.1375 0.0625
7 0.68515625 0.96171875 0.028125 0.02734375
6 0.87734375 0.96953125 0.1328125 0.0609375
4 0.81875 0.996875 0.015625 0.00625
0 0.85546875 0.996875 0.0890625 0.00625
7 0.86484375 0.996875 0.0703125 0.00625
4 0.90859375 0.99921875 0.0109375 0.0015625