2 0.50859375 0.08125 0.384375 0.0859375
4 0.5640625 0.4671875 0.38359375 0.47734375
7 0.71640625 0.16015625 0.09375 0.02265625
7 0.5546875 0.903125 0.3140625 0.09765625
7 0.30390625 0.86640625 0.07109375 0.03046875
7 0.71171875 0.74765625 0.06796875 0.0203125
7 0.30078125 0.25234375 0.08984375 0.0328125
7 0.2984375 0.31953125 0.08046875 0.0328125
7 0.31171875 0.38828125 0.1 0.040625
7 0.30546875 0.44765625 0.0984375 0.0421875
7 0.30625 0.51484375 0.08828125 0.03046875
7 0.29453125 0.5765625 0.08359375 0.0390625
7 0.3046875 0.63515625 0.096875 0.0375
7 0.3 0.7078125 0.08671875 0.04375