4 0.50078125 0.06796875 0.765625 0.11328125
2 0.42109375 0.07265625 0.27421875 0.096875
4 0.5 0.35078125 0.571875 0.3046875
4 0.22890625 0.7375 0.1515625 0.20546875
2 0.328125 0.43359375 0.2 0.03203125
7 0.33359375 0.47578125 0.209375 0.02421875
2 0.50078125 0.5875 0.63828125 0.04453125
2 0.57265625 0.678125 0.54453125 0.07421875
2 0.5734375 0.74296875 0.5453125 0.046875
2 0.575 0.81953125 0.540625 0.0953125
2 0.50390625 0.9234375 0.684375 0.15234375
0 0.15390625 0.1515625 0.05703125 0.03671875
0 0.21796875 0.15078125 0.0609375 0.03515625
0 0.2890625 0.15 0.0703125 0.034375
0 0.3578125 0.1484375 0.05859375 0.03359375
0 0.41875 0.15 0.05625 0.0359375
0 0.48828125 0.15 0.07421875 0.03359375
0 0.56796875 0.1515625 0.07890625 0.034375
0 0.6578125 0.15078125 0.0875 0.03515625