0 0.1078125 0.13515625 0.13671875 0.03125
0 0.2796875 0.13515625 0.0984375 0.03125
0 0.371875 0.13515625 0.0390625 0.03125
0 0.4453125 0.13515625 0.0609375 0.03125
0 0.54765625 0.13515625 0.0625 0.03125
0 0.69921875 0.13515625 0.0453125 0.03125
0 0.8609375 0.13515625 0.2 0.06015625
7 0.28828125 0.04140625 0.4984375 0.02109375
6 0.575 0.04140625 0.0765625 0.02109375
0 0.9515625 0.04140625 0.01953125 0.03125
4 0.5 0.3828125 0.921875 0.390625
2 0.5 0.6078125 0.615625 0.05859375
7 0.5 0.665625 0.296875 0.03671875
0 0.5 0.7734375 0.21875 0.07578125
0 0.5 0.7734375 0.21875 0.09609375
7 0.5 0.9203125 0.4296875 0.03125