4 0.02734375 0.04140625 0.03125 0.04140625
0 0.02734375 0.04140625 0.0546875 0.04140625
7 0.1109375 0.04140625 0.11328125 0.03671875
7 0.34375 0.04140625 0.29296875 0.03671875
0 0.08671875 0.10703125 0.10078125 0.04921875
0 0.1828125 0.10703125 0.0921875 0.04921875
0 0.303125 0.10703125 0.1484375 0.04921875
0 0.4453125 0.10703125 0.13671875 0.04921875
0 0.55078125 0.10703125 0.07421875 0.04921875
7 0.1046875 0.3703125 0.09765625 0.0453125
7 0.22421875 0.3703125 0.14140625 0.0453125
2 0.4953125 0.47578125 0.87890625 0.08203125
7 0.44609375 0.58828125 0.78125 0.08046875
0 0.15390625 0.74453125 0.19609375 0.06484375