2 0.1046875 0.0609375 0.165625 0.04453125
0 0.1046875 0.0765625 0.165625 0.02109375
5 0.6390625 0.028125 0.1875 0.01953125
5 0.771875 0.028125 0.0484375 0.01953125
1 0.61796875 0.059375 0.146875 0.0296875
1 0.8203125 0.059375 0.146875 0.0296875
1 0.94296875 0.06015625 0.0578125 0.0234375
6 0.803125 0.09140625 0.1125 0.01796875
7 0.24140625 0.2171875 0.4390625 0.11328125
4 0.28359375 0.4 0.52421875 0.25390625
7 0.7828125 0.165625 0.390625 0.0625
7 0.7828125 0.21953125 0.390625 0.0328125
1 0.6828125 0.2875 0.1890625 0.05078125
1 0.8828125 0.2875 0.1890625 0.05078125
1 0.7828125 0.35078125 0.38984375 0.05078125
1 0.7828125 0.41484375 0.38984375 0.05078125
7 0.7828125 0.4796875 0.390625 0.02734375
1 0.6140625 0.51953125 0.0515625 0.0390625
1 0.6734375 0.51953125 0.0671875 0.0390625
1 0.73671875 0.51953125 0.059375 0.0390625
4 0.784375 0.51875 0.015625 0.021875
0 0.784375 0.52109375 0.015625 0.02578125
7 0.7828125 0.565625 0.390625 0.02734375
1 0.603125 0.6046875 0.0125 0.0171875
5 0.6515625 0.60859375 0.07890625 0.02734375
1 0.71015625 0.6046875 0.0140625 0.0171875
5 0.7609375 0.60859375 0.084375 0.02734375
1 0.8171875 0.6046875 0.0140625 0.0171875
5 0.8578125 0.60859375 0.06328125 0.02734375
4 0.90703125 0.6078125 0.01640625 0.021875
0 0.90703125 0.609375 0.01640625 0.02578125
7 0.71953125 0.65 0.2625 0.0171875
6 0.64140625 0.66875 0.1078125 0.0171875
7 0.71875 0.66875 0.046875 0.0171875
6 0.77421875 0.66875 0.06875 0.0171875
7 0.82109375 0.66875 0.025 0.0171875
6 0.728125 0.678125 0.28125 0.03515625
7 0.740625 0.69609375 0.30546875 0.03515625
0 0.6828125 0.7671875 0.1890625 0.05234375
6 0.6421875 0.85 0.10859375 0.02109375
7 0.7453125 0.8609375 0.3140625 0.04296875
7 0.04375 0.96484375 0.04375 0.02109375
6 0.1078125 0.96484375 0.06640625 0.01796875
6 0.17109375 0.96484375 0.04375 0.01796875
6 0.24765625 0.96484375 0.09296875 0.01796875
6 0.33125 0.96484375 0.05546875 0.01796875
6 0.3921875 0.96484375 0.0484375 0.01796875
6 0.4734375 0.96484375 0.0953125 0.01796875
6 0.54765625 0.96484375 0.0359375 0.01796875
6 0.59296875 0.96484375 0.03828125 0.01796875
6 0.63359375 0.96484375 0.02265625 0.01796875
6 0.67109375 0.96484375 0.0359375 0.01796875
4 0.71328125 0.96484375 0.0125 0.015625
0 0.71328125 0.96484375 0.03046875 0.02578125