4 0.590625 0.1375 0.56640625 0.26640625
2 0.153125 0.13671875 0.30546875 0.26953125
2 0.39375 0.4234375 0.0875 0.04609375
2 0.38828125 0.48203125 0.08046875 0.02109375
2 0.0640625 0.2921875 0.09453125 0.0484375
0 0.55234375 0.29765625 0.04453125 0.0484375
0 0.609375 0.29765625 0.06875 0.04921875
0 0.68203125 0.296875 0.0765625 0.0453125
0 0.753125 0.29609375 0.06171875 0.04609375
0 0.8140625 0.29765625 0.05390625 0.04921875
0 0.8578125 0.29609375 0.03359375 0.046875
7 0.51484375 0.590625 0.3359375 0.13125
7 0.51328125 0.721875 0.32890625 0.078125
7 0.42578125 0.83125 0.15546875 0.08203125
2 0.0484375 0.88359375 0.0609375 0.03671875
7 0.04140625 0.95859375 0.0453125 0.015625
1 0.07578125 0.8015625 0.11171875 0.03203125
5 0.0421875 0.80078125 0.03984375 0.02109375
0 0.078125 0.34140625 0.15 0.0390625
0 0.078125 0.38359375 0.15078125 0.03671875
0 0.07890625 0.4234375 0.1515625 0.040625
0 0.078125 0.46640625 0.1515625 0.04140625
0 0.07734375 0.50859375 0.15078125 0.0390625
0 0.0765625 0.5484375 0.153125 0.03671875
0 0.0765625 0.58984375 0.153125 0.0453125
0 0.07734375 0.63125 0.153125 0.034375
0 0.078125 0.67109375 0.153125 0.03828125
0 0.078125 0.7125 0.15390625 0.04375