4 0.05625 0.04140625 0.08203125 0.02890625
0 0.05625 0.04140625 0.08203125 0.02890625
7 0.1625 0.04140625 0.0328125 0.03125
0 0.171875 0.04140625 0.0859375 0.05234375
4 0.18984375 0.04140625 0.02421875 0.03125
1 0.315625 0.04140625 0.203125 0.05234375
1 0.55 0.04140625 0.203125 0.05234375
4 0.70234375 0.04140625 0.02421875 0.03125
0 0.70234375 0.04140625 0.03984375 0.05234375
0 0.81484375 0.04140625 0.12421875 0.04140625
0 0.934375 0.04140625 0.10078125 0.04140625
2 0.84375 0.12890625 0.28125 0.0390625
2 0.84375 0.1796875 0.28125 0.05234375
1 0.84375 0.27890625 0.28125 0.0625
5 0.84375 0.27890625 0.28125 0.0625
1 0.7921875 0.35703125 0.17890625 0.0625
5 0.84375 0.35703125 0.28125 0.0625
0 0.9328125 0.3578125 0.1046875 0.06484375
0 0.775 0.44296875 0.14453125 0.05234375
0 0.91953125 0.44296875 0.1296875 0.0625
4 0.97265625 0.125 0.0234375 0.03125
0 0.97265625 0.125 0.046875 0.0625
2 0.28203125 0.27734375 0.5328125 0.2734375
4 0.73125 0.5671875 0.5375 0.865625
1 0.21484375 0.48203125 0.3984375 0.0625
5 0.21484375 0.48203125 0.3984375 0.0625
1 0.21484375 0.56015625 0.3984375 0.0625
5 0.21484375 0.56015625 0.3984375 0.0625
7 0.203125 0.61875 0.375 0.02890625
6 0.07578125 0.64296875 0.1203125 0.02890625
7 0.1515625 0.64296875 0.034375 0.02890625
6 0.23125 0.64296875 0.1265625 0.02890625
7 0.321875 0.64296875 0.05625 0.02890625
6 0.20703125 0.65546875 0.3828125 0.053125
7 0.12421875 0.66796875 0.1078125 0.02890625
0 0.21484375 0.7328125 0.3984375 0.07265625