4 0.38515625 0.66015625 0.4375 0.46953125
4 0.7453125 0.48046875 0.17421875 0.27578125
4 0.746875 0.8375 0.17421875 0.25
4 0.5 0.5 1 1
2 0.365625 0.10078125 0.4078125 0.05234375
7 0.23671875 0.14609375 0.14375 0.0296875
0 0.19296875 0.21015625 0.06875 0.0453125
0 0.27265625 0.20859375 0.08984375 0.0546875
0 0.36953125 0.20625 0.09609375 0.05390625
0 0.46640625 0.2109375 0.1015625 0.05703125
2 0.38359375 0.31953125 0.43671875 0.07109375
6 0.21953125 0.3890625 0.109375 0.0234375
7 0.3828125 0.96015625 0.440625 0.0796875