2 0.5 0.0453125 1 0.04453125
4 0.0796875 0.04296875 0.0390625 0.05234375
0 0.0796875 0.0453125 0.0390625 0.05625
1 0.403125 0.04296875 0.5875 0.03671875
7 0.66171875 0.04296875 0.04375 0.02109375
0 0.66171875 0.04296875 0.06953125 0.03359375
4 0.74609375 0.040625 0.01953125 0.02734375
7 0.7796875 0.04296875 0.040625 0.02109375
0 0.76796875 0.04296875 0.0828125 0.0859375
4 0.83203125 0.040625 0.025 0.02734375
0 0.84765625 0.04296875 0.0765625 0.0859375
7 0.8625 0.04296875 0.02734375 0.02109375
4 0.90625 0.0453125 0.0171875 0.0140625
7 0.9359375 0.04453125 0.0265625 0.0234375
0 0.0890625 0.1078125 0.0953125 0.0390625
0 0.1859375 0.1078125 0.09765625 0.0390625
0 0.28046875 0.1078125 0.0921875 0.0390625
0 0.37109375 0.1078125 0.08984375 0.0390625
0 0.45234375 0.1078125 0.0734375 0.0390625
0 0.53828125 0.1078125 0.09765625 0.0390625
4 0.5 0.35234375 1 0.44921875
2 0.23359375 0.271875 0.375 0.1265625
0 0.23359375 0.3171875 0.375 0.2171875
2 0.23359375 0.3859375 0.375 0.0796875
0 0.1765625 0.4625 0.159375 0.05078125
0 0.3171875 0.4625 0.103125 0.05078125
0 0.25 0.603125 0.5 0.0546875
0 0.75 0.603125 0.5 0.0546875
2 0.5 0.7171875 0.946875 0.04296875
4 0.10546875 0.81875 0.12890625 0.13828125
0 0.10546875 0.83984375 0.12890625 0.1796875
2 0.10546875 0.91484375 0.12890625 0.0296875
4 0.26328125 0.81875 0.1296875 0.13828125
0 0.26328125 0.83984375 0.1296875 0.1796875
2 0.26328125 0.91484375 0.1296875 0.0296875
4 0.42109375 0.81875 0.1296875 0.13828125
0 0.42109375 0.8453125 0.159375 0.19140625
2 0.42109375 0.91484375 0.1296875 0.0296875
4 0.57890625 0.81875 0.12890625 0.13828125
0 0.57890625 0.83984375 0.12890625 0.1796875
2 0.57890625 0.91484375 0.12890625 0.0296875
4 0.73671875 0.81875 0.1296875 0.13828125
0 0.73671875 0.83984375 0.1296875 0.1796875
2 0.73671875 0.91484375 0.1296875 0.0296875
4 0.8953125 0.81875 0.1296875 0.13828125
0 0.8953125 0.8453125 0.159375 0.19140625
2 0.8953125 0.91484375 0.1296875 0.0296875
7 0.9859375 0.38828125 0.02734375 0.15078125
0 0.9859375 0.3109375 0.02734375 0.03671875
3 0.0046875 0.5 0.009375 1