6 0.09453125 0.08828125 0.053125 0.02109375
6 0.18359375 0.08828125 0.040625 0.02109375
6 0.26796875 0.08828125 0.04375 0.02109375
4 0.5 0.103125 0.29296875 0.06484375
0 0.5 0.1046875 0.29296875 0.06875
6 0.7609375 0.0765625 0.2109375 0.04140625
0 0.80234375 0.05234375 0.29375 0.10390625
4 0.9125 0.05546875 0.0734375 0.09765625
6 0.090625 0.18125 0.0796875 0.04921875
6 0.18671875 0.18125 0.05078125 0.04921875
6 0.31796875 0.18125 0.153125 0.04921875
6 0.459375 0.18125 0.06875 0.04921875
6 0.55625 0.18125 0.06875 0.04921875
6 0.65546875 0.18125 0.0703125 0.04921875
6 0.753125 0.18125 0.0640625 0.04921875
6 0.834375 0.18125 0.03984375 0.04921875
6 0.9171875 0.18125 0.0640625 0.04921875
4 0.34375 0.63125 0.5859375 0.73671875
0 0.34375 0.63125 0.5859375 0.73671875
4 0.34375 0.63125 0.5859375 0.73671875
2 0.2953125 0.62109375 0.05 0.02109375
2 0.36875 0.62109375 0.096875 0.02109375
2 0.34375 0.6765625 0.375 0.071875
2 0.321875 0.78359375 0.396875 0.14296875
2 0.38203125 0.89140625 0.3625 0.21484375
2 0.775 0.3203125 0.1984375 0.0625
7 0.690625 0.41015625 0.0296875 0.03125
2 0.83359375 0.409375 0.22578125 0.0765625
7 0.690625 0.5078125 0.0296875 0.03125
2 0.8234375 0.50703125 0.2046875 0.0765625
7 0.690625 0.60546875 0.0296875 0.03125
2 0.81953125 0.6046875 0.1984375 0.0765625
7 0.690625 0.703125 0.0296875 0.03125
2 0.83515625 0.70234375 0.228125 0.0765625
7 0.690625 0.80078125 0.0296875 0.03125
2 0.834375 0.8 0.2265625 0.0765625
7 0.690625 0.91171875 0.0296875 0.03125
2 0.82890625 0.9109375 0.215625 0.103125