4 0.0890625 0.03125 0.13125 0.04140625
0 0.0890625 0.03125 0.13125 0.04140625
6 0.2515625 0.03125 0.05390625 0.0625
6 0.3703125 0.03125 0.08984375 0.0625
6 0.4890625 0.03125 0.0546875 0.0625
0 0.84609375 0.03125 0.11796875 0.046875
0 0.95234375 0.03125 0.06328125 0.046875
2 0.5 0.15 0.5171875 0.0703125
1 0.5 0.26015625 0.796875 0.046875
7 0.1078125 0.465625 0.07421875 0.0296875
2 0.2640625 0.55390625 0.38671875 0.10546875
7 0.2640625 0.7 0.38671875 0.1578125
0 0.14609375 0.8453125 0.1515625 0.0640625
0 0.325 0.8453125 0.13671875 0.0328125
4 0.7359375 0.65625 0.3125 0.41640625