4 0.07109375 0.0875 0.1234375 0.11953125
0 0.5 0.08828125 1 0.1765625
7 0.5828125 0.0609375 0.7328125 0.0328125
7 0.5796875 0.1 0.109375 0.0328125
4 0.0796875 0.2046875 0.04609375 0.0390625
0 0.0796875 0.2078125 0.04609375 0.0453125
7 0.14765625 0.2078125 0.028125 0.025
0 0.1734375 0.2078125 0.1109375 0.02734375
6 0.19609375 0.2078125 0.0671875 0.025
2 0.39375 0.37421875 0.240625 0.115625
2 0.63359375 0.37421875 0.240625 0.115625
2 0.39375 0.465625 0.240625 0.115625
2 0.65390625 0.465625 0.28046875 0.115625
7 0.5859375 0.62265625 0.625 0.0625
1 0.64453125 0.76796875 0.6484375 0.08359375
2 0.103125 0.9859375 0.14453125 0.02734375
4 0.3484375 0.9859375 0.08203125 0.02734375
0 0.3484375 0.9859375 0.15 0.02734375
4 0.57578125 0.9859375 0.0828125 0.02734375
0 0.57578125 0.9859375 0.24140625 0.02734375
4 0.803125 0.9859375 0.08203125 0.02734375
0 0.803125 0.9859375 0.15 0.02734375
0 0.984375 0.321875 0.03125 0.16953125