0 0.07734375 0.02890625 0.13203125 0.05703125
7 0.234375 0.02890625 0.05625 0.02109375
0 0.234375 0.02890625 0.0765625 0.05703125
7 0.3578125 0.02890625 0.0453125 0.02109375
0 0.3578125 0.02890625 0.0640625 0.05703125
7 0.478125 0.02890625 0.0546875 0.02109375
0 0.478125 0.02890625 0.07421875 0.05703125
7 0.609375 0.02890625 0.0625 0.02109375
0 0.609375 0.02890625 0.08203125 0.05703125
7 0.73828125 0.02890625 0.053125 0.02109375
0 0.73828125 0.02890625 0.071875 0.05703125
7 0.8640625 0.02890625 0.05390625 0.02109375
0 0.8640625 0.02890625 0.0734375 0.05703125
4 0.9703125 0.02890625 0.0359375 0.05703125
2 0.5 0.23203125 0.41015625 0.11484375
1 0.5 0.384375 0.478125 0.07421875
4 0.28984375 0.38359375 0.01875 0.025
7 0.17265625 0.6328125 0.11015625 0.03125
2 0.046875 0.68046875 0.05078125 0.01953125
6 0.04140625 0.7140625 0.03984375 0.01953125
6 0.03125 0.746875 0.01953125 0.01953125
6 0.04609375 0.78046875 0.05 0.01953125
6 0.03515625 0.81328125 0.02734375 0.01953125
6 0.06328125 0.846875 0.084375 0.01953125
6 0.040625 0.88046875 0.03828125 0.01796875
6 0.04609375 0.91328125 0.0484375 0.01953125
6 0.0484375 0.946875 0.0546875 0.01953125
6 0.0421875 0.9796875 0.040625 0.01953125
2 0.2328125 0.68046875 0.03984375 0.01953125
6 0.2890625 0.7140625 0.15234375 0.01953125
6 0.2421875 0.746875 0.05859375 0.01953125
6 0.23125 0.78046875 0.0375 0.01953125
6 0.2703125 0.81328125 0.115625 0.01953125
6 0.228125 0.846875 0.03046875 0.01953125
6 0.24765625 0.88046875 0.06953125 0.01796875
6 0.24609375 0.91328125 0.06640625 0.01953125
6 0.246875 0.946875 0.0671875 0.01953125
2 0.428125 0.68046875 0.046875 0.01953125
6 0.421875 0.7140625 0.03515625 0.01953125
6 0.41796875 0.746875 0.02734375 0.01953125
6 0.45390625 0.78046875 0.1 0.01953125
6 0.43125 0.81328125 0.05390625 0.01953125
6 0.44609375 0.846875 0.084375 0.01953125
6 0.42265625 0.88046875 0.0375 0.01796875
6 0.434375 0.91328125 0.0609375 0.01953125
2 0.62421875 0.68046875 0.0578125 0.01953125
6 0.65 0.7140625 0.10859375 0.01953125
6 0.6234375 0.746875 0.0546875 0.01953125
6 0.628125 0.78046875 0.0640625 0.01953125
6 0.634375 0.81328125 0.07734375 0.01953125
6 0.64453125 0.846875 0.09765625 0.01953125
6 0.64296875 0.88046875 0.09453125 0.01796875
6 0.6546875 0.91328125 0.11796875 0.01953125
6 0.65390625 0.946875 0.11640625 0.01953125
2 0.8109375 0.68046875 0.046875 0.01953125
6 0.8078125 0.7140625 0.0421875 0.01953125
6 0.8375 0.746875 0.1015625 0.01953125
6 0.8609375 0.78046875 0.14765625 0.01953125
6 0.8265625 0.81328125 0.07890625 0.01953125
6 0.81796875 0.846875 0.06171875 0.01953125
2 0.8109375 0.89921875 0.04765625 0.01953125
6 0.85625 0.94296875 0.1375 0.0390625
6 0.8390625 0.9859375 0.1046875 0.01953125