4 0.1140625 0.03125 0.18046875 0.04140625
0 0.1140625 0.03125 0.18046875 0.04140625
6 0.29765625 0.03125 0.0578125 0.0625
6 0.4 0.03125 0.04296875 0.0625
6 0.48515625 0.03125 0.05625 0.0625
1 0.68671875 0.03125 0.1953125 0.046875
0 0.8546875 0.03125 0.11015625 0.046875
0 0.9546875 0.03125 0.05859375 0.046875
4 0.7359375 0.2984375 0.225 0.29921875
2 0.2640625 0.16796875 0.44921875 0.10390625
7 0.2640625 0.3140625 0.44921875 0.125
0 0.1 0.4625 0.121875 0.046875
2 0.3453125 0.6109375 0.0765625 0.05234375
2 0.4484375 0.6109375 0.13125 0.05234375
2 0.60234375 0.6109375 0.1796875 0.05234375
4 0.1453125 0.7359375 0.0625 0.0484375
0 0.1453125 0.740625 0.0625 0.05703125
7 0.1453125 0.81875 0.2125 0.03125
4 0.38203125 0.7359375 0.0625 0.084375
0 0.38203125 0.740625 0.0625 0.09375
7 0.38203125 0.81875 0.2125 0.03125
4 0.61796875 0.7359375 0.0625 0.084375
0 0.61796875 0.740625 0.0625 0.09375
7 0.61796875 0.81875 0.2125 0.03125
4 0.8546875 0.7359375 0.0625 0.084375
0 0.8546875 0.740625 0.0625 0.09375
7 0.8546875 0.81875 0.2125 0.03125
4 0.1453125 0.94453125 0.0625 0.084375
0 0.1453125 0.94921875 0.0625 0.09375
4 0.38203125 0.94453125 0.0625 0.084375
0 0.38203125 0.94921875 0.0625 0.09375
4 0.61796875 0.94453125 0.0625 0.084375
0 0.61796875 0.94921875 0.0625 0.09375
4 0.8546875 0.94453125 0.0625 0.084375
0 0.8546875 0.94921875 0.0625 0.09375