4 0.13515625 0.05390625 0.1203125 0.053125
0 0.13515625 0.0515625 0.1203125 0.0484375
7 0.53125 0.0515625 0.078125 0.0328125
7 0.6578125 0.0515625 0.09765625 0.0328125
7 0.8 0.0515625 0.10859375 0.0328125
4 0.9015625 0.0515625 0.015625 0.021875
4 0.3296875 0.2203125 0.509375 0.1703125
2 0.3296875 0.34140625 0.509375 0.02109375
2 0.3296875 0.4078125 0.509375 0.103125
0 0.3296875 0.4078125 0.509375 0.103125
7 0.3296875 0.53203125 0.509375 0.0953125
7 0.3296875 0.6203125 0.509375 0.0328125
7 0.1234375 0.678125 0.065625 0.025
7 0.15859375 0.678125 0.00703125 0.025
7 0.1921875 0.678125 0.06171875 0.025
7 0.2375 0.678125 0.03203125 0.025
7 0.28984375 0.678125 0.0734375 0.025
7 0.45 0.678125 0.25 0.025
7 0.12109375 0.709375 0.0609375 0.025
6 0.1921875 0.709375 0.078125 0.025
7 0.3125 0.709375 0.1640625 0.025
7 0.125 0.740625 0.06875 0.025
7 0.303125 0.740625 0.2890625 0.025
7 0.1125 0.771875 0.04375 0.025
7 0.19375 0.771875 0.11875 0.025
6 0.27421875 0.771875 0.04375 0.025
7 0.296875 0.771875 0.00390625 0.025
7 0.121875 0.803125 0.0625 0.025
7 0.159375 0.803125 0.0140625 0.025
6 0.265625 0.803125 0.2015625 0.025
7 0.43828125 0.803125 0.146875 0.025
7 0.3296875 0.86015625 0.509375 0.0328125
6 0.13203125 0.9203125 0.0734375 0.025
0 0.13203125 0.9203125 0.1140625 0.0375
3 0.78046875 0.25234375 0.27421875 0.234375
2 0.784375 0.3890625 0.28125 0.01953125
2 0.784375 0.43984375 0.28125 0.0703125
0 0.784375 0.43984375 0.28125 0.0703125
6 0.678125 0.5171875 0.06875 0.0234375
4 0.7609375 0.703125 0.23515625 0.234375
2 0.784375 0.8296875 0.28125 0.01953125
2 0.784375 0.8640625 0.28125 0.03515625
0 0.784375 0.8640625 0.28125 0.03515625
6 0.68046875 0.9234375 0.07421875 0.0234375