4 0.03046875 0.03515625 0.01484375 0.03671875
0 0.07421875 0.03515625 0.1484375 0.0703125
4 0.07734375 0.03515625 0.07421875 0.03671875
6 0.265625 0.03515625 0.165625 0.0703125
0 0.27578125 0.03515625 0.0890625 0.0703125
4 0.35859375 0.03515625 0.02421875 0.03125
0 0.35859375 0.03515625 0.02421875 0.0703125
6 0.65546875 0.03515625 0.03125 0.06015625
6 0.740625 0.03515625 0.04296875 0.06015625
0 0.81328125 0.03515625 0.05859375 0.03359375
4 0.8140625 0.03515625 0.0296875 0.0390625
0 0.9265625 0.03515625 0.146875 0.0703125
7 0.0875 0.10703125 0.065625 0.03125
0 0.0875 0.10703125 0.065625 0.07265625
7 0.1984375 0.10703125 0.05 0.03125
0 0.1984375 0.10703125 0.05 0.07265625
7 0.340625 0.10703125 0.1265625 0.03125
0 0.340625 0.10703125 0.1265625 0.07265625
7 0.0953125 0.2046875 0.1125 0.02734375
0 0.10625 0.2046875 0.134375 0.0453125
4 0.16484375 0.20625 0.01875 0.025
4 0.25625 0.41171875 0.434375 0.32578125
4 0.559375 0.41171875 0.15546875 0.32578125
4 0.803125 0.41171875 0.31640625 0.32578125
4 0.29375 0.7875 0.50859375 0.4046875
4 0.75859375 0.7875 0.40546875 0.4046875
7 0.365625 0.96328125 0.52265625 0.0234375
0 0.7140625 0.96328125 0.1125 0.05234375
0 0.83671875 0.96328125 0.1171875 0.05234375