4 0.034375 0.0390625 0.0484375 0.06484375
0 0.0828125 0.0390625 0.146875 0.06484375
4 0.1078125 0.0390625 0.09765625 0.06484375
4 0.89765625 0.02265625 0.02421875 0.0328125
0 0.89765625 0.0265625 0.02421875 0.040625
4 0.93828125 0.02265625 0.02421875 0.0328125
0 0.93828125 0.0265625 0.02421875 0.040625
4 0.978125 0.02265625 0.02421875 0.0328125
0 0.978125 0.0265625 0.02421875 0.040625
7 0.04140625 0.10546875 0.06328125 0.05234375
1 0.9578125 0.10390625 0.0640625 0.0390625
4 0.5 0.396875 0.98046875 0.490625
0 0.0328125 0.6328125 0.0265625 0.02890625
0 0.059375 0.6328125 0.0265625 0.02890625
0 0.08515625 0.6328125 0.0265625 0.02890625
0 0.11171875 0.6328125 0.0265625 0.02890625
0 0.13828125 0.6328125 0.0265625 0.02890625
0 0.16484375 0.6328125 0.0265625 0.02890625
0 0.190625 0.6328125 0.0265625 0.02890625
0 0.2171875 0.6328125 0.0265625 0.02890625
0 0.24375 0.6328125 0.0265625 0.02890625
0 0.2703125 0.6328125 0.0265625 0.02890625
0 0.29609375 0.6328125 0.0265625 0.02890625
0 0.32265625 0.6328125 0.0265625 0.02890625
2 0.0875 0.721875 0.15546875 0.03515625
2 0.184375 0.71953125 0.01640625 0.021875
2 0.0296875 0.7921875 0.0390625 0.06640625
6 0.08828125 0.76953125 0.02421875 0.0234375
2 0.2828125 0.803125 0.41328125 0.02890625
2 0.0296875 0.8609375 0.0390625 0.06640625
6 0.1109375 0.83828125 0.06953125 0.0234375
2 0.359375 0.87265625 0.56640625 0.02890625
2 0.0296875 0.93125 0.0390625 0.06640625
6 0.1109375 0.9078125 0.06953125 0.0234375
2 0.2953125 0.94296875 0.4375 0.02890625
2 0.0296875 0.98359375 0.0390625 0.0328125
6 0.1109375 0.978125 0.06953125 0.0234375
2 0.2171875 0.9984375 0.28203125 0.00234375