4 0.0171875 0.0234375 0.034375 0.046875
0 0.1328125 0.0234375 0.1953125 0.046875
0 0.32734375 0.0234375 0.19453125 0.046875
4 0.21171875 0.09375 0.171875 0.05234375
0 0.221875 0.09609375 0.19140625 0.05703125
7 0.3703125 0.09609375 0.075 0.01796875
1 0.56796875 0.09609375 0.23359375 0.03671875
6 0.7984375 0.025 0.0515625 0.02109375
0 0.80625 0.059375 0.0671875 0.084375
6 0.8015625 0.04140625 0.05859375 0.02109375
7 0.7921875 0.05859375 0.0390625 0.02109375
7 0.79140625 0.07578125 0.03828125 0.02109375
6 0.80546875 0.0921875 0.06640625 0.02109375
7 0.065625 0.1875 0.10078125 0.04140625
4 0.13359375 0.1875 0.01484375 0.01796875
0 0.13359375 0.1875 0.03203125 0.04140625
7 0.01171875 0.1875 0.0234375 0.03125
0 0.07578125 0.1875 0.1515625 0.04140625
4 0.053125 0.18828125 0.04609375 0.025
7 0.10859375 0.1875 0.0515625 0.02109375
7 0.2234375 0.1875 0.0703125 0.03125
0 0.2796875 0.1875 0.21484375 0.04140625
4 0.28828125 0.18828125 0.04609375 0.025
7 0.34453125 0.1875 0.0515625 0.02109375
7 0.446875 0.1875 0.04609375 0.03125
0 0.50234375 0.1875 0.190625 0.04140625
4 0.49921875 0.18828125 0.04609375 0.025
7 0.55546875 0.1875 0.0515625 0.02109375
7 0.66484375 0.1875 0.0609375 0.03125
0 0.7203125 0.1875 0.20390625 0.04140625
4 0.725 0.18828125 0.04609375 0.025
7 0.78046875 0.1875 0.0515625 0.02109375
7 0.915625 0.1875 0.1125 0.03125
0 0.92109375 0.1875 0.15703125 0.04140625
4 0.9890625 0.18828125 0.021875 0.025
3 0.5 0.2875 0.7109375 0.1171875
2 0.171875 0.5046875 0.16015625 0.0484375
2 0.31875 0.5046875 0.134375 0.0484375
7 0.2734375 0.565625 0.36328125 0.0796875
7 0.64921875 0.459375 0.271875 0.09140625
7 0.5328125 0.5296875 0.0390625 0.03515625
7 0.578125 0.5296875 0.05078125 0.03515625
7 0.63046875 0.5296875 0.0578125 0.03515625
7 0.6703125 0.5296875 0.02265625 0.03515625
7 0.68984375 0.5296875 0.0203125 0.03515625
7 0.7125 0.5296875 0.0265625 0.03515625
7 0.75859375 0.5296875 0.065625 0.03515625
4 0.8109375 0.53046875 0.02421875 0.0328125
7 0.5828125 0.67265625 0.1390625 0.021875
0 0.640625 0.6734375 0.25390625 0.0234375
7 0.70390625 0.67265625 0.10234375 0.021875
7 0.815625 0.6171875 0.0984375 0.13515625
2 0.3296875 0.8 0.5390625 0.0328125
7 0.3296875 0.84765625 0.5390625 0.05234375
4 0.1890625 0.95234375 0.2578125 0.0953125
0 0.1890625 0.95234375 0.2578125 0.0953125
4 0.4703125 0.95234375 0.2578125 0.0953125
0 0.4703125 0.95234375 0.2578125 0.0953125
3 0.7921875 0.89140625 0.29375 0.2171875