4 0.0421875 0.04375 0.04609375 0.03515625
0 0.03984375 0.04296875 0.0796875 0.0859375
7 0.13203125 0.0421875 0.0734375 0.0171875
0 0.14296875 0.04296875 0.11640625 0.04140625
4 0.18125 0.04375 0.0171875 0.025
4 0.65390625 0.0421875 0.0125 0.0171875
0 0.70078125 0.04375 0.1453125 0.0453125
7 0.71015625 0.04296875 0.08671875 0.01796875
4 0.80703125 0.0421875 0.0125 0.0171875
0 0.83984375 0.04375 0.084375 0.040625
7 0.84453125 0.04296875 0.0546875 0.01796875
7 0.93359375 0.04609375 0.053125 0.04296875
0 0.93359375 0.0453125 0.09375 0.046875
4 0.33515625 0.396875 0.63125 0.52109375
7 0.83046875 0.15 0.3015625 0.02734375
2 0.83046875 0.271875 0.3015625 0.20859375
0 0.73125 0.3984375 0.103125 0.0234375
0 0.8375 0.3984375 0.090625 0.0234375
0 0.9203125 0.3984375 0.0578125 0.0234375
7 0.83046875 0.4453125 0.3015625 0.05234375
4 0.6921875 0.5 0.02421875 0.03125
4 0.725 0.5 0.02421875 0.03125
4 0.75859375 0.5 0.02421875 0.03125
4 0.79140625 0.5 0.02421875 0.03125
4 0.1703125 0.8578125 0.30078125 0.24765625
7 0.1703125 0.9953125 0.30078125 0.009375
4 0.50078125 0.8578125 0.3015625 0.24765625
4 0.371875 0.9515625 0.025 0.0328125
0 0.50078125 0.8609375 0.3015625 0.25234375
7 0.50078125 0.9953125 0.3015625 0.009375
4 0.83046875 0.8578125 0.3015625 0.24765625
7 0.83046875 0.9953125 0.3015625 0.009375
2 0.28984375 0.9625 0.365625 0.02109375
2 0.60703125 0.9625 0.2703125 0.02109375
2 0.8265625 0.9625 0.1328125 0.040625
4 0.96640625 0.96328125 0.0109375 0.02890625