3 0.5 0.1890625 0.946875 0.32578125
4 0.1125 0.40625 0.225 0.059375
0 0.1125 0.40625 0.225 0.059375
0 0.9703125 0.40703125 0.04375 0.05859375
6 0.075 0.46484375 0.1109375 0.0234375
6 0.2546875 0.46484375 0.184375 0.0234375
6 0.43515625 0.46484375 0.1140625 0.0234375
6 0.6046875 0.46484375 0.1625 0.0234375
6 0.83203125 0.46484375 0.23046875 0.0234375
6 0.9890625 0.46484375 0.021875 0.0234375
2 0.4796875 0.890625 0.51640625 0.06015625
7 0.2328125 0.9703125 0.021875 0.02578125
6 0.29296875 0.9703125 0.1 0.02578125
4 0.5 0.6703125 0.5953125 0.32578125