4 0.103125 0.1109375 0.16796875 0.0390625
0 0.103125 0.1109375 0.16796875 0.0390625
4 0.9703125 0.1109375 0.01953125 0.02578125
0 0.9703125 0.1109375 0.01953125 0.02578125
7 0.03828125 0.02578125 0.0375 0.02578125
0 0.490625 0.028125 0.98046875 0.025
6 0.2390625 0.025 0.34375 0.02109375
7 0.1765625 0.1546875 0.01640625 0.02578125
7 0.253125 0.1578125 0.13984375 0.02109375
7 0.57734375 0.1546875 0.509375 0.02578125
2 0.25390625 0.46796875 0.4765625 0.165625
7 0.25390625 0.66484375 0.4765625 0.1890625
2 0.7875 0.31953125 0.3296875 0.0484375
1 0.7875 0.41640625 0.3296875 0.0625
1 0.7875 0.5 0.3296875 0.0625
1 0.7875 0.58359375 0.3296875 0.0625
0 0.7875 0.66640625 0.3296875 0.0625
7 0.7875 0.7359375 0.3296875 0.03359375
7 0.70078125 0.80625 0.0578125 0.02109375
0 0.70078125 0.8046875 0.15703125 0.0625
7 0.87421875 0.80625 0.05625 0.02109375
0 0.87421875 0.8046875 0.1578125 0.0625
7 0.7390625 0.8890625 0.171875 0.01953125
6 0.871875 0.8890625 0.09375 0.01953125
7 0.43671875 0.9390625 0.7890625 0.053125
0 0.13671875 0.9546875 0.08984375 0.02578125
7 0.4078125 0.95390625 0.453125 0.025
0 0.915625 0.9390625 0.084375 0.05859375