7 0.0765625 0.046875 0.15234375 0.078125
0 0.0765625 0.046875 0.15234375 0.078125
7 0.75078125 0.0484375 0.09765625 0.02890625
6 0.84140625 0.0484375 0.03984375 0.02890625
6 0.91484375 0.0484375 0.06171875 0.02890625
0 0.98359375 0.0484375 0.0328125 0.05703125
4 0.5234375 0.2171875 0.953125 0.11875
4 0.5 0.584375 1 0.55234375
7 0.846875 0.4875 0.259375 0.0875
7 0.846875 0.5546875 0.259375 0.046875
7 0.83203125 0.65625 0.23046875 0.078125
0 0.83203125 0.659375 0.23046875 0.01953125
4 0.26875 0.9546875 0.39453125 0.08984375