4 0.49921875 0.44375 0.69296875 0.45078125
2 0.27890625 0.11953125 0.14609375 0.03671875
7 0.32109375 0.14921875 0.2328125 0.0234375
1 0.75546875 0.11640625 0.0765625 0.0359375
5 0.753125 0.11796875 0.0359375 0.01796875
3 0.50078125 0.953125 0.978125 0.0625
7 0.296875 0.95234375 0.55390625 0.04140625
6 0.38828125 0.96015625 0.10703125 0.02265625
0 0.91640625 0.9546875 0.13984375 0.0390625
2 0.49453125 0.83515625 0.2125 0.0359375
7 0.496875 0.8734375 0.21796875 0.02265625
7 0.26953125 0.846875 0.13125 0.0421875
7 0.31875 0.88515625 0.03984375 0.02578125
7 0.2546875 0.809375 0.1109375 0.01875
4 0.7796875 0.83828125 0.05 0.04765625
0 0.2328125 0.6890625 0.06015625 0.0390625
0 0.31328125 0.690625 0.084375 0.0421875
0 0.3875 0.690625 0.0484375 0.04140625
0 0.4546875 0.69296875 0.07265625 0.040625
0 0.5328125 0.6921875 0.06484375 0.03828125
0 0.60078125 0.6921875 0.0578125 0.046875
0 0.27890625 0.7421875 0.153125 0.0375