7 0.1625 0.04375 0.1078125 0.0375
4 0.5 0.04453125 0.1703125 0.05234375
7 0.87734375 0.04453125 0.15703125 0.03125
0 0.8625 0.04921875 0.215625 0.0984375
7 0.11015625 0.01015625 0.0546875 0.0203125
0 0.109375 0.025 0.15625 0.05
7 0.11015625 0.0296875 0.14453125 0.01328125
7 0.2796875 0.01015625 0.053125 0.0203125
0 0.2796875 0.025 0.15625 0.05
7 0.28046875 0.0296875 0.14453125 0.01328125
7 0.44921875 0.01015625 0.0578125 0.0203125
0 0.45 0.025 0.15625 0.05
7 0.45 0.0296875 0.14453125 0.01328125
7 0.11015625 0.09375 0.0625 0.02890625
0 0.11015625 0.10078125 0.15625 0.07421875
7 0.11015625 0.1171875 0.14453125 0.01328125
7 0.28046875 0.09375 0.06875 0.02890625
0 0.28046875 0.10078125 0.15625 0.07421875
7 0.28046875 0.1171875 0.14453125 0.01328125
7 0.45 0.09375 0.040625 0.02890625
0 0.45 0.10078125 0.15625 0.07421875
7 0.45 0.1171875 0.14453125 0.01328125
7 0.11015625 0.18125 0.0484375 0.02890625
0 0.11015625 0.18828125 0.15625 0.07421875
7 0.11015625 0.2046875 0.14453125 0.01328125
7 0.28046875 0.18125 0.04296875 0.02890625
0 0.28046875 0.18828125 0.15625 0.07421875
7 0.28046875 0.2046875 0.14453125 0.01328125
7 0.45 0.18125 0.05078125 0.02890625
0 0.45 0.18828125 0.15625 0.07421875
7 0.45 0.2046875 0.14453125 0.01328125
7 0.11015625 0.26796875 0.040625 0.02890625
0 0.11015625 0.275 0.15625 0.07421875
7 0.11015625 0.29140625 0.14453125 0.01328125
7 0.28046875 0.26796875 0.0546875 0.02890625
0 0.28046875 0.275 0.15625 0.07421875
7 0.28046875 0.29140625 0.14453125 0.01328125
7 0.45 0.26796875 0.0953125 0.02890625
0 0.45 0.275 0.15625 0.07421875
7 0.45 0.29140625 0.14453125 0.01328125
7 0.11015625 0.35546875 0.08984375 0.02890625
0 0.11015625 0.3625 0.15625 0.07421875
7 0.11015625 0.37890625 0.14453125 0.01328125
7 0.28046875 0.35546875 0.0546875 0.02890625
0 0.28046875 0.3625 0.15625 0.07421875
7 0.28046875 0.37890625 0.14453125 0.01328125
7 0.45 0.35546875 0.04296875 0.02890625
0 0.45 0.3625 0.15625 0.07421875
7 0.45 0.37890625 0.14453125 0.01328125
7 0.11015625 0.44296875 0.046875 0.02890625
0 0.11015625 0.45 0.15625 0.07421875
7 0.11015625 0.46640625 0.14453125 0.01328125
7 0.28046875 0.44296875 0.071875 0.02890625
0 0.28046875 0.45 0.15625 0.07421875
7 0.28046875 0.46640625 0.14453125 0.01328125
7 0.45 0.44296875 0.0609375 0.02890625
0 0.45 0.45 0.15625 0.07421875
7 0.45 0.46640625 0.14453125 0.01328125
7 0.11015625 0.5296875 0.05625 0.02890625
0 0.11015625 0.5375 0.15625 0.07421875
7 0.11015625 0.553125 0.14453125 0.01328125
7 0.28046875 0.5296875 0.0796875 0.02890625
0 0.28046875 0.5375 0.15625 0.07421875
7 0.28046875 0.553125 0.14453125 0.01328125
7 0.45 0.5296875 0.053125 0.02890625
0 0.45 0.5375 0.15625 0.07421875
7 0.45 0.553125 0.14453125 0.01328125
7 0.11015625 0.6171875 0.06640625 0.02890625
0 0.11015625 0.62421875 0.15625 0.07421875
7 0.11015625 0.640625 0.14453125 0.01328125
1 0.32421875 0.15234375 0.4921875 0.0703125
7 0.840625 0.15078125 0.053125 0.02890625
4 0.9203125 0.15 0.05859375 0.0390625
2 0.5 0.26484375 0.9078125 0.05625
7 0.09140625 0.334375 0.0671875 0.02890625
0 0.10703125 0.33515625 0.1203125 0.0375
7 0.1421875 0.3359375 0.034375 0.0234375
7 0.2328125 0.334375 0.0984375 0.02890625
0 0.2484375 0.33515625 0.1515625 0.0375
7 0.29921875 0.3359375 0.034375 0.0234375
7 0.35859375 0.334375 0.0359375 0.02890625
0 0.37421875 0.33515625 0.0890625 0.0375
7 0.39375 0.3359375 0.034375 0.0234375
7 0.46171875 0.334375 0.053125 0.02890625
0 0.47734375 0.33515625 0.10546875 0.0375
7 0.50546875 0.3359375 0.034375 0.0234375
7 0.57734375 0.334375 0.0609375 0.02890625
0 0.59296875 0.33515625 0.11328125 0.0375
7 0.62421875 0.3359375 0.034375 0.0234375
7 0.6921875 0.334375 0.053125 0.02890625
0 0.7078125 0.33515625 0.10546875 0.0375
7 0.7359375 0.3359375 0.034375 0.0234375
7 0.80546875 0.334375 0.05625 0.02890625
0 0.82109375 0.33515625 0.109375 0.0375
7 0.85078125 0.3359375 0.034375 0.0234375
7 0.10390625 0.3828125 0.09296875 0.02890625
0 0.11953125 0.38359375 0.1453125 0.0375
7 0.1671875 0.384375 0.034375 0.0234375
7 0.25078125 0.3828125 0.0828125 0.02890625
0 0.26640625 0.38359375 0.1359375 0.0375
7 0.309375 0.384375 0.034375 0.0234375
7 0.3890625 0.3828125 0.0765625 0.02890625
0 0.4046875 0.38359375 0.12890625 0.0375
7 0.44375 0.384375 0.034375 0.0234375
7 0.503125 0.3828125 0.0359375 0.02890625
0 0.51875 0.38359375 0.0890625 0.0375
7 0.53828125 0.384375 0.034375 0.0234375
7 0.609375 0.3828125 0.05859375 0.02890625
0 0.625 0.38359375 0.1109375 0.0375
7 0.65546875 0.384375 0.034375 0.0234375
7 0.73203125 0.3828125 0.06953125 0.02890625
0 0.74765625 0.38359375 0.121875 0.0375
7 0.78359375 0.384375 0.034375 0.0234375
7 0.8484375 0.3828125 0.046875 0.02890625
0 0.8640625 0.38359375 0.1 0.0375
7 0.8890625 0.384375 0.034375 0.0234375
7 0.06953125 0.43125 0.02421875 0.02890625
0 0.08515625 0.43125 0.07734375 0.0375
7 0.09921875 0.43203125 0.034375 0.0234375
7 0.17890625 0.43125 0.07734375 0.02890625
0 0.19453125 0.43125 0.1296875 0.0375
7 0.23515625 0.43203125 0.034375 0.0234375
7 0.3 0.43125 0.046875 0.02890625
0 0.315625 0.43125 0.1 0.0375
7 0.340625 0.43203125 0.034375 0.0234375
7 0.42109375 0.43125 0.07890625 0.02890625
0 0.43671875 0.43125 0.13203125 0.0375
7 0.478125 0.43203125 0.034375 0.0234375
7 0.54140625 0.43125 0.04375 0.02890625
0 0.5515625 0.43125 0.0859375 0.0375
7 0.575 0.43203125 0.0234375 0.0234375
7 0.63515625 0.43125 0.04765625 0.02890625
0 0.6453125 0.43125 0.08984375 0.0375
7 0.67109375 0.43203125 0.0234375 0.0234375
7 0.7390625 0.43125 0.06328125 0.02890625
0 0.74921875 0.43125 0.10546875 0.0375
7 0.78203125 0.43203125 0.0234375 0.0234375
7 0.865625 0.43125 0.09453125 0.02890625
0 0.87578125 0.43125 0.13671875 0.0375
7 0.925 0.43203125 0.0234375 0.0234375
7 0.08515625 0.47890625 0.05546875 0.02890625
0 0.0953125 0.4796875 0.09765625 0.0375
7 0.125 0.48046875 0.0234375 0.0234375
7 0.24375 0.47890625 0.16484375 0.02890625
0 0.25390625 0.4796875 0.20703125 0.0375
7 0.3375 0.48046875 0.0234375 0.0234375
7 0.440625 0.47890625 0.1328125 0.02890625
0 0.45078125 0.4796875 0.175 0.0375
7 0.51875 0.48046875 0.0234375 0.0234375
7 0.5921875 0.47890625 0.07421875 0.02890625
0 0.60234375 0.4796875 0.11640625 0.0375
7 0.640625 0.48046875 0.0234375 0.0234375
7 0.7171875 0.47890625 0.0796875 0.02890625
0 0.72734375 0.4796875 0.121875 0.0375
7 0.76875 0.48046875 0.0234375 0.0234375
7 0.8171875 0.47890625 0.02421875 0.02890625
0 0.82734375 0.4796875 0.06640625 0.0375
7 0.840625 0.48046875 0.0234375 0.0234375
7 0.08125 0.52734375 0.04765625 0.02890625
0 0.0921875 0.528125 0.08984375 0.0375
7 0.1171875 0.52890625 0.0234375 0.0234375
7 0.1890625 0.52734375 0.071875 0.02890625
0 0.2 0.528125 0.1140625 0.0375
7 0.2375 0.52890625 0.0234375 0.0234375
7 0.33515625 0.52734375 0.1234375 0.02890625
0 0.3453125 0.528125 0.16484375 0.0375
7 0.4078125 0.52890625 0.0234375 0.0234375
7 0.4765625 0.52734375 0.0640625 0.02890625
0 0.48671875 0.528125 0.10625 0.0375
7 0.5203125 0.52890625 0.0234375 0.0234375
7 0.60859375 0.52734375 0.1046875 0.02890625
0 0.61875 0.528125 0.146875 0.0375
7 0.67265625 0.52890625 0.0234375 0.0234375
7 0.73984375 0.52734375 0.06171875 0.02890625
0 0.75 0.528125 0.103125 0.0375
7 0.78203125 0.52890625 0.0234375 0.0234375
7 0.8609375 0.52734375 0.08515625 0.02890625
0 0.87109375 0.528125 0.1265625 0.0375
7 0.91484375 0.52890625 0.0234375 0.0234375
7 0.09453125 0.57578125 0.0734375 0.02890625
0 0.1046875 0.5765625 0.115625 0.0375
7 0.1421875 0.5765625 0.0234375 0.0234375
7 0.2015625 0.57578125 0.04609375 0.02890625
0 0.21171875 0.5765625 0.0875 0.0375
7 0.2359375 0.5765625 0.0234375 0.0234375
7 0.3171875 0.57578125 0.0890625 0.02890625
0 0.32734375 0.5765625 0.13125 0.0375
7 0.3734375 0.5765625 0.0234375 0.0234375
7 0.43671875 0.57578125 0.05546875 0.02890625
0 0.446875 0.5765625 0.09765625 0.0375
7 0.4765625 0.5765625 0.0234375 0.0234375
7 0.5671875 0.57578125 0.109375 0.02890625
0 0.57734375 0.5765625 0.1515625 0.0375
7 0.63359375 0.5765625 0.0234375 0.0234375
7 0.68671875 0.57578125 0.0328125 0.02890625
0 0.696875 0.5765625 0.075 0.0375
7 0.71484375 0.5765625 0.0234375 0.0234375
7 0.77421875 0.57578125 0.046875 0.02890625
0 0.784375 0.5765625 0.0890625 0.0375
7 0.809375 0.5765625 0.0234375 0.0234375
7 0.11171875 0.6234375 0.10859375 0.02890625
0 0.121875 0.62421875 0.15 0.0375
7 0.178125 0.625 0.0234375 0.0234375
7 0.24921875 0.6234375 0.07109375 0.02890625
0 0.259375 0.62421875 0.11328125 0.0375
7 0.296875 0.625 0.0234375 0.0234375
7 0.3734375 0.6234375 0.08125 0.02890625
0 0.38359375 0.62421875 0.1234375 0.0375
7 0.42578125 0.625 0.0234375 0.0234375
7 0.49453125 0.6234375 0.065625 0.02890625
0 0.5046875 0.62421875 0.1078125 0.0375
7 0.5390625 0.625 0.0234375 0.0234375
7 0.5921875 0.6234375 0.034375 0.02890625
0 0.60234375 0.62421875 0.0765625 0.0375
7 0.62109375 0.625 0.0234375 0.0234375
7 0.69140625 0.6234375 0.06875 0.02890625
0 0.7015625 0.62421875 0.11015625 0.0375
7 0.7375 0.625 0.0234375 0.0234375
7 0.8328125 0.6234375 0.11875 0.02890625
0 0.84296875 0.62421875 0.1609375 0.0375
7 0.9046875 0.625 0.0234375 0.0234375
7 0.0921875 0.671875 0.06875 0.02890625
0 0.10234375 0.67265625 0.11015625 0.0375
7 0.1375 0.6734375 0.0234375 0.0234375
7 0.20625 0.671875 0.065625 0.02890625
0 0.2171875 0.67265625 0.1078125 0.0375
7 0.25078125 0.6734375 0.0234375 0.0234375
7 0.31953125 0.671875 0.0640625 0.02890625
0 0.3296875 0.67265625 0.10625 0.0375
7 0.36328125 0.6734375 0.0234375 0.0234375
7 0.4234375 0.671875 0.04765625 0.02890625
0 0.43359375 0.67265625 0.08984375 0.0375
7 0.459375 0.6734375 0.0234375 0.0234375
7 0.528125 0.671875 0.065625 0.02890625
0 0.53828125 0.67265625 0.1078125 0.0375
7 0.571875 0.6734375 0.0234375 0.0234375
7 0.634375 0.671875 0.0515625 0.02890625
0 0.640625 0.67265625 0.0859375 0.0375
7 0.66796875 0.6734375 0.015625 0.0234375
7 0.7375 0.671875 0.07421875 0.02890625
0 0.74375 0.67265625 0.10859375 0.0375
7 0.78203125 0.6734375 0.015625 0.0234375
7 0.86796875 0.671875 0.10625 0.02890625
0 0.87421875 0.67265625 0.140625 0.0375
7 0.92890625 0.6734375 0.015625 0.0234375
7 0.14921875 0.7203125 0.18359375 0.02890625
0 0.15546875 0.7203125 0.21796875 0.0375
7 0.24921875 0.72109375 0.015625 0.0234375
7 0.5046875 0.38125 0.0765625 0.02890625
0 0.13203125 0.4375 0.17265625 0.05703125
0 0.2953125 0.4375 0.153125 0.05703125
0 0.4453125 0.4375 0.146875 0.05703125
0 0.7890625 0.43984375 0.0234375 0.02890625
0 0.8171875 0.43984375 0.02734375 0.03671875
0 0.84765625 0.43984375 0.02734375 0.03671875
0 0.878125 0.43984375 0.02734375 0.03671875
0 0.909375 0.43984375 0.03046875 0.03671875
4 0.0953125 0.540625 0.06640625 0.08984375
0 0.175 0.540625 0.0625 0.0390625
6 0.17890625 0.5734375 0.0703125 0.025
7 0.21953125 0.5734375 0.01171875 0.025
6 0.25234375 0.5734375 0.05390625 0.025
7 0.2828125 0.5734375 0.0078125 0.025
6 0.17109375 0.60234375 0.05546875 0.025
7 0.178125 0.68984375 0.240625 0.11953125
0 0.25 0.75703125 0.0953125 0.0375
4 0.31484375 0.63515625 0.0359375 0.30703125
7 0.77265625 0.50859375 0.0421875 0.01953125
0 0.75703125 0.50859375 0.0734375 0.021875
3 0.39765625 0.8828125 0.703125 0.1171875
4 0.16171875 0.97734375 0.22734375 0.0453125
7 0.09296875 0.98125 0.05390625 0.01953125
0 0.08515625 0.98125 0.0703125 0.021875
4 0.421875 0.97734375 0.228125 0.0453125
7 0.353125 0.98125 0.0546875 0.01953125
0 0.3453125 0.98125 0.07109375 0.021875
4 0.68203125 0.97734375 0.22734375 0.0453125
7 0.6140625 0.98125 0.0546875 0.01953125
0 0.60625 0.98125 0.07109375 0.021875
3 0.88984375 0.7390625 0.1265625 0.521875
7 0.1828125 0.89609375 0.2390625 0.02890625
7 0.61875 0.9125 0.634375 0.0609375
7 0.26875 0.96328125 0.13671875 0.02890625
6 0.38359375 0.96328125 0.0953125 0.02890625
7 0.58125 0.96328125 0.30078125 0.02890625
0 0.7703125 0.9640625 0.059375 0.0375