7 0.46171875 0.03828125 0.26640625 0.0296875
6 0.6515625 0.03828125 0.09375 0.0296875
4 0.05390625 0.109375 0.1078125 0.02578125
7 0.1609375 0.10859375 0.0578125 0.0328125
0 0.1609375 0.10859375 0.07734375 0.06640625
7 0.24140625 0.10859375 0.04609375 0.0328125
0 0.24140625 0.10859375 0.065625 0.06640625
7 0.325 0.10859375 0.0625 0.0328125
0 0.325 0.10859375 0.08203125 0.06640625
7 0.4 0.10859375 0.0296875 0.0328125
0 0.4 0.10859375 0.0484375 0.06640625
7 0.85625 0.10859375 0.040625 0.0328125
0 0.85625 0.10859375 0.0609375 0.06640625
0 0.94609375 0.10859375 0.0984375 0.0484375
7 0.5 0.4171875 0.421875 0.11328125
7 0.5 0.5 0.421875 0.05234375
0 0.4171875 0.6078125 0.1609375 0.05859375
0 0.58515625 0.6078125 0.15625 0.05859375
4 0.240625 0.88828125 0.421875 0.2234375
2 0.77421875 0.9171875 0.421875 0.053125
7 0.76796875 0.97734375 0.409375 0.0453125