4 0.11640625 0.07265625 0.146875 0.06015625
0 0.11640625 0.08046875 0.146875 0.07578125
0 0.3078125 0.08046875 0.0984375 0.05234375
0 0.40703125 0.08046875 0.0734375 0.05234375
0 0.49609375 0.08046875 0.0796875 0.05234375
0 0.5921875 0.08046875 0.08671875 0.05234375
0 0.68671875 0.08046875 0.0765625 0.05234375
4 0.77421875 0.0765625 0.01484375 0.01953125
0 0.77421875 0.08125 0.01484375 0.0296875
0 0.81171875 0.08125 0.04609375 0.0296875
0 0.90234375 0.08046875 0.11875 0.0703125
4 0.3359375 0.35859375 0.5859375 0.2484375
2 0.36015625 0.6265625 0.634375 0.1890625
0 0.13359375 0.79921875 0.19140625 0.0703125
2 0.55859375 0.2875 0.1640625 0.02734375
7 0.75859375 0.40390625 0.434375 0.26015625
2 0.75859375 0.57734375 0.434375 0.03515625
7 0.75859375 0.61875 0.434375 0.02734375
6 0.6328125 0.740625 0.1109375 0.0234375