4 0.0578125 0.0453125 0.05625 0.046875
0 0.0578125 0.0453125 0.05625 0.046875
1 0.3703125 0.0453125 0.5109375 0.0390625
7 0.6875 0.0453125 0.0453125 0.02578125
0 0.70390625 0.0453125 0.0984375 0.0390625
7 0.871875 0.0453125 0.159375 0.021875
0 0.87109375 0.0453125 0.19921875 0.0390625
7 0.04375 0.11015625 0.028125 0.021875
0 0.04375 0.1109375 0.028125 0.02578125
7 0.140625 0.11015625 0.0953125 0.021875
0 0.140625 0.1109375 0.0953125 0.02578125
7 0.92265625 0.11015625 0.0578125 0.021875
2 0.24453125 0.2140625 0.42109375 0.06875
7 0.3609375 0.2796875 0.653125 0.0390625
2 0.3609375 0.4234375 0.653125 0.05234375
2 0.19296875 0.5015625 0.278125 0.02578125
7 0.0921875 0.546875 0.05625 0.02578125
0 0.19765625 0.546875 0.26875 0.02578125
7 0.13125 0.546875 0.0234375 0.02578125
7 0.0921875 0.58046875 0.05625 0.02578125
0 0.19765625 0.58046875 0.26875 0.02578125
7 0.13671875 0.58046875 0.03515625 0.02578125
7 0.0921875 0.61484375 0.05625 0.02578125
0 0.19765625 0.61484375 0.26875 0.02578125
7 0.17109375 0.61484375 0.1046875 0.02578125
7 0.0921875 0.6484375 0.05625 0.02578125
0 0.19765625 0.6484375 0.26875 0.02578125
7 0.17578125 0.6484375 0.11328125 0.02578125
7 0.0921875 0.68203125 0.05625 0.02578125
0 0.19765625 0.68203125 0.26875 0.02578125
7 0.14375 0.68203125 0.05 0.02578125
7 0.0921875 0.71640625 0.05625 0.02578125
0 0.19765625 0.71640625 0.26875 0.02578125
7 0.16484375 0.71640625 0.090625 0.02578125
7 0.0921875 0.75 0.05625 0.02578125
0 0.19765625 0.75 0.26875 0.02578125
7 0.1453125 0.75 0.053125 0.02578125
7 0.0921875 0.78359375 0.05625 0.02578125
0 0.19765625 0.78359375 0.26875 0.02578125
7 0.14921875 0.78359375 0.0609375 0.02578125
7 0.0921875 0.81796875 0.05625 0.02578125
0 0.19765625 0.81796875 0.26875 0.02578125
7 0.16484375 0.81796875 0.0921875 0.02578125
7 0.0921875 0.86484375 0.05625 0.05234375
0 0.19765625 0.86484375 0.26875 0.05234375
7 0.22578125 0.86484375 0.2125 0.05234375
7 0.0921875 0.91171875 0.05625 0.02578125
0 0.19765625 0.91171875 0.26875 0.02578125
7 0.2234375 0.91171875 0.209375 0.02578125
2 0.52890625 0.5015625 0.278125 0.02578125
7 0.428125 0.546875 0.05625 0.02578125
0 0.53359375 0.546875 0.26875 0.02578125
7 0.4671875 0.546875 0.02265625 0.02578125
7 0.428125 0.58046875 0.05625 0.02578125
0 0.53359375 0.58046875 0.26875 0.02578125
7 0.4671875 0.58046875 0.02265625 0.02578125
7 0.428125 0.61484375 0.05625 0.02578125
0 0.53359375 0.61484375 0.26875 0.02578125
7 0.4671875 0.61484375 0.02265625 0.02578125
2 0.8609375 0.16953125 0.21953125 0.02578125
2 0.8609375 0.24765625 0.21953125 0.02578125
7 0.834375 0.2921875 0.1671875 0.021875
7 0.81875 0.325 0.1359375 0.021875
7 0.80703125 0.3578125 0.1125 0.021875
7 0.80859375 0.38984375 0.115625 0.021875
7 0.34140625 0.9078125 0.590625 0.021875
6 0.67265625 0.9078125 0.07109375 0.021875
7 0.05546875 0.97265625 0.071875 0.02109375
7 0.14921875 0.97265625 0.03828125 0.02109375
7 0.790625 0.97421875 0.3796875 0.02109375