6 0.9578125 0.03828125 0.034375 0.021875
6 0.90234375 0.03828125 0.0546875 0.021875
7 0.93203125 0.03828125 0.00859375 0.021875
4 0.0328125 0.03984375 0.015625 0.021875
6 0.0671875 0.03828125 0.04375 0.021875
7 0.09453125 0.03828125 0.0125 0.021875
1 0.175 0.0390625 0.1421875 0.02578125
1 0.2859375 0.0390625 0.07421875 0.02578125
6 0.37578125 0.03828125 0.1 0.021875
7 0.42890625 0.03828125 0.00859375 0.021875
1 0.75390625 0.03984375 0.1328125 0.025
1 0.84296875 0.03984375 0.03984375 0.025
7 0.86796875 0.03828125 0.00390625 0.021875
2 0.621875 0.1265625 0.72578125 0.04921875
7 0.621875 0.2 0.72578125 0.0296875
7 0.36328125 0.2484375 0.209375 0.0234375
6 0.41875 0.303125 0.24140625 0.03125
7 0.30625 0.3375 0.0171875 0.021875
6 0.4015625 0.3375 0.1734375 0.021875
7 0.5171875 0.3375 0.0609375 0.021875
6 0.33203125 0.3890625 0.06875 0.03125
7 0.328125 0.4203125 0.0609375 0.02890625
6 0.37890625 0.475 0.1625 0.03125
7 0.38125 0.50625 0.1671875 0.02890625
6 0.39296875 0.5609375 0.190625 0.03125
7 0.42578125 0.5921875 0.25625 0.02890625
6 0.4109375 0.646875 0.2265625 0.03125
7 0.42421875 0.678125 0.253125 0.02890625
6 0.3765625 0.7328125 0.15703125 0.03125
7 0.415625 0.7640625 0.23515625 0.02890625
6 0.7390625 0.33046875 0.2328125 0.03125
7 0.775 0.37734375 0.3046875 0.06015625
6 0.75 0.44765625 0.25390625 0.03125
7 0.759375 0.47890625 0.2734375 0.02890625
6 0.74296875 0.53359375 0.2390625 0.03125
7 0.7203125 0.56484375 0.1953125 0.02890625
6 0.684375 0.61953125 0.121875 0.03125
7 0.7296875 0.65078125 0.2125 0.02890625
6 0.64921875 0.70546875 0.0515625 0.03125
7 0.75625 0.73671875 0.26640625 0.02890625
7 0.3296875 0.821875 0.14140625 0.0234375
6 0.39140625 0.8765625 0.1875 0.03125
7 0.38359375 0.9078125 0.171875 0.02890625
6 0.3625 0.9625 0.12890625 0.03125
7 0.38359375 0.9890625 0.1734375 0.021875
6 0.68125 0.91953125 0.11640625 0.03125
7 0.70546875 0.95078125 0.16484375 0.02890625
6 0.7484375 0.99453125 0.25078125 0.01015625
2 0.12421875 0.11953125 0.196875 0.0234375
6 0.10546875 0.15859375 0.16015625 0.02109375
2 0.12421875 0.2171875 0.196875 0.0234375
6 0.11640625 0.25234375 0.16328125 0.02109375
6 0.08984375 0.275 0.109375 0.02109375
6 0.08984375 0.296875 0.109375 0.02109375
6 0.11015625 0.31875 0.15 0.02109375
6 0.11015625 0.34140625 0.15 0.02109375
6 0.08515625 0.36328125 0.10078125 0.02109375
6 0.06875 0.38515625 0.06640625 0.02109375
2 0.12421875 0.44375 0.196875 0.0234375
6 0.065625 0.47890625 0.06171875 0.02109375
6 0.08515625 0.5015625 0.1 0.02109375
6 0.06171875 0.5234375 0.05390625 0.02109375
6 0.0875 0.5453125 0.10546875 0.02109375
6 0.1109375 0.56796875 0.1515625 0.02109375
7 0.23359375 0.4984375 0.00859375 0.021875