4 0.11875 0.03359375 0.15546875 0.03671875
0 0.11875 0.0328125 0.184375 0.06484375
0 0.24453125 0.0359375 0.0671875 0.071875
0 0.315625 0.0359375 0.075 0.071875
0 0.4234375 0.0359375 0.140625 0.071875
0 0.5421875 0.0359375 0.0953125 0.071875
0 0.62890625 0.0359375 0.078125 0.071875
4 0.9 0.034375 0.04375 0.021875
2 0.5 0.18359375 0.91796875 0.04140625
1 0.5 0.25546875 0.603125 0.06484375
4 0.0984375 0.4203125 0.059375 0.0796875
0 0.26328125 0.49921875 0.46015625 0.30078125
2 0.26328125 0.496875 0.38984375 0.0296875
6 0.26328125 0.5484375 0.38984375 0.05078125
4 0.571875 0.4203125 0.059375 0.0796875
0 0.73671875 0.49921875 0.46015625 0.30078125
2 0.73671875 0.496875 0.38984375 0.0296875
6 0.73671875 0.5484375 0.38984375 0.05078125
4 0.1 0.7390625 0.06328125 0.0796875
0 0.26328125 0.81875 0.46015625 0.30078125
2 0.26328125 0.815625 0.38984375 0.0296875
6 0.26328125 0.86796875 0.38984375 0.05078125
4 0.571875 0.7390625 0.0609375 0.0796875
0 0.73671875 0.81875 0.46015625 0.30078125
2 0.73671875 0.815625 0.38984375 0.0296875
6 0.73671875 0.85546875 0.38984375 0.02578125
0 0.2625 0.99296875 0.459375 0.0140625
0 0.7359375 0.99296875 0.459375 0.0140625