7 0.05390625 0.0390625 0.0328125 0.078125
4 0.13984375 0.0390625 0.03125 0.04140625
0 0.13984375 0.0390625 0.06875 0.078125
7 0.23828125 0.0390625 0.09765625 0.03125
1 0.8203125 0.0390625 0.15 0.0546875
7 0.940625 0.0390625 0.0453125 0.02578125
0 0.95390625 0.0390625 0.0921875 0.078125
7 0.48359375 0.1109375 0.21875 0.02734375
4 0.60234375 0.1140625 0.01953125 0.02734375
2 0.5 0.259375 0.91796875 0.0609375
7 0.5 0.34453125 0.91796875 0.071875
4 0.0828125 0.49921875 0.040625 0.05859375
0 0.08359375 0.525 0.1359375 0.20703125
7 0.08359375 0.5734375 0.096875 0.0484375
4 0.24921875 0.49921875 0.04375 0.053125
0 0.25 0.525 0.13671875 0.20703125
7 0.24921875 0.5734375 0.10625 0.0484375
4 0.4171875 0.49921875 0.040625 0.05859375
0 0.41640625 0.525 0.1359375 0.20703125
7 0.41640625 0.5734375 0.096875 0.0484375
4 0.58359375 0.49921875 0.04375 0.05859375
0 0.5828125 0.525 0.13671875 0.20703125
7 0.5828125 0.5734375 0.08984375 0.025
4 0.74921875 0.4984375 0.03984375 0.05703125
0 0.75 0.525 0.13671875 0.20703125
7 0.75 0.5734375 0.0703125 0.025
4 0.91640625 0.49921875 0.04375 0.05859375
0 0.91640625 0.525 0.1359375 0.20703125
7 0.9171875 0.5734375 0.0875 0.0484375
4 0.0828125 0.70703125 0.0328125 0.05703125
0 0.08359375 0.7328125 0.1359375 0.20546875
7 0.0828125 0.78046875 0.03515625 0.025
4 0.24921875 0.70703125 0.04375 0.0390625
0 0.25 0.7328125 0.13671875 0.20546875
7 0.25 0.78046875 0.07421875 0.025
4 0.41640625 0.70703125 0.04375 0.05703125
0 0.41640625 0.7328125 0.1359375 0.20546875
7 0.41640625 0.78046875 0.0828125 0.0484375
4 0.58359375 0.70703125 0.04375 0.0546875
0 0.5828125 0.7328125 0.13671875 0.20546875
7 0.58359375 0.78046875 0.1046875 0.025
4 0.74921875 0.70703125 0.04375 0.05703125
0 0.75 0.7328125 0.13671875 0.20546875
7 0.74921875 0.78046875 0.07734375 0.025
4 0.91640625 0.70703125 0.04375 0.05703125
0 0.91640625 0.7328125 0.1359375 0.20546875
7 0.9171875 0.78046875 0.0953125 0.0484375
2 0.5 0.9546875 0.9703125 0.0484375