7 0.5 0.04296875 0.428125 0.03359375
0 0.5 0.03828125 1 0.0765625
4 0.09375 0.115625 0.16796875 0.06640625
0 0.959375 0.1265625 0.0625 0.0625
0 0.8640625 0.1265625 0.07890625 0.0625
0 0.76171875 0.1265625 0.0765625 0.0625
4 0.5 0.4703125 1 0.6265625
2 0.47109375 0.73359375 0.903125 0.1078125
0 0.8109375 0.8109375 0.1078125 0.025
7 0.93125 0.8109375 0.0984375 0.025
2 0.5 0.92578125 0.225 0.05234375
0 0.5 0.93125 0.24375 0.03515625
0 0.63671875 0.2265625 0.01953125 0.02578125
3 0.5 0.5 0.3125 0.59921875