7 0.09765625 0.01875 0.0859375 0.0375
0 0.09921875 0.0453125 0.1984375 0.090625
7 0.096875 0.0453125 0.10625 0.015625
7 0.0984375 0.0625 0.11640625 0.015625
7 0.2984375 0.01875 0.071875 0.0375
0 0.29765625 0.0453125 0.2015625 0.090625
7 0.2984375 0.0453125 0.128125 0.015625
7 0.2984375 0.0625 0.14140625 0.015625
7 0.5 0.01875 0.109375 0.0375
0 0.49921875 0.0453125 0.2015625 0.090625
7 0.49921875 0.0453125 0.1203125 0.015625
7 0.50078125 0.0625 0.10625 0.015625
7 0.7015625 0.01875 0.0828125 0.0375
0 0.70078125 0.0453125 0.2015625 0.090625
7 0.70078125 0.0453125 0.1453125 0.015625
7 0.7015625 0.0625 0.13359375 0.015625
7 0.90234375 0.01875 0.10546875 0.0375
0 0.90078125 0.0453125 0.1984375 0.090625
7 0.9015625 0.0453125 0.07734375 0.015625
7 0.9015625 0.0625 0.096875 0.015625
4 0.5 0.31875 1 0.45546875
4 0.496875 0.3140625 0.98515625 0.43984375
4 0.81953125 0.3125 0.20703125 0.359375
0 0.81953125 0.31640625 0.20703125 0.3671875
7 0.8421875 0.58359375 0.18828125 0.015625
7 0.8421875 0.6109375 0.20234375 0.03359375
7 0.8421875 0.6640625 0.13125 0.03125
0 0.84140625 0.6625 0.1296875 0.015625
1 0.8421875 0.77578125 0.21953125 0.02890625
1 0.8421875 0.821875 0.21953125 0.02890625
7 0.75703125 0.8734375 0.05390625 0.03125
0 0.903125 0.875 0.10078125 0.01796875
7 0.8421875 0.97890625 0.18671875 0.015625
7 0.8421875 0.99453125 0.1671875 0.01015625
4 0.0453125 0.571875 0.02734375 0.03671875
2 0.3703125 0.571875 0.590625 0.02890625
4 0.165625 0.67734375 0.26875 0.1171875
7 0.48203125 0.646875 0.32109375 0.05078125
6 0.4734375 0.6609375 0.1984375 0.021875
7 0.48359375 0.6890625 0.32421875 0.0796875
4 0.5140625 0.84140625 0.3 0.13828125
7 0.18203125 0.84296875 0.3015625 0.13671875
4 0.0453125 0.99375 0.02734375 0.01171875
2 0.3703125 0.99609375 0.590625 0.0078125