4 0.49921875 0.11015625 0.69453125 0.21953125
4 0.29453125 0.534375 0.25546875 0.5578125
4 0.4359375 0.88125 0.0609375 0.0375
4 0.50078125 0.88125 0.0625 0.034375
4 0.5625 0.8796875 0.06015625 0.034375
2 0.590625 0.28671875 0.303125 0.03671875
2 0.7015625 0.36640625 0.29453125 0.0359375
7 0.66796875 0.31640625 0.0953125 0.0203125
7 0.75 0.39921875 0.06953125 0.021875
7 0.66953125 0.48125 0.33125 0.07578125
7 0.66953125 0.58125 0.33203125 0.11171875
7 0.528125 0.7734375 0.184375 0.025
7 0.5 0.83671875 0.26015625 0.0296875