2 0.25859375 0.0515625 0.190625 0.04765625
4 0.13828125 0.05390625 0.07890625 0.09375
7 0.825 0.34140625 0.17109375 0.115625
0 0.4375 0.05703125 0.090625 0.06171875
0 0.5515625 0.053125 0.121875 0.0578125
0 0.65625 0.0546875 0.06953125 0.06484375
0 0.73125 0.053125 0.0703125 0.0609375
0 0.81484375 0.05234375 0.08671875 0.06015625
0 0.178125 0.66875 0.17578125 0.1125
0 0.1859375 0.81640625 0.19453125 0.11953125
0 0.1875 0.95390625 0.1953125 0.0921875
0 0.45625 0.6671875 0.18515625 0.11484375
0 0.45859375 0.81953125 0.19140625 0.10859375
0 0.46171875 0.9546875 0.19609375 0.090625
0 0.753125 0.66796875 0.246875 0.1171875
0 0.76875 0.82109375 0.2890625 0.11796875
7 0.21484375 0.671875 0.103125 0.0703125
7 0.21953125 0.8171875 0.12109375 0.04453125
7 0.2203125 0.96640625 0.12265625 0.03515625
7 0.49140625 0.975 0.11953125 0.05
7 0.48359375 0.6671875 0.1125 0.0671875
7 0.4890625 0.81640625 0.12265625 0.05390625
7 0.78203125 0.66796875 0.165625 0.07265625
7 0.80234375 0.82265625 0.19765625 0.06875