7 0.25625 0.0359375 0.1421875 0.03515625
0 0.25390625 0.03671875 0.1578125 0.0703125
0 0.36875 0.0328125 0.06953125 0.0625
0 0.42890625 0.0328125 0.05078125 0.0625
0 0.5046875 0.0328125 0.10078125 0.0625
0 0.5921875 0.0359375 0.07421875 0.06875
7 0.790625 0.0375 0.071875 0.021875
0 0.79375 0.03359375 0.10859375 0.06484375
0 0.87421875 0.0328125 0.03515625 0.05859375
0 0.9125 0.03046875 0.015625 0.0609375
4 0.496875 0.40546875 0.99375 0.7515625
2 0.21015625 0.346875 0.3015625 0.0375
7 0.21015625 0.39140625 0.3015625 0.04296875
7 0.11796875 0.45546875 0.065625 0.02578125
0 0.1234375 0.45546875 0.12421875 0.05703125
2 0.5 0.8375 0.9609375 0.05625
4 0.1390625 0.9734375 0.075 0.053125
4 0.37890625 0.9734375 0.0734375 0.053125
4 0.61953125 0.9734375 0.0734375 0.053125
4 0.859375 0.9734375 0.075 0.053125