7 0.36640625 0.05 0.69375 0.053125
6 0.53828125 0.065625 0.1359375 0.021875
7 0.60859375 0.065625 0.00625 0.021875
0 0.86796875 0.04453125 0.103125 0.04921875
0 0.86796875 0.0453125 0.103125 0.05234375
0 0.86875 0.09609375 0.0796875 0.04921875
4 0.68203125 0.234375 0.33671875 0.13828125
7 0.5953125 0.353125 0.07109375 0.01796875
1 0.68203125 0.39140625 0.24296875 0.0375
7 0.5921875 0.43515625 0.065625 0.01796875
1 0.68203125 0.4734375 0.24296875 0.0375
4 0.56796875 0.521875 0.01640625 0.02109375
7 0.62734375 0.52265625 0.0890625 0.01953125
0 0.77421875 0.5234375 0.06171875 0.03359375
0 0.77421875 0.525 0.06171875 0.03671875
0 0.6 0.5796875 0.0796875 0.02109375
0 0.7734375 0.5796875 0.0625 0.02109375
7 0.68203125 0.6390625 0.284375 0.046875
4 0.6109375 0.6796875 0.13984375 0.03359375
4 0.753125 0.6796875 0.13984375 0.03359375
0 0.05390625 0.93203125 0.053125 0.02109375
0 0.11171875 0.93203125 0.05 0.02109375
0 0.165625 0.93203125 0.04375 0.02109375
0 0.2171875 0.93203125 0.04765625 0.02109375
0 0.284375 0.93203125 0.071875 0.02109375
0 0.3640625 0.93203125 0.07421875 0.02109375
0 0.42421875 0.93203125 0.03203125 0.02109375
7 0.4546875 0.9328125 0.0234375 0.01953125
0 0.50078125 0.93203125 0.0546875 0.02109375
7 0.10234375 0.96328125 0.15 0.02109375
0 0.20703125 0.96328125 0.0453125 0.02109375
0 0.259375 0.96328125 0.03984375 0.02109375
4 0.90703125 0.94765625 0.13203125 0.02578125