4 0.0734375 0.02421875 0.1171875 0.0296875
0 0.05625 0.078125 0.1125 0.05234375
0 0.1546875 0.078125 0.084375 0.05234375
0 0.24921875 0.078125 0.10625 0.05234375
0 0.33984375 0.078125 0.07421875 0.05234375
0 0.4109375 0.078125 0.0671875 0.05234375
0 0.49765625 0.078125 0.10625 0.05234375
0 0.58046875 0.078125 0.059375 0.05234375
0 0.671875 0.02578125 0.1078125 0.02890625
7 0.740625 0.02578125 0.0265625 0.02890625
0 0.78359375 0.02578125 0.05546875 0.02890625
7 0.9125 0.02578125 0.14375 0.0515625
0 0.9125 0.02578125 0.171875 0.0515625
4 0.1390625 0.29296875 0.06953125 0.09140625
1 0.434375 0.29296875 0.52265625 0.09140625
6 0.765625 0.29453125 0.07421875 0.0234375
0 0.7609375 0.29296875 0.1328125 0.09140625
4 0.8609375 0.29296875 0.0578125 0.08828125
0 0.15078125 0.3578125 0.09296875 0.0390625
0 0.24609375 0.3578125 0.1 0.0390625
0 0.340625 0.3578125 0.0921875 0.0390625
7 0.92109375 0.53828125 0.0421875 0.0140625
0 0.940625 0.54609375 0.0796875 0.0375
6 0.92109375 0.5546875 0.0421875 0.015625
4 0.96640625 0.54609375 0.028125 0.0375
2 0.5 0.621875 0.9703125 0.0328125
2 0.3109375 0.68984375 0.25 0.03671875
2 0.62421875 0.68984375 0.3796875 0.03671875
7 0.4453125 0.7625 0.5640625 0.02734375
7 0.4453125 0.7890625 0.5640625 0.02109375
0 0.85390625 0.775 0.215625 0.0390625
4 0.184375 0.91875 0.296875 0.1625
0 0.184375 0.91875 0.296875 0.1625
4 0.5 0.91875 0.296875 0.1625
0 0.5 0.91875 0.296875 0.1625
4 0.815625 0.91875 0.296875 0.1625
0 0.815625 0.91875 0.296875 0.1625