4 0.96484375 0.02890625 0.015625 0.02109375
0 0.96484375 0.0296875 0.03125 0.04296875
7 0.2390625 0.0296875 0.10859375 0.01953125
7 0.50078125 0.0296875 0.415625 0.01953125
6 0.7625 0.0296875 0.10625 0.01953125
4 0.06640625 0.11171875 0.07421875 0.10390625
0 0.06640625 0.11171875 0.07421875 0.10390625
7 0.15 0.1109375 0.05390625 0.021875
0 0.1546875 0.11171875 0.06328125 0.03125
4 0.18125 0.1140625 0.009375 0.009375
7 0.25234375 0.1109375 0.09296875 0.021875
0 0.25703125 0.11171875 0.10234375 0.03125
4 0.30390625 0.1140625 0.009375 0.009375
7 0.3859375 0.1109375 0.11640625 0.021875
0 0.39140625 0.11171875 0.12578125 0.03125
4 0.44921875 0.1140625 0.009375 0.009375
4 0.78828125 0.11171875 0.015625 0.02109375
7 0.8453125 0.1109375 0.05 0.025
0 0.8453125 0.11171875 0.05 0.03125
7 0.928125 0.11171875 0.0796875 0.05234375
0 0.928125 0.11171875 0.0796875 0.05234375
2 0.3046875 0.3984375 0.546875 0.09921875
7 0.3046875 0.5 0.546875 0.0625
0 0.07109375 0.578125 0.0796875 0.05234375
4 0.7734375 0.45078125 0.390625 0.34609375
7 0.8546875 0.6625 0.0421875 0.021875
6 0.92265625 0.6625 0.09296875 0.021875
4 0.12421875 0.85703125 0.009375 0.01328125
0 0.0875 0.85703125 0.1125 0.05234375
7 0.07109375 0.85625 0.04765625 0.021875
4 0.75390625 0.85546875 0.01171875 0.015625
0 0.75390625 0.85703125 0.0390625 0.05234375
0 0.20390625 0.85703125 0.0390625 0.05234375
0 0.27109375 0.85703125 0.08671875 0.05234375
0 0.359375 0.85703125 0.08203125 0.05234375
0 0.44921875 0.85703125 0.08984375 0.05234375
0 0.53046875 0.85703125 0.065625 0.05234375
0 0.59453125 0.85703125 0.05390625 0.05234375
0 0.6859375 0.85703125 0.121875 0.05234375
0 0.8015625 0.85703125 0.1015625 0.05234375
0 0.90625 0.85703125 0.1 0.05234375
4 0.90078125 0.85703125 0.0125 0.01796875
0 0.9234375 0.85703125 0.08984375 0.05234375
7 0.9328125 0.85859375 0.03984375 0.025
4 0.17578125 0.96171875 0.2890625 0.0765625
0 0.17578125 0.96171875 0.2890625 0.0765625
4 0.29375 0.95546875 0.0234375 0.03125
4 0.49921875 0.96171875 0.2890625 0.0765625
0 0.49921875 0.96171875 0.2890625 0.0765625
4 0.82421875 0.96171875 0.2890625 0.0765625
0 0.82421875 0.96171875 0.2890625 0.0765625
4 0.9421875 0.95546875 0.0234375 0.03125