4 0.5 0.05703125 0.11328125 0.04921875
2 0.5 0.1421875 0.9140625 0.06796875
2 0.5 0.2109375 0.9140625 0.03125
4 0.5 0.3609375 0.09375 0.125
1 0.5 0.47265625 0.2671875 0.05703125
1 0.5 0.5328125 0.2671875 0.0484375
0 0.58671875 0.5796875 0.09375 0.02109375
6 0.49921875 0.68671875 0.09296875 0.021875
7 0.5 0.746875 0.3515625 0.021875
4 0.5 0.78125 0.225 0.0234375
6 0.07734375 0.978125 0.06953125 0.0171875
6 0.14765625 0.978125 0.03984375 0.0171875
6 0.19921875 0.978125 0.0328125 0.0171875
6 0.2421875 0.978125 0.0234375 0.0171875
4 0.77734375 0.97734375 0.021875 0.02734375
1 0.87421875 0.97890625 0.165625 0.03125