4 0.1609375 0.07421875 0.121875 0.06484375
2 0.5 0.24453125 0.80078125 0.04453125
3 0.2484375 0.34296875 0.29765625 0.103125
7 0.5 0.42890625 0.80078125 0.0296875
7 0.5 0.49921875 0.80078125 0.0296875
7 0.51953125 0.56953125 0.76171875 0.0296875
7 0.51953125 0.5984375 0.76171875 0.0296875
7 0.5 0.66875 0.80078125 0.0296875
7 0.5 0.7390625 0.80078125 0.0296875
7 0.5203125 0.97265625 0.28515625 0.0546875
7 0.1296875 0.97265625 0.0609375 0.02109375
6 0.1859375 0.97265625 0.05390625 0.02109375
7 0.225 0.97265625 0.025 0.02109375