4 0.171875 0.1140625 0.10234375 0.16171875
4 0.4515625 0.3484375 0.38046875 0.2890625
4 0.6921875 0.28671875 0.07265625 0.08828125
4 0.6921875 0.4375 0.06796875 0.16015625
4 0.76953125 0.8671875 0.2234375 0.23828125
4 0.59453125 0.86171875 0.06875 0.11640625
4 0.59453125 0.65234375 0.07109375 0.1125
4 0.14765625 0.95546875 0.05625 0.0890625
4 0.21484375 0.95390625 0.0578125 0.0921875
4 0.13203125 0.7140625 0.02265625 0.028125
4 0.13203125 0.81484375 0.02421875 0.04140625
2 0.43359375 0.121875 0.4046875 0.11796875
0 0.28046875 0.02734375 0.0796875 0.0296875
0 0.36171875 0.02890625 0.078125 0.03125
0 0.44140625 0.028125 0.08125 0.03359375
0 0.52421875 0.02734375 0.08125 0.03203125
0 0.60546875 0.02734375 0.078125 0.02890625
0 0.68515625 0.02734375 0.08046875 0.0296875
0 0.76796875 0.02890625 0.0796875 0.03125
0 0.84765625 0.0296875 0.0796875 0.03046875
2 0.18203125 0.21640625 0.03984375 0.02578125
2 0.18125 0.46015625 0.11015625 0.02734375
2 0.303125 0.5328125 0.06875 0.028125
2 0.30859375 0.74375 0.07890625 0.03203125
2 0.30703125 0.95234375 0.07421875 0.0265625
7 0.38203125 0.57109375 0.22890625 0.02421875
7 0.39921875 0.6171875 0.259375 0.0421875
7 0.36484375 0.778125 0.19296875 0.02578125
7 0.40546875 0.825 0.26953125 0.03515625
7 0.38828125 0.9828125 0.2328125 0.034375
7 0.7953125 0.2796875 0.13515625 0.078125
7 0.7921875 0.39609375 0.125 0.06640625
7 0.74375 0.62109375 0.165625 0.05625
2 0.7671875 0.56796875 0.08828125 0.025
2 0.771875 0.67890625 0.1234375 0.03203125
2 0.76796875 0.7234375 0.0953125 0.02109375
7 0.18359375 0.33359375 0.12578125 0.18203125
7 0.190625 0.5828125 0.13359375 0.209375
7 0.18828125 0.71484375 0.0859375 0.03359375
7 0.19765625 0.81484375 0.09921875 0.040625
7 0.165625 0.846875 0.1109375 0.034375
0 0.1625 0.75390625 0.08359375 0.02578125
0 0.16171875 0.88203125 0.08671875 0.03046875