2 0.17890625 0.125 0.12578125 0.05
4 0.49609375 0.6421875 0.9921875 0.65625
2 0.52421875 0.56171875 0.27890625 0.05390625
7 0.5234375 0.71875 0.43125 0.22109375
7 0.1078125 0.24765625 0.15625 0.059375
7 0.3671875 0.240625 0.18046875 0.03359375
7 0.628125 0.25078125 0.196875 0.05703125
7 0.87421875 0.26015625 0.19921875 0.0828125
0 0.4328125 0.134375 0.053125 0.03046875
0 0.51015625 0.13359375 0.09609375 0.03515625
0 0.58671875 0.13515625 0.05078125 0.03828125
0 0.65078125 0.13359375 0.06875 0.0390625
0 0.7234375 0.13359375 0.06875 0.0421875
0 0.790625 0.13515625 0.06015625 0.03828125
0 0.8390625 0.1328125 0.034375 0.03046875
0 0.8765625 0.134375 0.0375 0.03359375