2 0.34296875 0.18828125 0.2453125 0.08203125
4 0.4140625 0.65390625 0.3109375 0.375
2 0.41328125 0.9734375 0.39765625 0.053125
2 0.7265625 0.58046875 0.09375 0.02734375
2 0.72734375 0.6625 0.059375 0.02265625
2 0.72734375 0.7796875 0.0703125 0.0234375
2 0.72578125 0.91171875 0.0390625 0.01875
2 0.26484375 0.36328125 0.14296875 0.02734375
7 0.303125 0.02578125 0.20859375 0.0265625
7 0.4140625 0.8703125 0.43515625 0.03046875
7 0.4140625 0.90859375 0.25546875 0.025
7 0.725 0.72734375 0.0828125 0.0515625
0 0.675 0.3140625 0.04140625 0.025
0 0.72421875 0.3140625 0.05078125 0.025
0 0.765625 0.31328125 0.02578125 0.02421875
0 0.790625 0.31171875 0.01953125 0.02578125
7 0.69140625 0.61875 0.07734375 0.0171875
0 0.665625 0.828125 0.02109375 0.034375
0 0.690625 0.828125 0.0203125 0.0375
0 0.7140625 0.828125 0.02265625 0.034375
0 0.73671875 0.82734375 0.02421875 0.034375
0 0.76171875 0.82734375 0.0203125 0.0375
0 0.784375 0.8265625 0.0234375 0.03671875
0 0.72578125 0.865625 0.02734375 0.03359375
1 0.72578125 0.9546875 0.09375 0.02109375
0 0.725 0.9765625 0.0328125 0.0203125
0 0.72578125 0.35078125 0.1765625 0.03203125
0 0.725 0.38046875 0.1734375 0.025
0 0.72421875 0.40546875 0.17265625 0.025
0 0.72421875 0.4328125 0.175 0.02421875
0 0.7234375 0.459375 0.17265625 0.0265625
0 0.72421875 0.4859375 0.175 0.025
0 0.725 0.52421875 0.17421875 0.0453125