7 0.3578125 0.94921875 0.63359375 0.0234375
0 0.8625 0.94921875 0.08515625 0.04453125
0 0.9359375 0.94921875 0.04609375 0.04453125
6 0.87578125 0.01953125 0.16875 0.015625
6 0.72734375 0.01953125 0.0875 0.015625
6 0.63125 0.01953125 0.0671875 0.015625
6 0.553125 0.01953125 0.053125 0.015625
0 0.178125 0.09453125 0.2734375 0.1109375
1 0.8515625 0.096875 0.21484375 0.0296875
4 0.94375 0.096875 0.02734375 0.025
0 0.1296875 0.1921875 0.15703125 0.05859375
0 0.2953125 0.1921875 0.17578125 0.05859375
0 0.4046875 0.1921875 0.04609375 0.05859375
0 0.4703125 0.1921875 0.08671875 0.05859375
0 0.60703125 0.1921875 0.18828125 0.05859375
0 0.10546875 0.2453125 0.08984375 0.0453125
0 0.21015625 0.2453125 0.121875 0.0453125
0 0.30625 0.2453125 0.071875 0.0453125
0 0.38671875 0.2453125 0.08984375 0.0453125
0 0.471875 0.2453125 0.08125 0.0453125
0 0.571875 0.2453125 0.12109375 0.0453125
0 0.67421875 0.2453125 0.08515625 0.0453125
0 0.7546875 0.2453125 0.07734375 0.0453125
6 0.09609375 0.28671875 0.07109375 0.015625
7 0.99921875 0.31875 0.0015625 0.02578125
7 0.5 0.31875 0.06875 0.02578125
4 0.5 0.61875 0.91796875 0.53515625
2 0.45546875 0.790625 0.8 0.0390625
0 0.5 0.81875 0.8890625 0.09609375
7 0.4453125 0.840625 0.7796875 0.0453125
7 0.4390625 0.853125 0.09296875 0.0171875
4 0.265625 0.9625 0.44921875 0.07421875
2 0.74375 0.93515625 0.46875 0.01796875
2 0.6140625 0.98125 0.209375 0.021875