4 0.303125 0.0890625 0.60546875 0.178125
4 0.01640625 0.19921875 0.0328125 0.03359375
0 0.07890625 0.1984375 0.053125 0.01953125
7 0.1125 0.1984375 0.0140625 0.01953125
0 0.16328125 0.1984375 0.0890625 0.01953125
7 0.21328125 0.1984375 0.01484375 0.01953125
0 0.26875 0.1984375 0.0984375 0.01953125
7 0.32578125 0.1984375 0.01484375 0.01953125
0 0.35625 0.1984375 0.04765625 0.01953125
7 0.3875 0.1984375 0.01875 0.01953125
0 0.44375 0.1984375 0.0953125 0.01953125
7 0.4984375 0.1984375 0.01484375 0.01953125
0 0.534375 0.1984375 0.059375 0.01953125
7 0.57109375 0.1984375 0.01484375 0.01953125
0 0.60390625 0.1984375 0.05390625 0.01953125
7 0.6375 0.1984375 0.01484375 0.01953125
0 0.70234375 0.1984375 0.11796875 0.01953125
4 0.5 0.21953125 1 0.00390625
4 0.0484375 0.23359375 0.096875 0.0265625
2 0.50234375 0.28203125 0.9265625 0.02734375
7 0.22265625 0.36875 0.025 0.02109375
1 0.51484375 0.36875 0.5609375 0.02890625
1 0.4875 0.4125 0.06328125 0.02890625
7 0.084375 0.459375 0.090625 0.02109375
6 0.159375 0.459375 0.05859375 0.02109375
7 0.490625 0.459375 0.60625 0.02109375
7 0.4875 0.50234375 0.975 0.0265625
6 0.15234375 0.54296875 0.2265625 0.02109375
4 0.98515625 0.4078125 0.01953125 0.02578125
6 0.5 0.5953125 0.17578125 0.01953125
4 0.2859375 0.63125 0.02421875 0.03125
7 0.3015625 0.62734375 0.00859375 0.015625
7 0.31796875 0.63359375 0.0265625 0.0171875
7 0.334375 0.62734375 0.00859375 0.015625
7 0.36484375 0.63359375 0.05390625 0.0171875
7 0.3953125 0.62734375 0.00859375 0.015625
7 0.43359375 0.63359375 0.0703125 0.0171875
7 0.471875 0.62734375 0.00859375 0.015625
7 0.60078125 0.63359375 0.25 0.0171875