4 0.5 0.3484375 0.66875 0.228125
4 0.72265625 0.7578125 0.21953125 0.26875
0 0.7234375 0.7546875 0.0484375 0.0484375
2 0.63515625 0.603125 0.03359375 0.021875
2 0.1984375 0.60390625 0.053125 0.02734375
2 0.6375 0.93984375 0.04609375 0.02578125
4 0.20859375 0.1421875 0.08984375 0.11640625
2 0.30078125 0.1734375 0.08515625 0.06171875
3 0.5 0.0359375 1 0.071875
0 0.975 0.03671875 0.02421875 0.028125
2 0.353125 0.4859375 0.31953125 0.04140625
7 0.50390625 0.5328125 0.61171875 0.05
7 0.26875 0.65234375 0.190625 0.040625
7 0.359375 0.70625 0.3734375 0.04765625
7 0.359375 0.77890625 0.3765625 0.04453125
7 0.22421875 0.83515625 0.10703125 0.02890625
6 0.2515625 0.88046875 0.15625 0.02734375
0 0.32890625 0.0953125 0.046875 0.034375
0 0.37578125 0.09453125 0.04375 0.040625
0 0.42109375 0.09453125 0.04453125 0.03984375
0 0.48125 0.096875 0.071875 0.04140625
0 0.55546875 0.09765625 0.0734375 0.04609375
0 0.61796875 0.09765625 0.0484375 0.04296875
0 0.6640625 0.096875 0.04140625 0.04453125
0 0.70546875 0.09765625 0.0390625 0.0453125
1 0.76796875 0.0953125 0.08203125 0.02578125
5 0.74453125 0.0953125 0.0328125 0.01953125
0 0.81953125 0.09609375 0.015625 0.02734375
0 0.69296875 0.9859375 0.021875 0.028125
0 0.6609375 0.98359375 0.025 0.0328125
0 0.72578125 0.98359375 0.0234375 0.0328125
0 0.75625 0.98515625 0.025 0.0296875
0 0.7875 0.98359375 0.025 0.0328125