4 0.0953125 0.040625 0.12890625 0.0328125
0 0.0953125 0.040625 0.12890625 0.0328125
6 0.2171875 0.040625 0.0671875 0.02734375
6 0.32578125 0.040625 0.10234375 0.02734375
6 0.43828125 0.040625 0.075 0.02734375
7 0.7296875 0.040625 0.1515625 0.03515625
7 0.89453125 0.040625 0.1 0.0296875
0 0.89453125 0.040625 0.146875 0.0609375
4 0.49375 0.49375 0.9875 0.98671875
7 0.29765625 0.4984375 0.53203125 0.05859375
7 0.1640625 0.57734375 0.265625 0.040625
7 0.10625 0.6890625 0.1 0.0296875
0 0.10625 0.6890625 0.15 0.0609375