2 0.153125 0.08828125 0.24375 0.0625
0 0.08828125 0.08828125 0.1140625 0.0625
7 0.184375 0.0875 0.05625 0.03671875
0 0.19453125 0.08515625 0.0875 0.05625
4 0.2234375 0.0875 0.0140625 0.009375
1 0.41171875 0.08828125 0.32734375 0.04921875
1 0.65703125 0.08828125 0.15625 0.04921875
1 0.82421875 0.08828125 0.1640625 0.0546875
0 0.9375 0.08828125 0.0625 0.05234375
7 0.0484375 0.01953125 0.0328125 0.01796875
6 0.0921875 0.01953125 0.053125 0.01796875
7 0.13359375 0.01953125 0.02734375 0.01796875
6 0.18515625 0.01953125 0.075 0.01796875
4 0.27578125 0.0203125 0.05390625 0.0171875
6 0.36640625 0.01953125 0.0890625 0.01796875
6 0.45625 0.01953125 0.05390625 0.01796875
6 0.51484375 0.01953125 0.02421875 0.01796875
6 0.60234375 0.01875 0.07421875 0.01953125
7 0.709375 0.01875 0.096875 0.01953125
0 0.7140625 0.01796875 0.128125 0.03359375
4 0.76328125 0.01953125 0.00859375 0.0078125
0 0.82265625 0.01796875 0.07734375 0.03359375
7 0.8921875 0.01875 0.015625 0.025
0 0.8921875 0.01796875 0.05078125 0.03359375
4 0.94375 0.01796875 0.02265625 0.0234375
0 0.94375 0.01796875 0.04375 0.03359375
7 0.49921875 0.81015625 0.9515625 0.04140625
6 0.80234375 0.821875 0.03984375 0.01796875
7 0.49296875 0.83359375 0.93828125 0.04140625
6 0.05546875 0.86875 0.06328125 0.01796875
7 0.48203125 0.88046875 0.9171875 0.04140625
0 0.75546875 0.946875 0.14765625 0.04453125
0 0.9109375 0.946875 0.13359375 0.04453125
7 0.04765625 0.17109375 0.0546875 0.0296875
6 0.14765625 0.165625 0.0640625 0.01796875
6 0.225 0.165625 0.0421875 0.01796875
6 0.3109375 0.165625 0.07890625 0.01796875
6 0.4 0.165625 0.0515625 0.01796875
6 0.46953125 0.165625 0.0375 0.01796875
6 0.553125 0.165625 0.08125 0.01796875
6 0.64296875 0.165625 0.05 0.01796875
6 0.74765625 0.165625 0.10859375 0.01796875
6 0.86875 0.165625 0.0875 0.01796875
7 0.95234375 0.165625 0.02734375 0.01796875
2 0.1671875 0.2671875 0.271875 0.11328125
7 0.1625 0.36640625 0.2625 0.053125
7 0.10625 0.45390625 0.1140625 0.021875
0 0.1125 0.4578125 0.16328125 0.0609375
7 0.1125 0.5875 0.16328125 0.01796875
7 0.2328125 0.5875 0.0703125 0.01796875
0 0.23203125 0.5875 0.06953125 0.01796875
2 0.11015625 0.70546875 0.15703125 0.04140625
2 0.1109375 0.9484375 0.1140625 0.05078125
0 0.1109375 0.865625 0.1140625 0.21640625
2 0.240625 0.9484375 0.1140625 0.05078125
0 0.240625 0.865625 0.1140625 0.21640625
2 0.3703125 0.9484375 0.1140625 0.05078125
0 0.3703125 0.865625 0.1140625 0.21640625
2 0.5 0.9484375 0.11328125 0.05078125
0 0.5 0.865625 0.11328125 0.21640625
2 0.6296875 0.9484375 0.1140625 0.05078125
0 0.6296875 0.865625 0.1140625 0.21640625
2 0.759375 0.9484375 0.1140625 0.05078125
0 0.759375 0.865625 0.1140625 0.21640625
2 0.8890625 0.9484375 0.1140625 0.05078125
0 0.8890625 0.865625 0.1140625 0.21640625
2 0.9734375 0.66953125 0.0453125 0.02109375
4 0.9734375 0.71484375 0.0140625 0.0234375
0 0.9734375 0.71484375 0.0484375 0.06484375
4 0.9734375 0.7796875 0.015625 0.0234375
0 0.9734375 0.7796875 0.0484375 0.06484375