2 0.153125 0.08828125 0.24375 0.0625
0 0.08828125 0.08828125 0.1140625 0.0625
7 0.1859375 0.0875 0.053125 0.0390625
0 0.19453125 0.08515625 0.0875 0.05625
4 0.221875 0.0890625 0.0140625 0.009375
1 0.409375 0.08828125 0.321875 0.04921875
1 0.65234375 0.08828125 0.15625 0.04921875
1 0.81953125 0.08828125 0.1640625 0.0546875
0 0.93515625 0.08828125 0.0671875 0.05234375
7 0.040625 0.01953125 0.0171875 0.01796875
6 0.06796875 0.01953125 0.0359375 0.01796875
7 0.09609375 0.01953125 0.01484375 0.01796875
6 0.12265625 0.01953125 0.03984375 0.01796875
6 0.19921875 0.01953125 0.0609375 0.01796875
6 0.28125 0.01953125 0.06640625 0.01796875
6 0.375 0.01953125 0.0796875 0.01796875
6 0.68828125 0.01875 0.0203125 0.01953125
7 0.74375 0.01875 0.04765625 0.01953125
0 0.7484375 0.01796875 0.07890625 0.03359375
4 0.77265625 0.01953125 0.00859375 0.0078125
0 0.82734375 0.01796875 0.0671875 0.03359375
7 0.8921875 0.01875 0.015625 0.025
0 0.8921875 0.01796875 0.05078125 0.03359375
4 0.94375 0.01796875 0.02265625 0.0234375
0 0.94375 0.01796875 0.04375 0.03359375
7 0.04296875 0.17109375 0.0328125 0.0296875
6 0.11875 0.165625 0.034375 0.01796875
6 0.17890625 0.165625 0.0375 0.01796875
6 0.24296875 0.165625 0.04296875 0.01796875
6 0.3171875 0.165625 0.0578125 0.01796875
6 0.415625 0.165625 0.08984375 0.01796875
6 0.528125 0.165625 0.0859375 0.01796875
6 0.6359375 0.165625 0.08203125 0.01796875
6 0.71484375 0.165625 0.025 0.01796875
6 0.80625 0.165625 0.11015625 0.01796875
6 0.9015625 0.165625 0.03125 0.01796875
6 0.9578125 0.165625 0.03125 0.01796875
2 0.16796875 0.2671875 0.2734375 0.11328125
0 0.5 0.40234375 1 0.4296875
7 0.14453125 0.36640625 0.2265625 0.053125
7 0.08203125 0.45390625 0.06640625 0.021875
2 0.42734375 0.74453125 0.7609375 0.04453125
7 0.2703125 0.78125 0.44609375 0.0234375
7 0.88125 0.75703125 0.0828125 0.021875
2 0.1578125 0.93125 0.221875 0.03515625
7 0.1140625 0.9765625 0.13359375 0.02109375
4 0.4359375 0.965625 0.165625 0.06875
0 0.43671875 0.94609375 0.1640625 0.1078125
4 0.61640625 0.94609375 0.16484375 0.1078125
0 0.615625 0.94609375 0.165625 0.1078125
4 0.796875 0.94609375 0.1625 0.1078125
0 0.7953125 0.94609375 0.165625 0.1078125
4 0.94765625 0.94609375 0.1046875 0.1078125
0 0.946875 0.94609375 0.10625 0.1078125
2 0.9734375 0.66953125 0.0453125 0.02109375
4 0.9734375 0.71484375 0.0140625 0.0234375
0 0.9734375 0.71484375 0.0484375 0.06484375
4 0.9734375 0.7796875 0.015625 0.0234375
0 0.9734375 0.7796875 0.0484375 0.06484375