2 0.153125 0.08828125 0.24375 0.0625
0 0.08828125 0.08828125 0.1140625 0.0625
7 0.1859375 0.0875 0.053125 0.0390625
0 0.19453125 0.08515625 0.0875 0.05625
4 0.221875 0.0890625 0.0140625 0.009375
1 0.409375 0.08828125 0.321875 0.04921875
1 0.65234375 0.08828125 0.15625 0.04921875
1 0.81953125 0.08828125 0.1640625 0.0546875
0 0.93515625 0.08828125 0.0671875 0.05234375
7 0.0484375 0.01953125 0.0328125 0.01796875
6 0.084375 0.01953125 0.0375 0.01796875
7 0.11171875 0.01953125 0.01484375 0.01796875
6 0.13828125 0.01953125 0.03984375 0.01796875
6 0.21484375 0.01953125 0.0609375 0.01796875
6 0.27421875 0.01953125 0.0203125 0.01796875
6 0.34375 0.01953125 0.0796875 0.01796875
7 0.73984375 0.01875 0.05546875 0.01953125
0 0.74453125 0.01796875 0.08671875 0.03359375
4 0.77265625 0.01953125 0.00859375 0.0078125
0 0.82734375 0.01796875 0.0671875 0.03359375
7 0.8921875 0.01875 0.015625 0.025
0 0.8921875 0.01796875 0.05078125 0.03359375
4 0.94375 0.01796875 0.02265625 0.0234375
0 0.94375 0.01796875 0.04375 0.03359375
7 0.4921875 0.83359375 0.9375 0.04453125
6 0.43046875 0.8453125 0.03984375 0.02109375
7 0.7046875 0.8453125 0.50859375 0.02109375
6 0.08671875 0.86875 0.12578125 0.02109375
7 0.475 0.88046875 0.90234375 0.04453125
0 0.76328125 0.946875 0.175 0.04453125
0 0.92109375 0.946875 0.11015625 0.04453125
7 0.04296875 0.17265625 0.0328125 0.0296875
6 0.1203125 0.165625 0.0375 0.02109375
6 0.209375 0.165625 0.0921875 0.02109375
6 0.3109375 0.165625 0.06328125 0.02109375
6 0.38984375 0.165625 0.04609375 0.02109375
6 0.484375 0.165625 0.09375 0.02109375
6 0.60078125 0.165625 0.090625 0.02109375
6 0.68515625 0.165625 0.028125 0.02109375
6 0.74453125 0.165625 0.0421875 0.02109375
6 0.84765625 0.165625 0.115625 0.02109375
7 0.94453125 0.165625 0.03046875 0.02109375
2 0.14453125 0.26875 0.2265625 0.11328125
7 0.1625 0.36875 0.26171875 0.05703125
7 0.13984375 0.4546875 0.18125 0.02734375
0 0.146875 0.459375 0.23046875 0.0609375
4 0.453125 0.40390625 0.21875 0.3125
4 0.671875 0.40390625 0.21875 0.3125
4 0.890625 0.40390625 0.21875 0.3125
2 0.16484375 0.725 0.23515625 0.03515625
7 0.1859375 0.771875 0.27734375 0.025
7 0.103125 0.8328125 0.07734375 0.02734375
4 0.43671875 0.7953125 0.16484375 0.1953125
0 0.4375 0.81796875 0.1640625 0.26328125
7 0.4375 0.93671875 0.1640625 0.025
4 0.61640625 0.7953125 0.16484375 0.18984375
0 0.61640625 0.8296875 0.16484375 0.2875
7 0.61640625 0.93671875 0.16484375 0.025
6 0.55703125 0.96015625 0.04609375 0.021875
7 0.59140625 0.9609375 0.0046875 0.02578125
6 0.628125 0.96171875 0.05078125 0.01953125
4 0.79609375 0.7953125 0.16484375 0.1953125
0 0.79609375 0.8296875 0.16484375 0.2875
7 0.79609375 0.93671875 0.16484375 0.025
6 0.734375 0.96015625 0.040625 0.021875
7 0.76640625 0.9609375 0.0046875 0.02578125
6 0.803125 0.96171875 0.05078125 0.01953125
4 0.946875 0.7953125 0.10625 0.2203125
0 0.946875 0.81796875 0.10625 0.26328125
7 0.946875 0.93671875 0.10625 0.025
2 0.9734375 0.66953125 0.0453125 0.02109375
4 0.9734375 0.71484375 0.0140625 0.0234375
0 0.9734375 0.71484375 0.0484375 0.06484375
4 0.9734375 0.7796875 0.015625 0.0234375
0 0.9734375 0.7796875 0.0484375 0.06484375