7 0.171875 0.01796875 0.25 0.02890625
0 0.38046875 0.01796875 0.1578125 0.0359375
2 0.5 0.06328125 0.921875 0.0375
7 0.27109375 0.1109375 0.4640625 0.01953125
6 0.6703125 0.1109375 0.33515625 0.01953125
7 0.8390625 0.1109375 0.0046875 0.01953125
0 0.10078125 0.165625 0.12421875 0.05078125
0 0.24375 0.165625 0.1234375 0.05078125
4 0.5 0.3109375 0.17578125 0.11484375
6 0.3375 0.521875 0.26171875 0.02578125
6 0.3375 0.58984375 0.26171875 0.02578125
6 0.3375 0.6578125 0.26171875 0.02578125
6 0.3375 0.725 0.26171875 0.02578125
6 0.3375 0.79296875 0.26171875 0.02578125
6 0.3375 0.8609375 0.26171875 0.02578125
6 0.3375 0.928125 0.26171875 0.02578125
7 0.23515625 0.99140625 0.05625 0.0171875
0 0.3375 0.98359375 0.29296875 0.0328125
6 0.66171875 0.521875 0.2625 0.02578125
6 0.66171875 0.58984375 0.2625 0.02578125
6 0.66171875 0.6578125 0.2625 0.02578125
6 0.66171875 0.725 0.2625 0.02578125
6 0.66171875 0.79296875 0.2625 0.02578125
6 0.66171875 0.8609375 0.2625 0.02578125
6 0.66171875 0.928125 0.2625 0.02578125
6 0.66171875 0.99140625 0.2625 0.0171875