4 0.5 0.10390625 0.9703125 0.203125
6 0.06171875 0.24140625 0.05625 0.0328125
6 0.0734375 0.27265625 0.08125 0.0328125
6 0.09453125 0.30390625 0.121875 0.0328125
1 0.10859375 0.35703125 0.1515625 0.02890625
7 0.140625 0.4046875 0.21484375 0.02890625
6 0.0546875 0.4328125 0.04296875 0.025
6 0.0734375 0.45625 0.08125 0.025
7 0.140625 0.49765625 0.21484375 0.02578125
7 0.04609375 0.521875 0.025 0.025
6 0.084375 0.521875 0.05078125 0.025
7 0.04609375 0.54453125 0.025 0.0234375
6 0.08828125 0.54453125 0.059375 0.0234375
6 0.07578125 0.590625 0.08515625 0.025
6 0.065625 0.6140625 0.065625 0.025
6 0.0671875 0.6359375 0.0671875 0.025
6 0.07734375 0.659375 0.0875 0.025
6 0.059375 0.6828125 0.053125 0.025
6 0.0484375 0.7046875 0.03046875 0.025
6 0.065625 0.728125 0.065625 0.025
6 0.1125 0.7515625 0.159375 0.025
4 0.140625 0.8140625 0.21484375 0.06796875
7 0.140625 0.8734375 0.21484375 0.02890625
7 0.04375 0.9046875 0.021875 0.02109375
6 0.1296875 0.91484375 0.1921875 0.040625
7 0.13359375 0.94375 0.2 0.06015625
7 0.10078125 0.96328125 0.07109375 0.02109375
7 0.13203125 0.9765625 0.1984375 0.046875
2 0.6234375 0.24296875 0.71796875 0.0453125
7 0.3953125 0.30546875 0.25625 0.02734375
7 0.58359375 0.30546875 0.1203125 0.02734375
7 0.5078125 0.3578125 0.48046875 0.0296875
7 0.50703125 0.42109375 0.478125 0.1
7 0.35 0.45859375 0.10625 0.02578125
7 0.5078125 0.5078125 0.48046875 0.125
6 0.4 0.55703125 0.034375 0.02578125
7 0.41875 0.55703125 0.00390625 0.02578125
7 0.29453125 0.6 0.05390625 0.02578125
5 0.4859375 0.6 0.32109375 0.02578125
1 0.4328125 0.6453125 0.33125 0.0296875
1 0.61796875 0.64609375 0.03046875 0.02890625
6 0.3171875 0.69609375 0.1 0.025