7 0.38984375 0.925 0.725 0.08984375
0 0.684375 0.959375 0.07734375 0.040625
0 0.80625 0.928125 0.078125 0.05234375
0 0.9125 0.928125 0.12109375 0.05234375
7 0.84921875 0.021875 0.0359375 0.01953125
7 0.93828125 0.021875 0.09453125 0.01953125
4 0.09296875 0.0765625 0.15625 0.06796875
7 0.91328125 0.084375 0.0734375 0.025
0 0.90546875 0.084375 0.159375 0.05703125
0 0.4265625 0.084375 0.075 0.02890625
0 0.55625 0.084375 0.12890625 0.02890625
0 0.6828125 0.084375 0.0671875 0.02890625
7 0.76640625 0.08359375 0.0421875 0.02578125
0 0.77109375 0.084375 0.0515625 0.02890625
2 0.5 0.3515625 0.3984375 0.3828125
2 0.5 0.23984375 0.5140625 0.06015625
7 0.5 0.35703125 0.8046875 0.0625
4 0.18671875 0.446875 0.05 0.06484375
0 0.1875 0.446875 0.1796875 0.06484375
0 0.19609375 0.5171875 0.19609375 0.05078125
4 0.39609375 0.446875 0.05 0.06484375
0 0.3953125 0.446875 0.1796875 0.06484375
0 0.40390625 0.5171875 0.19609375 0.05078125
4 0.60390625 0.446875 0.05 0.06484375
0 0.60390625 0.446875 0.18046875 0.06484375
0 0.61171875 0.5171875 0.19609375 0.05078125
4 0.81171875 0.446875 0.05 0.06484375
0 0.8125 0.446875 0.1796875 0.06484375
0 0.82109375 0.5171875 0.19609375 0.05078125
2 0.3234375 0.6828125 0.61796875 0.025
2 0.28984375 0.79765625 0.55078125 0.1859375
7 0.3234375 0.915625 0.61796875 0.02890625
0 0.0953125 0.97734375 0.1625 0.0453125
7 0.81875 0.675 0.19609375 0.03515625
0 0.81875 0.8359375 0.19609375 0.26015625
6 0.81796875 0.98984375 0.0859375 0.0203125