3 0.5 0.22421875 0.946875 0.32578125
0 0.109375 0.49609375 0.15625 0.10390625
4 0.21875 0.49453125 0.0234375 0.03125
0 0.24375 0.49453125 0.0734375 0.03359375
7 0.259375 0.49453125 0.0421875 0.03359375
0 0.6578125 0.49609375 0.103125 0.04140625
7 0.80390625 0.49609375 0.053125 0.03359375
0 0.80078125 0.49609375 0.109375 0.03359375
4 0.84375 0.49609375 0.0234375 0.03125
7 0.94609375 0.49609375 0.04609375 0.02890625
0 0.93046875 0.49453125 0.07734375 0.03125
4 0.2171875 0.8109375 0.21171875 0.31640625
2 0.65 0.709375 0.43046875 0.11328125
7 0.65390625 0.8296875 0.43828125 0.09921875
7 0.56171875 0.9421875 0.18828125 0.025
0 0.56953125 0.9421875 0.26953125 0.053125
7 0.43984375 0.921875 0.809375 0.04921875
6 0.7421875 0.9359375 0.115625 0.02109375
7 0.8078125 0.9359375 0.01875 0.02109375
6 0.10859375 0.96484375 0.146875 0.02109375
7 0.2 0.96484375 0.0390625 0.02109375
0 0.921875 0.91640625 0.0859375 0.046875