3 0.5 0.09375 0.946875 0.1171875
0 0.10234375 0.18984375 0.0359375 0.015625
0 0.16171875 0.18984375 0.0671875 0.015625
0 0.23125 0.18984375 0.05546875 0.015625
0 0.2875 0.18984375 0.040625 0.015625
0 0.36015625 0.18984375 0.08984375 0.015625
0 0.42890625 0.18984375 0.03125 0.015625
0 0.4703125 0.18984375 0.0375 0.015625
0 0.51796875 0.18984375 0.0421875 0.015625
0 0.56875 0.18984375 0.04296875 0.015625
4 0.6859375 0.190625 0.00703125 0.009375
0 0.71640625 0.190625 0.0671875 0.025
7 0.7234375 0.190625 0.05390625 0.025
7 0.79296875 0.190625 0.0390625 0.01953125
0 0.8015625 0.190625 0.05625 0.01953125
4 0.9125 0.1890625 0.0234375 0.0328125
0 0.9125 0.19375 0.0234375 0.04140625
2 0.0578125 0.2546875 0.096875 0.025
0 0.06796875 0.25546875 0.11640625 0.0234375
2 0.1953125 0.2546875 0.1390625 0.025
0 0.2046875 0.25546875 0.1578125 0.0234375
2 0.3375 0.2546875 0.10625 0.025
0 0.346875 0.25546875 0.12578125 0.0234375
2 0.43671875 0.2546875 0.053125 0.025
0 0.44609375 0.25546875 0.071875 0.0234375
2 0.5171875 0.2546875 0.06953125 0.025
0 0.5265625 0.25546875 0.0890625 0.0234375
2 0.60234375 0.2546875 0.06171875 0.025
0 0.61171875 0.25546875 0.08125 0.0234375
2 0.7078125 0.2546875 0.1109375 0.025
0 0.71796875 0.25546875 0.13125 0.0234375
2 0.82109375 0.2546875 0.0765625 0.025
0 0.89140625 0.25546875 0.2171875 0.0234375
2 0.9296875 0.2546875 0.140625 0.025
2 0.18125 0.384375 0.34296875 0.203125
0 0.18125 0.46953125 0.34296875 0.025
4 0.18125 0.62734375 0.34296875 0.2578125
0 0.18125 0.62734375 0.34296875 0.2578125
2 0.178125 0.8140625 0.33671875 0.10390625
0 0.18125 0.8140625 0.34296875 0.1
2 0.17421875 0.9078125 0.32890625 0.05234375
0 0.18125 0.9078125 0.34296875 0.05078125
2 0.03984375 0.9640625 0.059375 0.02734375
0 0.18125 0.96484375 0.34296875 0.02578125
2 0.20703125 0.9640625 0.275 0.02734375
2 0.059375 0.996875 0.1 0.00625
0 0.18046875 0.99765625 0.3421875 0.0046875
2 0.22578125 0.996875 0.2328125 0.00625
7 0.521875 0.39765625 0.30078125 0.23046875
4 0.521875 0.3953125 0.30078125 0.225
0 0.521875 0.5015625 0.30078125 0.02578125
2 0.496875 0.553125 0.2515625 0.06875
0 0.521875 0.553125 0.30078125 0.0640625
7 0.3765625 0.603125 0.0109375 0.02578125
0 0.51875 0.615625 0.29609375 0.05078125
6 0.434375 0.603125 0.1078125 0.02578125
7 0.51875 0.615625 0.29609375 0.05078125
7 0.3765625 0.65234375 0.0109375 0.02578125
0 0.5015625 0.65234375 0.2609375 0.02578125
6 0.4125 0.65234375 0.0625 0.02578125
7 0.5375 0.65234375 0.1890625 0.02578125
4 0.521875 0.80625 0.30078125 0.2265625
0 0.521875 0.80625 0.30078125 0.2265625
2 0.51640625 0.96171875 0.2921875 0.0765625
0 0.521875 0.96328125 0.30078125 0.07265625
4 0.840625 0.3953125 0.30078125 0.225
0 0.840625 0.3953125 0.3 0.225
2 0.8390625 0.56328125 0.29765625 0.1
0 0.840625 0.56328125 0.30078125 0.0953125
2 0.72578125 0.64140625 0.0703125 0.02734375
0 0.840625 0.6421875 0.30078125 0.02578125
2 0.86015625 0.64140625 0.2 0.02734375
2 0.72578125 0.6859375 0.0703125 0.02734375
0 0.840625 0.6859375 0.30078125 0.02578125
2 0.8609375 0.6859375 0.203125 0.02734375
2 0.83984375 0.7421875 0.2984375 0.05234375
0 0.840625 0.74296875 0.30078125 0.05078125
2 0.82734375 0.8109375 0.27421875 0.05234375
0 0.840625 0.81171875 0.30078125 0.05078125
2 0.82890625 0.88046875 0.2765625 0.05234375
0 0.840625 0.88125 0.30078125 0.05078125
2 0.81796875 0.94921875 0.2546875 0.05234375
0 0.840625 0.95 0.30078125 0.05078125
2 0.834375 0.99609375 0.2875 0.0078125
0 0.840625 0.996875 0.30078125 0.00625
3 0.5 0.5 1 1
3 0.5 0.5 1 1