4 0.190625 0.0140625 0.0125 0.015625
4 0.20234375 0.0140625 0.0125 0.015625
4 0.8140625 0.0140625 0.0125 0.015625
7 0.190625 0.1015625 0.0125 0.15859375
4 0.26640625 0.1 0.08125 0.10703125
2 0.44453125 0.05625 0.20625 0.02578125
4 0.70078125 0.0484375 0.215625 0.053125
2 0.575 0.11484375 0.4671875 0.05234375
6 0.715625 0.165625 0.1703125 0.015625
7 0.8140625 0.1015625 0.0125 0.15859375
7 0.190625 0.44375 0.0125 0.525
7 0.384375 0.2609375 0.0984375 0.04296875
7 0.446875 0.2609375 0.028125 0.04296875
1 0.56875 0.2609375 0.2015625 0.03515625
7 0.384375 0.303125 0.0984375 0.04296875
7 0.446875 0.303125 0.028125 0.04296875
1 0.56875 0.303125 0.2015625 0.03515625
7 0.384375 0.34453125 0.0984375 0.04296875
7 0.446875 0.34453125 0.028125 0.04296875
1 0.56875 0.34453125 0.2015625 0.03515625
7 0.384375 0.384375 0.0984375 0.040625
7 0.446875 0.384375 0.028125 0.040625
1 0.565625 0.384375 0.20625 0.0328125
7 0.384375 0.4234375 0.0984375 0.040625
7 0.446875 0.4234375 0.028125 0.040625
1 0.565625 0.4234375 0.20625 0.0328125
7 0.384375 0.4625 0.0984375 0.040625
7 0.446875 0.4625 0.028125 0.040625
1 0.565625 0.4625 0.20625 0.0328125
1 0.584375 0.5 0.05078125 0.02890625
1 0.640625 0.5 0.05625 0.02890625
7 0.50234375 0.61015625 0.6125 0.00625
4 0.19921875 0.70234375 0.00625 0.00625
7 0.37578125 0.66015625 0.3484375 0.09140625
7 0.66484375 0.659375 0.053125 0.0140625
4 0.69375 0.6609375 0.00625 0.00625
4 0.74921875 0.66015625 0.08125 0.05703125
4 0.80546875 0.70234375 0.00625 0.00625
7 0.8140625 0.44375 0.0125 0.525
4 0.190625 0.71328125 0.0125 0.015625
4 0.20234375 0.71328125 0.0125 0.015625
4 0.8140625 0.71328125 0.0125 0.015625