6 0.92578125 0.0203125 0.12109375 0.021875
4 0.259375 0.36484375 0.38125 0.55703125
2 0.64609375 0.240625 0.29609375 0.1
7 0.64921875 0.32734375 0.3015625 0.053125
6 0.7640625 0.34296875 0.128125 0.021875
7 0.665625 0.38984375 0.33515625 0.115625
7 0.62109375 0.48125 0.24609375 0.021875
7 0.7625 0.48125 0.0390625 0.021875
7 0.66875 0.54375 0.3421875 0.146875
7 0.66953125 0.66640625 0.34296875 0.0625
7 0.54765625 0.72578125 0.0984375 0.021875
6 0.64140625 0.74140625 0.2859375 0.053125
7 0.6671875 0.8171875 0.3390625 0.053125
6 0.7015625 0.8328125 0.140625 0.021875
7 0.665625 0.8796875 0.33515625 0.115625