4 0.06484375 0.0390625 0.07109375 0.03359375
4 0.1546875 0.0390625 0.0703125 0.04453125
7 0.52890625 0.0390625 0.32734375 0.02109375
7 0.721875 0.0390625 0.06328125 0.02109375
0 0.86171875 0.0390625 0.15703125 0.02578125
0 0.86171875 0.0390625 0.16875 0.0546875
2 0.1859375 0.22109375 0.29296875 0.14296875
0 0.1859375 0.22109375 0.29296875 0.14296875
4 0.1109375 0.38671875 0.0703125 0.03671875
0 0.1109375 0.38671875 0.0703125 0.03671875
6 0.8484375 0.38828125 0.0640625 0.03671875
7 0.934375 0.38671875 0.0546875 0.02109375
0 0.934375 0.38671875 0.0546875 0.02109375
3 0.5 0.503125 0.7109375 0.11875
4 0.5 0.83671875 0.921875 0.3265625
4 0.5 0.83671875 0.921875 0.3265625
4 0.5 0.83671875 0.921875 0.3265625
2 0.5 0.98359375 0.4921875 0.0328125
7 0.88671875 0.709375 0.08984375 0.0140625
0 0.7765625 0.77734375 0.3703125 0.20859375