4 0.03125 0.03125 0.015625 0.01796875
0 0.034375 0.0328125 0.021875 0.021875
7 0.075 0.0328125 0.06171875 0.015625
7 0.153125 0.0328125 0.07109375 0.015625
7 0.20234375 0.0328125 0.0265625 0.015625
7 0.2265625 0.0328125 0.01953125 0.015625
0 0.434375 0.0328125 0.03046875 0.0171875
0 0.465625 0.0328125 0.03515625 0.0171875
0 0.49921875 0.0328125 0.034375 0.0171875
0 0.53203125 0.0328125 0.0328125 0.0171875
0 0.5640625 0.0328125 0.0328125 0.0171875
0 0.775 0.0328125 0.10859375 0.0484375
4 0.846875 0.03359375 0.021875 0.03125
0 0.903125 0.0328125 0.14765625 0.0484375
7 0.91015625 0.03515625 0.0875 0.01796875
4 0.0515625 0.13359375 0.025 0.01953125
0 0.0515625 0.13359375 0.05625 0.04296875
4 0.50078125 0.13125 0.18046875 0.07421875
0 0.4546875 0.13359375 0.08984375 0.06875
7 0.73828125 0.13359375 0.4765625 0.06875
0 0.20546875 0.2453125 0.1125 0.040625
0 0.2953125 0.2453125 0.06640625 0.040625
0 0.36640625 0.2453125 0.07734375 0.040625
0 0.4453125 0.2453125 0.0796875 0.040625
0 0.5171875 0.2453125 0.0640625 0.040625
0 0.59609375 0.2453125 0.09296875 0.040625
0 0.67890625 0.2453125 0.071875 0.040625
0 0.75390625 0.2453125 0.078125 0.040625
0 0.821875 0.2453125 0.0578125 0.040625
7 0.284375 0.31796875 0.10859375 0.01796875
0 0.38203125 0.31796875 0.0875 0.01796875
0 0.4984375 0.31796875 0.146875 0.01796875
0 0.6265625 0.31796875 0.1125 0.01796875
0 0.73046875 0.31796875 0.09765625 0.01796875
3 0.5 0.4546875 0.953125 0.1734375
2 0.1734375 0.69375 0.3 0.2796875
6 0.06328125 0.859375 0.0796875 0.01796875
7 0.10703125 0.859375 0.0046875 0.01796875
7 0.13984375 0.859375 0.05859375 0.01796875
4 0.18125 0.8609375 0.01171875 0.015625
0 0.1859375 0.86015625 0.0203125 0.021875
7 0.19375 0.86015625 0.00625 0.021875
7 0.17578125 0.9203125 0.3046875 0.0796875
4 0.66171875 0.778125 0.6296875 0.44375
0 0.66171875 0.778125 0.6296875 0.44375
4 0.39140625 0.96953125 0.04765625 0.0609375