4 0.0578125 0.05234375 0.053125 0.0625
0 0.11796875 0.05234375 0.17265625 0.0625
4 0.1546875 0.05234375 0.1 0.01796875
0 0.37421875 0.053125 0.10234375 0.0328125
0 0.5171875 0.053125 0.15234375 0.0328125
0 0.6375 0.053125 0.05625 0.0328125
0 0.74140625 0.053125 0.11875 0.0328125
4 0.946875 0.053125 0.0234375 0.02734375
0 0.946875 0.05234375 0.04296875 0.06015625
2 0.265625 0.19296875 0.4390625 0.05234375
7 0.265625 0.3109375 0.4390625 0.11875
0 0.1171875 0.43125 0.1421875 0.0640625
2 0.5 0.6 0.946875 0.04140625
4 0.053125 0.6890625 0.053125 0.08359375
0 0.05234375 0.6875 0.0515625 0.03125
2 0.16484375 0.6671875 0.1140625 0.02734375
7 0.1515625 0.71015625 0.0875 0.0296875
7 0.20234375 0.72734375 0.190625 0.0640625
4 0.378125 0.69296875 0.053125 0.09140625
0 0.378125 0.69140625 0.053125 0.03125
2 0.5046875 0.665625 0.14453125 0.02734375
7 0.4859375 0.709375 0.10625 0.0296875
7 0.56328125 0.709375 0.05 0.0296875
7 0.53984375 0.72578125 0.21484375 0.0640625
4 0.703125 0.69375 0.053125 0.0921875
0 0.703125 0.69140625 0.053125 0.03125
2 0.828125 0.665625 0.140625 0.02734375
7 0.86484375 0.72578125 0.2140625 0.0640625
2 0.5 0.93046875 0.875 0.01953125
4 0.28125 0.9890625 0.4375 0.021875
0 0.28125 0.9890625 0.4375 0.021875
4 0.71875 0.96875 0.4375 0.0625
0 0.71875 0.96875 0.4375 0.0625