4 0.246875 0.06875 0.29375 0.053125
2 0.5 0.228125 0.80078125 0.04453125
3 0.2484375 0.3265625 0.29765625 0.103125
7 0.5 0.4125 0.80078125 0.0296875
7 0.5 0.4828125 0.80078125 0.0296875
7 0.51953125 0.553125 0.76171875 0.0296875
7 0.51953125 0.58125 0.76171875 0.0296875
7 0.5 0.665625 0.80078125 0.05859375
7 0.5 0.75078125 0.80078125 0.0296875
7 0.5203125 0.97265625 0.28515625 0.0546875
7 0.1296875 0.97265625 0.0609375 0.02109375
6 0.1859375 0.97265625 0.05390625 0.02109375
7 0.225 0.97265625 0.025 0.02109375