6 0.9453125 0.02421875 0.0796875 0.01953125
6 0.86015625 0.02421875 0.03984375 0.01953125
6 0.79765625 0.02421875 0.034375 0.01953125
6 0.60703125 0.0234375 0.00703125 0.0390625
6 0.6359375 0.0234375 0.01484375 0.0390625
6 0.66875 0.0234375 0.0140625 0.0390625
6 0.7015625 0.0234375 0.0140625 0.0390625
6 0.73359375 0.0234375 0.0140625 0.0390625
4 0.1046875 0.103125 0.13203125 0.02109375
0 0.1046875 0.103125 0.13203125 0.02109375
7 0.30234375 0.103125 0.15703125 0.0234375
0 0.30234375 0.103125 0.18671875 0.11484375
7 0.48828125 0.103125 0.12109375 0.0234375
0 0.4875 0.103125 0.18671875 0.11484375
7 0.67265625 0.103125 0.1328125 0.0234375
0 0.6734375 0.103125 0.18671875 0.11484375
7 0.85859375 0.103125 0.165625 0.06484375
0 0.85859375 0.103125 0.1859375 0.11484375
1 0.97578125 0.103125 0.0484375 0.11484375
7 0.2890625 0.9640625 0.48046875 0.071875
0 0.3 0.57890625 0.6 0.8390625
7 0.809375 0.5421875 0.32109375 0.0640625
0 0.8 0.396875 0.4 0.47265625
7 0.809375 0.99140625 0.32109375 0.0171875
0 0.8 0.815625 0.4 0.36875