2 0.0953125 0.0515625 0.1484375 0.04296875
0 0.0953125 0.0515625 0.1484375 0.04296875
7 0.96015625 0.05234375 0.0375 0.02109375
7 0.0515625 0.15703125 0.059375 0.021875
7 0.1265625 0.15703125 0.034375 0.021875
7 0.1984375 0.15703125 0.0546875 0.021875
7 0.30625 0.15703125 0.10546875 0.021875
7 0.4234375 0.15703125 0.0734375 0.021875
7 0.509375 0.15703125 0.0421875 0.021875
7 0.57890625 0.15703125 0.0421875 0.021875
7 0.64765625 0.15703125 0.03984375 0.021875
7 0.746875 0.15703125 0.10234375 0.021875
4 0.81328125 0.15703125 0.0125 0.009375
0 0.7671875 0.15703125 0.14375 0.040625
4 0.96875 0.15625 0.01953125 0.02578125
0 0.96875 0.15625 0.01953125 0.02578125
3 0.5 0.29296875 0.7109375 0.1171875
4 0.81796875 0.36640625 0.075 0.01953125
0 0.81796875 0.36640625 0.075 0.01953125
4 0.5 0.478125 1 0.15
4 0.334375 0.67734375 0.625 0.46875
4 0.334375 0.67734375 0.09765625 0.1953125
2 0.296875 0.978125 0.4921875 0.04296875
0 0.334375 0.95546875 0.625 0.08828125
3 0.83203125 0.60546875 0.29296875 0.32578125
4 0.940625 0.7828125 0.075 0.01953125
0 0.940625 0.7828125 0.075 0.01953125
4 0.83203125 0.92890625 0.29296875 0.1421875
0 0.83203125 0.92890625 0.29296875 0.1421875