4 0.11640625 0.0390625 0.13984375 0.03671875
0 0.12421875 0.0390625 0.15546875 0.078125
4 0.82734375 0.0390625 0.15 0.078125
4 0.5 0.30078125 1 0.4453125
0 0.5 0.30078125 1 0.4453125
0 0.5 0.28125 0.96875 0.0234375
2 0.48515625 0.3703125 0.9390625 0.1625
7 0.5 0.475 0.96875 0.03359375
3 0.5 0.56953125 1 0.0953125
2 0.20625 0.8359375 0.328125 0.0390625
4 0.26328125 0.9375 0.4421875 0.125
0 0.26328125 0.9375 0.4421875 0.125
4 0.90234375 0.9375 0.1109375 0.125
0 0.90234375 0.9375 0.1109375 0.125
0 0.665625 0.88828125 0.30078125 0.02578125
2 0.653125 0.9546875 0.275 0.08984375
7 0.49296875 0.925 0.93828125 0.06875
6 0.19609375 0.95 0.075 0.01953125
7 0.23515625 0.95 0.003125 0.01953125