0 0.5 0.01953125 0.21875 0.0390625
7 0.48359375 0.01953125 0.8765625 0.0234375
0 0.96015625 0.05859375 0.04296875 0.0234375
7 0.11796875 0.0578125 0.146875 0.01953125
6 0.21171875 0.0578125 0.03984375 0.01953125
7 0.4359375 0.0578125 0.4078125 0.01953125
6 0.68046875 0.0578125 0.08125 0.01953125
7 0.7375 0.0578125 0.0328125 0.01953125
6 0.83203125 0.0578125 0.15625 0.01953125
7 0.91171875 0.0578125 0.003125 0.01953125
2 0.06796875 0.12890625 0.0984375 0.04140625
7 0.1359375 0.12890625 0.234375 0.04453125
1 0.84453125 0.1265625 0.27421875 0.0375
0 0.96015625 0.1265625 0.04296875 0.0375
2 0.1046875 0.203125 0.171875 0.05234375
0 0.12578125 0.2109375 0.21484375 0.06796875
0 0.33125 0.2109375 0.1953125 0.06796875
0 0.4921875 0.2109375 0.1265625 0.06796875
2 0.31171875 0.30078125 0.58671875 0.05234375
4 0.946875 0.3 0.06875 0.08984375
0 0.946875 0.3046875 0.06875 0.09921875
6 0.67109375 0.2765625 0.08984375 0.0296875
7 0.76640625 0.2765625 0.04765625 0.04296875
2 0.2671875 0.4125 0.46484375 0.05234375
7 0.2671875 0.49765625 0.46484375 0.09921875
6 0.25859375 0.584375 0.44609375 0.0296875
7 0.1140625 0.64921875 0.15703125 0.0296875
6 0.2453125 0.665625 0.42109375 0.0625
0 0.05 0.784375 0.0296875 0.040625
0 0.08828125 0.784375 0.03046875 0.040625
0 0.12734375 0.784375 0.03046875 0.040625
4 0.865625 0.45234375 0.1953125 0.13125
6 0.821875 0.53515625 0.10859375 0.0234375
6 0.825 0.56015625 0.115625 0.0234375
4 0.865625 0.659375 0.1953125 0.13125
6 0.8578125 0.7546875 0.18046875 0.0484375
2 0.4078125 0.9171875 0.7796875 0.06875
2 0.49921875 0.90546875 0.928125 0.0296875
6 0.29765625 0.97421875 0.4171875 0.02578125