7 0.81953125 0.1234375 0.2390625 0.01953125
7 0.7765625 0.14921875 0.153125 0.01953125
0 0.9625 0.115625 0.015625 0.02109375
2 0.17890625 0.04921875 0.3109375 0.0984375
1 0.29765625 0.07421875 0.34765625 0.04140625
1 0.29765625 0.07421875 0.34765625 0.04140625
0 0.45625 0.07421875 0.03125 0.04140625
0 0.79609375 0.025 0.0625 0.01796875
0 0.859375 0.025 0.0625 0.01796875
0 0.93359375 0.025 0.0859375 0.01796875
0 0.53828125 0.07265625 0.0953125 0.04140625
0 0.65703125 0.07265625 0.0953125 0.04140625
0 0.79609375 0.07265625 0.134375 0.04140625
0 0.93125 0.07265625 0.08984375 0.04140625
0 0.08046875 0.13671875 0.1140625 0.0390625
0 0.17890625 0.13671875 0.05078125 0.0390625
0 0.2453125 0.13671875 0.05078125 0.0390625
0 0.34296875 0.13671875 0.1140625 0.0390625
0 0.44765625 0.13671875 0.06328125 0.0390625
0 0.5140625 0.13671875 0.0375 0.0390625
0 0.5921875 0.13671875 0.0890625 0.0390625
0 0.66484375 0.13671875 0.025 0.0390625
0 0.09140625 0.17578125 0.1359375 0.0390625
0 0.89140625 0.13671875 0.1703125 0.0390625
7 0.4984375 0.24140625 0.94921875 0.04296875
2 0.08203125 0.30390625 0.1171875 0.025
6 0.42265625 0.30390625 0.5328125 0.025
6 0.31484375 0.32890625 0.3171875 0.025
6 0.94453125 0.30390625 0.025 0.025
0 0.040625 0.56953125 0.03515625 0.0484375
0 0.07421875 0.56953125 0.1484375 0.4078125
0 0.5 0.56953125 0.68359375 0.4078125
7 0.92578125 0.74296875 0.1484375 0.0609375
0 0.92578125 0.56953125 0.1484375 0.4078125
0 0.959375 0.56953125 0.03515625 0.0484375
2 0.15 0.8453125 0.25390625 0.0390625
7 0.53984375 0.8484375 0.478125 0.02734375
7 0.20703125 0.946875 0.0625 0.084375
0 0.13984375 0.9421875 0.2328125 0.115625
2 0.10078125 0.9171875 0.1234375 0.025
6 0.10078125 0.9625 0.1234375 0.0484375
7 0.446875 0.946875 0.0625 0.084375
0 0.3796875 0.9421875 0.2328125 0.115625
2 0.340625 0.9171875 0.1234375 0.025
6 0.340625 0.9625 0.1234375 0.0484375
7 0.6875 0.946875 0.0625 0.084375
0 0.6203125 0.9421875 0.2328125 0.115625
2 0.58125 0.9171875 0.1234375 0.025
6 0.58125 0.9625 0.1234375 0.0484375
7 0.928125 0.946875 0.0625 0.084375
0 0.86015625 0.9421875 0.2328125 0.115625
2 0.82109375 0.940625 0.1234375 0.071875
6 0.82109375 0.99296875 0.1234375 0.0140625