2 0.18359375 0.05703125 0.2859375 0.1140625
2 0.40078125 0.08046875 0.09453125 0.06796875
0 0.0609375 0.125 0.05078125 0.06015625
0 0.121875 0.125 0.05546875 0.06015625
0 0.18671875 0.125 0.059375 0.06015625
0 0.25859375 0.125 0.06875 0.06015625
0 0.32734375 0.125 0.05390625 0.06015625
0 0.39375 0.125 0.06328125 0.06015625
0 0.4671875 0.125 0.0671875 0.06015625
0 0.528125 0.125 0.0390625 0.06015625
0 0.8765625 0.1265625 0.1546875 0.06015625
0 0.8765625 0.11875 0.15625 0.046875
7 0.5 0.31875 0.91796875 0.08984375
7 0.5 0.434375 0.625 0.115625
7 0.5 0.73671875 0.625 0.13046875
4 0.46640625 0.93515625 0.7828125 0.1296875
4 0.83359375 0.996875 0.19609375 0.00625