4 0.5 0.05234375 1 0.10390625
2 0.290625 0.21796875 0.140625 0.04296875
2 0.4359375 0.21796875 0.15 0.04296875
7 0.321875 0.25703125 0.20234375 0.021875
7 0.23359375 0.2859375 0.0265625 0.021875
6 0.3078125 0.2859375 0.12109375 0.021875
7 0.36953125 0.2859375 0.0046875 0.021875
6 0.79140625 0.22578125 0.06171875 0.021875
7 0.8515625 0.22578125 0.0609375 0.021875
6 0.91484375 0.22578125 0.0671875 0.021875
7 0.95078125 0.22578125 0.0046875 0.021875
7 0.925 0.271875 0.0546875 0.04296875
0 0.925 0.2703125 0.0546875 0.021875
7 0.8296875 0.271875 0.13671875 0.04296875
0 0.8296875 0.2703125 0.1359375 0.021875
7 0.70390625 0.271875 0.1171875 0.04296875
0 0.7046875 0.2703125 0.11796875 0.021875
7 0.61875 0.271875 0.05546875 0.04296875
0 0.61875 0.2703125 0.05546875 0.021875
7 0.5546875 0.271875 0.07421875 0.04296875
0 0.55390625 0.2703125 0.0734375 0.021875
7 0.40703125 0.39453125 0.3875 0.0234375
2 0.2859375 0.42265625 0.1453125 0.0328125
4 0.52109375 0.53671875 0.14765625 0.1484375
4 0.5859375 0.6234375 0.015625 0.015625
7 0.4953125 0.63828125 0.090625 0.04140625
6 0.5234375 0.64921875 0.0375 0.01953125
7 0.22578125 0.465625 0.025 0.021875
7 0.2953125 0.465625 0.1140625 0.021875
7 0.30390625 0.4796875 0.1828125 0.05078125
6 0.3375 0.49375 0.11015625 0.021875
7 0.315625 0.5375 0.20625 0.1078125
6 0.3625 0.5796875 0.08515625 0.021875
7 0.31875 0.59453125 0.2109375 0.05078125
6 0.246875 0.6375 0.0671875 0.021875
7 0.28671875 0.6375 0.01484375 0.021875
6 0.32265625 0.6375 0.0578125 0.021875
7 0.31796875 0.665625 0.21015625 0.0796875
6 0.37109375 0.69453125 0.0921875 0.021875
6 0.24375 0.7234375 0.06171875 0.021875
7 0.39765625 0.7375 0.36875 0.05078125
7 0.47109375 0.7515625 0.01640625 0.021875
7 0.38671875 0.76640625 0.34765625 0.05078125
6 0.2828125 0.78046875 0.04375 0.021875
7 0.30625 0.78046875 0.0078125 0.021875
6 0.33359375 0.78046875 0.04609375 0.021875
7 0.36328125 0.78046875 0.015625 0.021875
6 0.41328125 0.78046875 0.0859375 0.021875
7 0.39140625 0.7953125 0.3578125 0.05078125
6 0.3875 0.8234375 0.35 0.05078125
7 0.39375 0.86640625 0.3625 0.0796875
7 0.35703125 0.946875 0.28828125 0.05078125
6 0.365625 0.96171875 0.034375 0.021875
7 0.40390625 0.975 0.38203125 0.04921875
6 0.3515625 0.9890625 0.025 0.021875
7 0.4046875 0.9890625 0.384375 0.021875
2 0.69375 0.39921875 0.090625 0.0328125
6 0.675 0.4390625 0.05390625 0.021875
6 0.79921875 0.47734375 0.25703125 0.021875
6 0.73359375 0.50703125 0.12578125 0.021875
6 0.69609375 0.553125 0.0953125 0.021875
7 0.71015625 0.590625 0.07890625 0.021875
6 0.79375 0.590625 0.08984375 0.021875
7 0.7859375 0.6046875 0.23046875 0.05078125
7 0.7109375 0.64921875 0.0796875 0.021875
6 0.8390625 0.64921875 0.1796875 0.021875
7 0.809375 0.66328125 0.27734375 0.05078125
7 0.7109375 0.709375 0.0796875 0.021875
6 0.78828125 0.709375 0.078125 0.021875
7 0.803125 0.7234375 0.2640625 0.05078125
7 0.71015625 0.7671875 0.07890625 0.021875
6 0.79765625 0.7671875 0.096875 0.021875
7 0.81171875 0.78203125 0.28125 0.05078125
4 0.9015625 0.90625 0.1171875 0.1875
7 0.7109375 0.8296875 0.0796875 0.021875
6 0.73359375 0.84453125 0.12578125 0.05078125
7 0.7515625 0.8734375 0.1609375 0.05078125
7 0.784375 0.8875 0.07890625 0.021875
7 0.8265625 0.8875 0.00625 0.021875
7 0.7109375 0.91875 0.0796875 0.021875
6 0.78125 0.91875 0.0640625 0.021875
7 0.74375 0.9328125 0.146875 0.05078125
7 0.7109375 0.97734375 0.0796875 0.021875
6 0.7828125 0.97734375 0.06875 0.021875
7 0.75078125 0.9828125 0.16015625 0.03359375
2 0.10859375 0.5078125 0.2171875 0.984375
7 0.63515625 0.02109375 0.1046875 0.02578125
6 0.72109375 0.025 0.0515625 0.01796875
6 0.79453125 0.025 0.07890625 0.01796875
6 0.8875 0.025 0.0921875 0.01796875
6 0.9625 0.025 0.04375 0.01796875
0 0.203125 0.078125 0.0609375 0.05234375
0 0.26796875 0.078125 0.07109375 0.05234375
0 0.5984375 0.078125 0.0421875 0.05234375
0 0.65703125 0.078125 0.07734375 0.05234375
0 0.7359375 0.078125 0.0828125 0.05234375
1 0.884375 0.08046875 0.2015625 0.03671875
1 0.971875 0.08046875 0.0234375 0.03359375
1 0.971875 0.08046875 0.0234375 0.03359375
4 0.0859375 0.10390625 0.15625 0.2078125
6 0.04765625 0.2515625 0.0421875 0.01953125
6 0.08671875 0.2765625 0.12109375 0.01953125
6 0.05390625 0.3015625 0.05546875 0.01953125
6 0.07578125 0.3265625 0.0984375 0.01953125
6 0.06875 0.35078125 0.08515625 0.01953125
6 0.06953125 0.37578125 0.0859375 0.01953125
6 0.04375 0.4 0.034375 0.01953125
6 0.0578125 0.425 0.06328125 0.01953125
2 0.090625 0.46953125 0.12890625 0.01953125
6 0.0828125 0.50078125 0.1125 0.01953125
6 0.05390625 0.525 0.05546875 0.01953125
6 0.053125 0.55 0.05390625 0.01953125
6 0.0609375 0.575 0.06953125 0.01953125
6 0.05234375 0.6 0.0515625 0.01953125
6 0.04921875 0.62421875 0.04609375 0.01953125
6 0.05390625 0.64921875 0.05546875 0.01953125
6 0.0578125 0.6734375 0.06328125 0.01953125
6 0.053125 0.6984375 0.053125 0.01953125
6 0.05546875 0.7234375 0.05859375 0.01953125
6 0.06015625 0.7484375 0.0671875 0.01953125
6 0.053125 0.77265625 0.05390625 0.01953125
6 0.05703125 0.79765625 0.06171875 0.01953125
2 0.090625 0.8421875 0.12890625 0.01953125
6 0.0625 0.8734375 0.071875 0.01953125
6 0.08359375 0.89765625 0.1140625 0.01953125
6 0.0828125 0.92265625 0.1125 0.01953125
2 0.090625 0.9671875 0.12890625 0.01953125
6 0.0765625 0.99375 0.10078125 0.01171875