7 0.50078125 0.8203125 0.92265625 0.04140625
0 0.5 0.896875 0.18125 0.0546875
6 0.49921875 0.94921875 0.11796875 0.01796875
7 0.19609375 0.03671875 0.1953125 0.02578125
4 0.940625 0.034375 0.08203125 0.040625
0 0.940625 0.03671875 0.08203125 0.04453125
7 0.1203125 0.2328125 0.053125 0.0171875
7 0.134375 0.29609375 0.08203125 0.03515625
2 0.3375 0.46953125 0.48828125 0.2359375
7 0.13125 0.63515625 0.07421875 0.02109375
7 0.19609375 0.63515625 0.0296875 0.0234375
7 0.2296875 0.6375 0.0390625 0.01953125
7 0.27265625 0.63515625 0.021875 0.0234375
7 0.29921875 0.6375 0.034375 0.01953125
5 0.146875 0.74296875 0.046875 0.0171875
0 0.19140625 0.74296875 0.1953125 0.06640625
4 0.24921875 0.74296875 0.021875 0.0171875
4 0.5 0.5 1 1
4 0.5 0.5 1 1
0 0.028125 0.9515625 0.009375 0.01328125
0 0.04765625 0.9515625 0.009375 0.01328125
0 0.0671875 0.9515625 0.009375 0.01328125
0 0.08671875 0.9515625 0.009375 0.01328125