0 0.065625 0.04296875 0.1109375 0.0390625
7 0.98046875 0.0421875 0.0390625 0.084375
2 0.1609375 0.04296875 0.04609375 0.02109375
7 0.2546875 0.015625 0.0921875 0.01796875
0 0.30546875 0.0421875 0.225 0.084375
7 0.30546875 0.04453125 0.19375 0.03125
2 0.44765625 0.04296875 0.02265625 0.02109375
7 0.5125 0.01640625 0.0484375 0.01953125
0 0.5765625 0.0421875 0.19921875 0.084375
7 0.5609375 0.01640625 0.05 0.01953125
7 0.61015625 0.01640625 0.03046875 0.01953125
7 0.64375 0.01640625 0.03984375 0.01953125
4 0.496875 0.04140625 0.01640625 0.02109375
7 0.53984375 0.04140625 0.06171875 0.01796875
7 0.64375 0.04140625 0.040625 0.01796875
4 0.496875 0.06796875 0.01640625 0.02109375
7 0.5328125 0.06796875 0.04765625 0.01796875
7 0.646875 0.06796875 0.03515625 0.01796875
7 0.71171875 0.01640625 0.04765625 0.01953125
0 0.775 0.0421875 0.1984375 0.084375
7 0.759375 0.01640625 0.05078125 0.01953125
7 0.809375 0.01640625 0.03046875 0.01953125
7 0.84296875 0.01640625 0.0390625 0.01953125
4 0.69609375 0.04140625 0.01640625 0.02109375
7 0.7359375 0.04140625 0.05625 0.01796875
7 0.84453125 0.04140625 0.03515625 0.01796875
4 0.69609375 0.06796875 0.01640625 0.02109375
7 0.7234375 0.06796875 0.03125 0.01796875
7 0.84453125 0.06796875 0.03515625 0.01796875
7 0.909375 0.01640625 0.04765625 0.01953125
0 0.93671875 0.0421875 0.12578125 0.084375
7 0.9578125 0.01640625 0.05078125 0.01953125
7 0.99609375 0.01640625 0.0078125 0.01953125
4 0.89375 0.04140625 0.01640625 0.02109375
7 0.92109375 0.04140625 0.03046875 0.01796875
4 0.89375 0.06796875 0.01640625 0.02109375
7 0.934375 0.06796875 0.05625 0.01796875
2 0.053125 0.11328125 0.0859375 0.05703125
7 0.978125 0.11328125 0.04296875 0.05703125
0 0.978125 0.11328125 0.04296875 0.05703125
7 0.14765625 0.11328125 0.025 0.02109375
0 0.14765625 0.11328125 0.04609375 0.05703125
7 0.19453125 0.11328125 0.0296875 0.02109375
0 0.19453125 0.11328125 0.0484375 0.05703125
7 0.2421875 0.11328125 0.0296875 0.02109375
0 0.2421875 0.11328125 0.0484375 0.05703125
7 0.29765625 0.11328125 0.04375 0.02109375
0 0.296875 0.11328125 0.0625 0.05703125
0 0.35390625 0.11328125 0.05390625 0.05703125
0 0.8921875 0.11328125 0.04296875 0.05703125
7 0.8375 0.11328125 0.05 0.02109375
0 0.83671875 0.11328125 0.06875 0.05703125
7 0.77421875 0.11328125 0.0375 0.02109375
0 0.775 0.11328125 0.0578125 0.05703125
7 0.71796875 0.11328125 0.0390625 0.02109375
0 0.71796875 0.11328125 0.05859375 0.05703125
7 0.6453125 0.11328125 0.06953125 0.05703125
0 0.6453125 0.11328125 0.0890625 0.05703125
3 0.5 0.31796875 0.946875 0.32578125
4 0.34375 0.85078125 0.64453125 0.00390625
0 0.34375 0.75234375 0.64453125 0.49453125
2 0.3421875 0.90078125 0.609375 0.07265625
6 0.34375 0.9671875 0.61328125 0.04921875
7 0.0953125 0.99921875 0.01171875 0.0015625
7 0.14765625 0.99921875 0.0921875 0.0015625
4 0.34375 0.67734375 0.64453125 0.34375
7 0.65 0.52578125 0.015625 0.02109375
2 0.83203125 0.5328125 0.26953125 0.05625
0 0.83515625 0.5921875 0.2640625 0.0390625
0 0.83515625 0.63125 0.2640625 0.0390625
0 0.83515625 0.6703125 0.2640625 0.0390625
0 0.83515625 0.709375 0.2640625 0.0390625
0 0.83515625 0.7484375 0.2640625 0.0390625
0 0.83515625 0.7875 0.2640625 0.0390625
0 0.83515625 0.8265625 0.2640625 0.0390625
2 0.83203125 0.915625 0.26953125 0.05625
0 0.83203125 0.97890625 0.26953125 0.04140625
3 0.5 0.934375 1 0.13125