4 0.06875 0.03671875 0.0828125 0.04140625
0 0.06875 0.03671875 0.0828125 0.04140625
7 0.19609375 0.03671875 0.06328125 0.02578125
0 0.19609375 0.03671875 0.11015625 0.07265625
7 0.30625 0.03671875 0.06640625 0.02578125
0 0.30625 0.03671875 0.11328125 0.07265625
7 0.45390625 0.03671875 0.1359375 0.02578125
0 0.45390625 0.03671875 0.1828125 0.07265625
7 0.5875 0.03671875 0.03984375 0.02578125
0 0.5875 0.03671875 0.08671875 0.07265625
7 0.67578125 0.03671875 0.0453125 0.02578125
0 0.67578125 0.03671875 0.0921875 0.07265625
4 0.85703125 0.03671875 0.02421875 0.03125
0 0.85703125 0.03671875 0.05546875 0.07265625
0 0.9328125 0.03671875 0.0953125 0.07265625
2 0.2625 0.42578125 0.4671875 0.484375
4 0.05390625 0.6890625 0.05 0.00390625
0 0.09453125 0.80859375 0.1296875 0.046875
7 0.8015625 0.7359375 0.3640625 0.1265625
0 0.8015625 0.828125 0.2859375 0.06015625
0 0.8015625 0.8984375 0.2859375 0.05703125