2 0.5 0.87265625 0.98046875 0.0234375
7 0.5 0.9203125 1 0.03671875
7 0.465625 0.95625 0.0375 0.01953125
0 0.465625 0.95625 0.05859375 0.03515625
7 0.53828125 0.95625 0.028125 0.01953125
0 0.53828125 0.95625 0.05 0.03515625
2 0.5390625 0.07578125 0.2484375 0.04453125
1 0.9109375 0.19296875 0.01875 0.02109375
0 0.02734375 0.1921875 0.0546875 0.05859375
0 0.08203125 0.1921875 0.05625 0.05859375
0 0.171875 0.1921875 0.125 0.05859375
0 0.2671875 0.1921875 0.0671875 0.05859375
0 0.34609375 0.1921875 0.09296875 0.05859375
0 0.43828125 0.1921875 0.09296875 0.05859375
0 0.53984375 0.1921875 0.1125 0.05859375
7 0.9765625 0.1921875 0.021875 0.02734375
2 0.26171875 0.3078125 0.2203125 0.04296875
0 0.5 0.33984375 1 0.234375
7 0.3875 0.3578125 0.4453125 0.05859375
2 0.20859375 0.52890625 0.23125 0.05234375
7 0.20859375 0.675 0.23125 0.17578125
7 0.5421875 0.72890625 0.2296875 0.07265625
0 0.5421875 0.63828125 0.23125 0.2578125
7 0.7921875 0.72890625 0.228125 0.07265625
0 0.7921875 0.63828125 0.23046875 0.2578125
7 0.5421875 0.98828125 0.2296875 0.0234375
0 0.5421875 0.89609375 0.23125 0.2078125
7 0.7921875 0.98828125 0.228125 0.0234375
0 0.79140625 0.89609375 0.2296875 0.2078125