4 0.07734375 0.046875 0.1078125 0.02578125
4 0.1796875 0.046875 0.0234375 0.03125
1 0.40234375 0.046875 0.421875 0.06015625
7 0.75859375 0.046875 0.05078125 0.02578125
0 0.7703125 0.046875 0.11328125 0.09375
4 0.7984375 0.04921875 0.0234375 0.03125
7 0.859375 0.046875 0.025 0.02578125
0 0.87109375 0.046875 0.0875 0.09375
4 0.88671875 0.04921875 0.0234375 0.03125
7 0.96171875 0.046875 0.03828125 0.02109375
0 0.9609375 0.046875 0.078125 0.09375
7 0.16328125 0.12734375 0.14765625 0.03125
7 0.321875 0.1640625 0.4640625 0.02109375
6 0.584375 0.1640625 0.0609375 0.02109375
7 0.62890625 0.1640625 0.0296875 0.02109375
6 0.66875 0.1640625 0.05078125 0.02109375
7 0.69609375 0.1640625 0.00390625 0.02109375
4 0.3625 0.4140625 0.5453125 0.28671875
4 0.73828125 0.4140625 0.46875 0.38046875
2 0.5 0.3359375 0.9140625 0.03671875
2 0.5 0.375 0.9140625 0.04140625
2 0.10625 0.46328125 0.090625 0.02578125
0 0.1203125 0.46328125 0.15546875 0.0625
2 0.17109375 0.46328125 0.015625 0.02109375
7 0.1125 0.66953125 0.1390625 0.05234375
1 0.37265625 0.66953125 0.378125 0.08359375
7 0.0515625 0.73984375 0.01640625 0.02109375
0 0.0515625 0.740625 0.01640625 0.0546875
7 0.10625 0.73984375 0.04609375 0.02109375
0 0.10625 0.73984375 0.04609375 0.05234375
7 0.1953125 0.73984375 0.0859375 0.02109375
0 0.1953125 0.73984375 0.0859375 0.05234375
7 0.27578125 0.73984375 0.028125 0.02109375
0 0.27578125 0.73984375 0.028125 0.05234375
7 0.33203125 0.73984375 0.0375 0.02109375
0 0.33203125 0.73984375 0.0375 0.05234375
7 0.41328125 0.73984375 0.078125 0.02109375
0 0.41328125 0.73984375 0.078125 0.05234375
7 0.528125 0.73984375 0.10546875 0.02109375
0 0.528125 0.73984375 0.10546875 0.05234375
7 0.16328125 0.84140625 0.24921875 0.03671875
4 0.18515625 0.95703125 0.284375 0.0859375
0 0.18515625 0.95703125 0.284375 0.0859375
4 0.18515625 0.95625 0.284375 0.0875
4 0.5 0.95703125 0.28515625 0.0859375
0 0.5 0.95703125 0.28515625 0.0859375
4 0.5 0.95625 0.28515625 0.0875
7 0.8390625 0.9828125 0.23828125 0.03359375
4 0.81484375 0.9625 0.284375 0.07421875