4 0.98046875 0.915625 0.01953125 0.0296875
7 0.3 0.915625 0.5015625 0.13125
6 0.1859375 0.9703125 0.090625 0.021875
0 0.86796875 0.91640625 0.1125 0.02109375
0 0.70703125 0.91953125 0.0953125 0.0234375
3 0.5 0.10390625 0.978125 0.2078125
6 0.49921875 0.23515625 0.3390625 0.021875
4 0.06875 0.3125 0.1140625 0.06484375
0 0.06875 0.3125 0.1140625 0.06484375
7 0.2 0.3125 0.07890625 0.0234375
0 0.2078125 0.3125 0.13671875 0.09375
7 0.3421875 0.3125 0.06171875 0.0234375
0 0.35078125 0.3125 0.11875 0.09375
1 0.6203125 0.3125 0.39140625 0.06015625
7 0.9 0.3109375 0.0234375 0.0328125
0 0.9 0.30859375 0.05859375 0.09921875
6 0.959375 0.309375 0.0234375 0.0328125
0 0.959375 0.30859375 0.0234375 0.03671875
4 0.153125 0.49140625 0.303125 0.25390625
0 0.15546875 0.49375 0.30625 0.259375
4 0.153125 0.74921875 0.303125 0.25390625
0 0.15546875 0.7515625 0.30625 0.259375
4 0.0234375 0.49140625 0.046875 0.25390625
0 0.025 0.49375 0.05 0.259375
4 0.0234375 0.74921875 0.046875 0.25390625
0 0.025 0.7515625 0.05 0.259375
4 0.2015625 0.49140625 0.30390625 0.25390625
0 0.20390625 0.49375 0.3078125 0.259375
4 0.125 0.74921875 0.15 0.25390625
0 0.1265625 0.7515625 0.1546875 0.259375
4 0.278125 0.74921875 0.15 0.25390625
0 0.28046875 0.7515625 0.1546875 0.259375
4 0.43125 0.49140625 0.15 0.25390625
0 0.43359375 0.49375 0.1546875 0.259375
4 0.43125 0.74921875 0.15 0.25390625
0 0.43359375 0.7515625 0.1546875 0.259375
4 0.66171875 0.49140625 0.30390625 0.25390625
0 0.66328125 0.49375 0.3078125 0.259375
4 0.66171875 0.74921875 0.30390625 0.25390625
0 0.66328125 0.7515625 0.3078125 0.259375
4 0.89140625 0.49140625 0.15 0.25390625
0 0.89375 0.49375 0.1546875 0.259375
4 0.984375 0.490625 0.03125 0.253125
0 0.984375 0.49375 0.03125 0.259375
4 0.9078125 0.74921875 0.18359375 0.25390625
0 0.9078125 0.7515625 0.18359375 0.259375
0 0.11171875 0.92578125 0.16875 0.0546875
0 0.25859375 0.92578125 0.12578125 0.0546875
0 0.37265625 0.92578125 0.1046875 0.0546875
0 0.47421875 0.92578125 0.10078125 0.0546875
0 0.6109375 0.92578125 0.175 0.0546875
0 0.75234375 0.92578125 0.11015625 0.0546875
0 0.8640625 0.92578125 0.1140625 0.0546875
0 0.96015625 0.92578125 0.0796875 0.0546875
7 0.98046875 0.92578125 0.015625 0.03359375