4 0.08125 0.0390625 0.115625 0.04453125
0 0.08125 0.0390625 0.115625 0.04453125
0 0.48125 0.0375 0.1265625 0.04140625
7 0.58515625 0.0359375 0.046875 0.01953125
0 0.59453125 0.03671875 0.08203125 0.0390625
7 0.66640625 0.0359375 0.04765625 0.01953125
0 0.6703125 0.03671875 0.0703125 0.0390625
0 0.7359375 0.03671875 0.0640625 0.0390625
7 0.7984375 0.0359375 0.04609375 0.01953125
0 0.80859375 0.03671875 0.08203125 0.0390625
0 0.8796875 0.03671875 0.0625 0.0390625
0 0.94375 0.03671875 0.06640625 0.0390625
7 0.05390625 0.084375 0.04296875 0.021875
0 0.05390625 0.084375 0.06171875 0.0453125
7 0.1140625 0.084375 0.04296875 0.021875
0 0.1140625 0.084375 0.059375 0.0453125
7 0.2078125 0.084375 0.1125 0.021875
0 0.2078125 0.084375 0.1296875 0.0453125
7 0.29609375 0.084375 0.03203125 0.021875
0 0.29609375 0.084375 0.05 0.0453125
7 0.3546875 0.084375 0.05078125 0.021875
0 0.3546875 0.084375 0.06875 0.0453125
7 0.43828125 0.084375 0.084375 0.021875
0 0.43828125 0.084375 0.1015625 0.0453125
7 0.51640625 0.084375 0.03828125 0.021875
0 0.51640625 0.084375 0.05546875 0.0453125
7 0.58125 0.084375 0.05859375 0.021875
0 0.58125 0.084375 0.07734375 0.0453125
7 0.65 0.084375 0.04375 0.021875
0 0.65 0.084375 0.06171875 0.0453125
2 0.5 0.184375 0.94140625 0.03515625
7 0.5 0.2328125 0.94140625 0.03125
3 0.178125 0.31484375 0.296875 0.1015625
7 0.0890625 0.4125 0.11796875 0.05859375
0 0.0890625 0.4125 0.1203125 0.0625
0 0.49921875 0.578125 0.2375 0.046875
4 0.10078125 0.696875 0.05546875 0.07421875
2 0.2859375 0.68828125 0.2875 0.04296875
1 0.28125 0.759375 0.2796875 0.05234375
7 0.465625 0.759375 0.075 0.04140625
0 0.465625 0.759375 0.07734375 0.05234375
7 0.825 0.68515625 0.1671875 0.02578125
4 0.8390625 0.8078125 0.14765625 0.196875
4 0.08828125 0.8515625 0.03046875 0.046875
7 0.18125 0.8515625 0.1484375 0.0546875
4 0.28984375 0.8515625 0.03046875 0.046875
7 0.390625 0.8515625 0.1640625 0.0546875
4 0.50625 0.8515625 0.03046875 0.046875
7 0.63125 0.8515625 0.2109375 0.0546875
7 0.38125 0.93515625 0.615625 0.0390625