0 0.08515625 0.0328125 0.0875 0.02734375
0 0.18671875 0.0328125 0.11640625 0.02734375
0 0.27265625 0.0328125 0.0546875 0.02734375
0 0.584375 0.0328125 0.11796875 0.02734375
0 0.71328125 0.0328125 0.13984375 0.02734375
0 0.83515625 0.0328125 0.1046875 0.02734375
0 0.9234375 0.0328125 0.07109375 0.02734375
4 0.08984375 0.121875 0.09765625 0.1109375
7 0.2125 0.121875 0.103125 0.02734375
0 0.2125 0.121875 0.12890625 0.1109375
7 0.3140625 0.12109375 0.0484375 0.02109375
7 0.3703125 0.12109375 0.06328125 0.02109375
7 0.49140625 0.121875 0.128125 0.02734375
0 0.49140625 0.121875 0.153125 0.1109375
7 0.65546875 0.121875 0.14921875 0.02734375
0 0.65546875 0.121875 0.175 0.1109375
7 0.78671875 0.121875 0.06171875 0.02734375
0 0.78671875 0.121875 0.08671875 0.1109375
7 0.89375 0.121875 0.040625 0.02734375
0 0.89375 0.121875 0.06640625 0.1109375
2 0.45234375 0.21796875 0.53828125 0.02734375
2 0.76875 0.21796875 0.0953125 0.02734375
2 0.3296875 0.509375 0.57109375 0.07421875
2 0.621875 0.49453125 0.015625 0.03125
2 0.7921875 0.509375 0.32734375 0.07421875
2 0.5 0.58359375 0.91796875 0.04453125
0 0.5 0.69140625 0.2171875 0.06796875
7 0.17890625 0.9421875 0.26171875 0.025
7 0.3125 0.93828125 0.0078125 0.0140625
7 0.53125 0.9421875 0.43125 0.025
7 0.75 0.93828125 0.0078125 0.0140625
7 0.8109375 0.9421875 0.11640625 0.025
7 0.871875 0.93828125 0.0078125 0.0140625
7 0.63828125 0.9578125 0.62578125 0.05625
6 0.63203125 0.9734375 0.078125 0.025
7 0.67265625 0.9734375 0.00390625 0.025