4 0.1046875 0.03359375 0.17109375 0.04140625
0 0.92265625 0.0328125 0.05 0.06484375
0 0.97578125 0.0328125 0.0484375 0.06484375
4 0.5 0.40390625 1 0.67734375
4 0.5 0.40390625 1 0.67734375
4 0.49921875 0.50703125 0.6359375 0.490625
2 0.5 0.3265625 0.4453125 0.1015625
2 0.5 0.41328125 0.634375 0.071875
0 0.5 0.503125 0.17578125 0.05625
4 0.1671875 0.7953125 0.046875 0.05859375
0 0.1671875 0.8109375 0.334375 0.13671875
7 0.1671875 0.8515625 0.334375 0.01796875
4 0.5 0.7953125 0.0640625 0.05859375
0 0.5 0.8109375 0.334375 0.13671875
7 0.5 0.8515625 0.334375 0.01796875
4 0.83359375 0.7953125 0.03046875 0.05859375
0 0.8328125 0.8109375 0.334375 0.13671875
7 0.8328125 0.8515625 0.334375 0.01796875
4 0.16640625 0.93125 0.04609375 0.05859375
0 0.1671875 0.9390625 0.334375 0.12109375
7 0.1671875 0.98828125 0.334375 0.01796875
4 0.5 0.93125 0.0390625 0.05859375
0 0.5 0.9390625 0.334375 0.12109375
7 0.5 0.98828125 0.334375 0.01796875
4 0.8328125 0.93125 0.0453125 0.05859375
0 0.8328125 0.9390625 0.334375 0.12109375
7 0.8328125 0.98828125 0.334375 0.01796875
0 0.01953125 0.20234375 0.0390625 0.11875
0 0.01953125 0.346875 0.0390625 0.11875
0 0.01953125 0.459375 0.0390625 0.053125
0 0.01953125 0.53828125 0.0390625 0.053125
0 0.01953125 0.66640625 0.0390625 0.15078125
0 0.01953125 0.7953125 0.0390625 0.053125
0 0.01953125 0.87421875 0.0390625 0.053125
0 0.01953125 0.96328125 0.0390625 0.07265625
4 0.859375 0.96875 0.02734375 0.0625
0 0.903125 0.96875 0.1546875 0.0625
7 0.92265625 0.96875 0.0765625 0.0625