4 0.0484375 0.02421875 0.02421875 0.0328125
4 0.0765625 0.02421875 0.025 0.0328125
4 0.103125 0.02421875 0.025 0.0328125
4 0.13515625 0.02421875 0.03203125 0.0328125
4 0.165625 0.02421875 0.025 0.0328125
4 0.19375 0.02421875 0.025 0.0328125
6 0.86796875 0.021875 0.0296875 0.021875
6 0.92578125 0.021875 0.0484375 0.021875
4 0.846875 0.1359375 0.16484375 0.103125
1 0.84453125 0.2171875 0.17578125 0.03125
0 0.92109375 0.2203125 0.0625 0.03515625
2 0.8546875 0.2890625 0.209375 0.0390625
4 0.7765625 0.353125 0.059375 0.0796875
0 0.7765625 0.353125 0.059375 0.0796875
2 0.853125 0.325 0.08515625 0.021875
4 0.82109375 0.35 0.0203125 0.02578125
6 0.87734375 0.35 0.08515625 0.01953125
7 0.8625 0.3734375 0.05546875 0.01953125
7 0.84765625 0.44375 0.2015625 0.11328125
0 0.8 0.490625 0.03046875 0.0171875
4 0.77109375 0.5640625 0.04765625 0.0640625
0 0.77109375 0.5640625 0.04765625 0.0640625
2 0.8328125 0.54375 0.06875 0.021875
4 0.809375 0.56875 0.0203125 0.02578125
6 0.865625 0.56875 0.08515625 0.01953125
7 0.85078125 0.5921875 0.05546875 0.01953125
7 0.846875 0.65 0.2 0.08984375
0 0.7625 0.709375 0.03125 0.0171875
4 0.7765625 0.7796875 0.059375 0.05625
0 0.7765625 0.7796875 0.059375 0.05625
2 0.8578125 0.7625 0.09453125 0.021875
4 0.82109375 0.7875 0.0203125 0.02578125
6 0.87734375 0.7875 0.08515625 0.01953125
7 0.865625 0.8109375 0.06171875 0.01953125
7 0.85078125 0.86875 0.2078125 0.08984375
0 0.92734375 0.9046875 0.03046875 0.0171875
4 0.7765625 0.9734375 0.059375 0.053125
0 0.7765625 0.9734375 0.059375 0.053125
2 0.8625 0.959375 0.103125 0.021875
4 0.82109375 0.984375 0.0203125 0.02578125
6 0.87734375 0.98359375 0.08515625 0.01953125
7 0.8625 0.9984375 0.05546875 0.00234375
7 0.3828125 0.0890625 0.6859375 0.0609375
4 0.3828125 0.2578125 0.6859375 0.27578125
1 0.2 0.465625 0.2921875 0.0453125
0 0.4 0.46875 0.06328125 0.046875
7 0.5796875 0.4515625 0.10078125 0.03515625
0 0.5796875 0.46796875 0.284375 0.0765625
7 0.5796875 0.48359375 0.21953125 0.03515625
2 0.38515625 0.58515625 0.68046875 0.040625
0 0.153125 0.61953125 0.196875 0.03125
0 0.3640625 0.61953125 0.196875 0.03125
0 0.575 0.61953125 0.196875 0.03125
0 0.153125 0.65 0.196875 0.03125
0 0.3640625 0.65 0.196875 0.03125
0 0.575 0.65 0.196875 0.03125
0 0.153125 0.6796875 0.196875 0.03125
0 0.3640625 0.6796875 0.196875 0.03125
0 0.575 0.6796875 0.196875 0.03125
0 0.153125 0.709375 0.196875 0.03125
0 0.3640625 0.709375 0.196875 0.03125
0 0.575 0.709375 0.196875 0.03125
0 0.153125 0.73984375 0.196875 0.03125
0 0.3640625 0.73984375 0.196875 0.03125
0 0.575 0.73984375 0.196875 0.03125
0 0.153125 0.76953125 0.196875 0.03125
0 0.3640625 0.76953125 0.196875 0.03125
0 0.575 0.76953125 0.196875 0.03125
0 0.153125 0.79921875 0.196875 0.03125
0 0.3640625 0.79921875 0.196875 0.03125
0 0.575 0.79921875 0.196875 0.03125
0 0.153125 0.8296875 0.196875 0.03125
0 0.3640625 0.8296875 0.196875 0.03125
0 0.575 0.8296875 0.196875 0.03125
0 0.153125 0.859375 0.196875 0.03125
0 0.3640625 0.859375 0.196875 0.03125
0 0.575 0.859375 0.196875 0.03125
0 0.153125 0.8890625 0.196875 0.03125
0 0.3640625 0.8890625 0.196875 0.03125
0 0.575 0.8890625 0.196875 0.03125
2 0.271875 0.9515625 0.45234375 0.040625
1 0.2625 0.9875 0.434375 0.025