4 0.12578125 0.0421875 0.153125 0.06640625
0 0.15078125 0.0421875 0.20390625 0.06640625
6 0.43984375 0.04140625 0.06328125 0.02578125
6 0.53828125 0.04140625 0.03515625 0.02578125
6 0.64921875 0.04140625 0.08984375 0.02578125
6 0.7703125 0.04140625 0.0546875 0.02578125
6 0.8765625 0.04140625 0.0609375 0.02578125
2 0.32109375 0.2984375 0.3578125 0.3140625
2 0.25 0.67265625 0.21484375 0.05625
4 0.25 0.8015625 0.21484375 0.1625
7 0.23515625 0.91796875 0.1859375 0.02578125
4 0.3390625 0.91875 0.01640625 0.021875
0 0.23515625 0.91796875 0.1859375 0.02578125
2 0.5 0.67265625 0.21484375 0.05625
4 0.5 0.8015625 0.21484375 0.1625
7 0.44453125 0.91796875 0.103125 0.02578125
4 0.50703125 0.91875 0.01640625 0.021875
0 0.44453125 0.91796875 0.103125 0.02578125
2 0.75 0.67265625 0.21484375 0.05625
4 0.75 0.8015625 0.21484375 0.1625
7 0.721875 0.91796875 0.1578125 0.02578125
4 0.81171875 0.91875 0.01640625 0.021875
0 0.721875 0.91796875 0.1578125 0.02578125