4 0.17578125 0.0515625 0.3125 0.03515625
6 0.72578125 0.0515625 0.21171875 0.01953125
6 0.9078125 0.0515625 0.1453125 0.01953125
2 0.30546875 0.14375 0.5625 0.084375
0 0.30546875 0.14375 0.5625 0.084375
0 0.08984375 0.2359375 0.1796875 0.05234375
0 0.2859375 0.2359375 0.21484375 0.05234375
0 0.4953125 0.2359375 0.2046875 0.05234375
0 0.68046875 0.2359375 0.16796875 0.05234375
0 0.9484375 0.2359375 0.103125 0.05234375
2 0.31875 0.3734375 0.53828125 0.0296875
7 0.3546875 0.509375 0.609375 0.1640625
6 0.1046875 0.7046875 0.109375 0.025
0 0.534375 0.70546875 0.02421875 0.03125
0 0.56328125 0.70546875 0.02421875 0.03125
0 0.590625 0.70546875 0.02421875 0.03125
0 0.61875 0.70546875 0.02421875 0.03125
0 0.646875 0.70546875 0.0234375 0.03125
2 0.3546875 0.584375 0.65 0.49765625
0 0.07734375 0.9046875 0.0796875 0.0859375
0 0.15703125 0.9046875 0.07890625 0.0859375
0 0.2359375 0.9046875 0.07890625 0.0859375
0 0.31484375 0.9046875 0.07890625 0.0859375
0 0.39375 0.9046875 0.07890625 0.0859375
0 0.4734375 0.9046875 0.0796875 0.0859375
0 0.553125 0.9046875 0.07890625 0.0859375
0 0.63203125 0.9046875 0.078125 0.0859375
2 0.1796875 0.996875 0.30078125 0.00625
3 0.83046875 0.41484375 0.19609375 0.1859375
7 0.85390625 0.725 0.24296875 0.3828125