2 0.0875 0.0328125 0.12890625 0.04453125
4 0.88359375 0.0453125 0.02421875 0.0328125
0 0.90078125 0.0453125 0.075 0.0453125
7 0.915625 0.0453125 0.0296875 0.021875
4 0.9578125 0.0453125 0.0171875 0.0171875
0 0.9578125 0.0453125 0.0328125 0.0453125
2 0.27421875 0.3375 0.38125 0.12109375
7 0.27421875 0.4625 0.38125 0.103125
0 0.18671875 0.58125 0.20625 0.0765625
7 0.16484375 0.64375 0.1625 0.021875
6 0.26796875 0.64375 0.04609375 0.021875
2 0.5 0.953125 0.98046875 0.0546875
7 0.5 0.99453125 0.98046875 0.01015625