4 0.1390625 0.0640625 0.1953125 0.103125
1 0.80546875 0.0640625 0.15625 0.02890625
7 0.8859375 0.0640625 0.00390625 0.02890625
4 0.92421875 0.0640625 0.0125 0.0171875
0 0.92421875 0.0640625 0.0671875 0.03515625
7 0.0921875 0.1734375 0.0734375 0.025
0 0.0921875 0.17109375 0.10234375 0.084375
7 0.18046875 0.1734375 0.0453125 0.025
0 0.18046875 0.17109375 0.07421875 0.084375
7 0.26015625 0.1734375 0.05546875 0.025
0 0.26015625 0.17109375 0.08515625 0.084375
7 0.365625 0.1734375 0.0953125 0.025
0 0.365625 0.17109375 0.125 0.084375
7 0.4640625 0.1734375 0.04375 0.025
0 0.4640625 0.17109375 0.0734375 0.084375
0 0.56328125 0.17109375 0.125 0.084375
0 0.6828125 0.17109375 0.1140625 0.084375
0 0.8828125 0.1734375 0.15234375 0.04296875
7 0.88046875 0.83046875 0.16484375 0.0234375
7 0.8765625 0.85390625 0.17265625 0.0234375
7 0.0203125 0.29140625 0.040625 0.02578125
4 0.3421875 0.4625 0.60234375 0.36875
6 0.09140625 0.671875 0.10078125 0.02578125
7 0.33046875 0.72421875 0.57890625 0.05234375
6 0.46953125 0.73671875 0.0984375 0.02578125
7 0.3140625 0.75 0.54609375 0.05234375
4 0.821875 0.4625 0.35625 0.36875
6 0.71015625 0.671875 0.13359375 0.02578125
7 0.81015625 0.7109375 0.3328125 0.02578125
6 0.98828125 0.7109375 0.0234375 0.02578125
7 0.821875 0.72421875 0.35625 0.05234375
4 0.3265625 0.79609375 0.0109375 0.0140625
0 0.3265625 0.79765625 0.01640625 0.0171875
4 0.3421875 0.79609375 0.0109375 0.0140625
0 0.3421875 0.79765625 0.01640625 0.0171875
4 0.3578125 0.79609375 0.0109375 0.0140625
0 0.3578125 0.79765625 0.01640625 0.0171875
4 0.815625 0.3734375 0.2875 0.09765625
3 0.815625 0.671875 0.2875 0.41171875
7 0.75859375 0.9109375 0.17265625 0.0296875
7 0.8953125 0.9109375 0.103125 0.0296875
7 0.81171875 0.925 0.2796875 0.05859375
6 0.809375 0.9390625 0.0640625 0.0296875
7 0.784375 0.95390625 0.225 0.05859375
6 0.79296875 0.9765625 0.2421875 0.046875
7 0.81328125 0.990625 0.2828125 0.01796875
3 0.94609375 0.928125 0.06875 0.09140625