2 0.5 0.03046875 0.2203125 0.03515625
0 0.5 0.0359375 0.2203125 0.0453125
4 0.0296875 0.0359375 0.01953125 0.021875
7 0.9046875 0.0296875 0.0578125 0.03125
0 0.04375 0.09453125 0.06328125 0.0453125
0 0.13515625 0.09453125 0.075 0.0453125
0 0.2125 0.09453125 0.034375 0.0453125
0 0.2875 0.09453125 0.07109375 0.0453125
0 0.3828125 0.09453125 0.07421875 0.0453125
0 0.4671875 0.09453125 0.0484375 0.0453125
0 0.53515625 0.09453125 0.04296875 0.0453125
0 0.63046875 0.09453125 0.10234375 0.0453125
0 0.7421875 0.09453125 0.0765625 0.0453125
6 0.9234375 0.0921875 0.09453125 0.0171875
4 0.5 0.375 1 0.75
4 0.5 0.375 1 0.75
7 0.125 0.778125 0.2109375 0.0171875
0 0.125 0.83984375 0.2109375 0.140625
2 0.125 0.8546875 0.2109375 0.1109375
7 0.375 0.778125 0.2109375 0.0171875
0 0.375 0.81796875 0.2109375 0.09609375
2 0.375 0.8328125 0.2109375 0.06640625
7 0.625 0.778125 0.2109375 0.0171875
0 0.625 0.82890625 0.2109375 0.11875
2 0.625 0.84375 0.2109375 0.08828125
4 0.865625 0.6765625 0.23046875 0.1734375
0 0.865625 0.81484375 0.19140625 0.09140625
7 0.865625 0.78671875 0.19140625 0.03359375
2 0.865625 0.83828125 0.19140625 0.04453125
7 0.5 0.9953125 0.94921875 0.009375
7 0.30859375 0.9671875 0.3765625 0.0234375
7 0.67265625 0.9671875 0.34453125 0.0234375
6 0.86171875 0.9671875 0.028125 0.0234375
7 0.878125 0.9671875 0.00390625 0.0234375
4 0.96484375 0.9671875 0.015625 0.02109375