4 0.54771931875 0.2954969625 0.6383633078125001 0.1404459640625 0.8371141218749999 0.14040798593749998 0.8360154890624999 0.06439344687500001 0.17462158125 0.0656521265625 0.17546929218750001 0.28017035625000003 0.3855692546875 0.2796603734375 0.40155029375 0.301600478125 0.54771931875 0.2954969625
2 0.73203125 0.1 0.196875 0.06640625
2 0.2484375 0.371875 0.08515625 0.02578125
2 0.25 0.546875 0.053125 0.02734375
2 0.35703125 0.54296875 0.0515625 0.0234375
2 0.771875 0.36953125 0.05390625 0.03515625
2 0.74765625 0.42421875 0.0625 0.03125
2 0.746875 0.65859375 0.06484375 0.025
2 0.775 0.91796875 0.07890625 0.0328125
2 0.7546875 0.97578125 0.09296875 0.028125
7 0.50859375 0.5984375 0.36875 0.0390625
7 0.575 0.696875 0.22265625 0.13671875
7 0.440625 0.82578125 0.22421875 0.01953125
7 0.578125 0.890625 0.22578125 0.09765625
4 0.39296875 0.68984375 0.13984375 0.13515625
4 0.39453125 0.9046875 0.1375 0.13515625
4 0.65625 0.19765625 0.0375 0.0640625
7 0.73046875 0.19921875 0.103125 0.0703125
0 0.61171875 0.23125 0.02265625 0.059375
0 0.7171875 0.26171875 0.146875 0.0296875
0 0.36953125 0.46171875 0.06015625 0.0765625
0 0.45703125 0.46328125 0.0578125 0.07890625
0 0.55234375 0.4640625 0.06328125 0.078125
0 0.63984375 0.46015625 0.0734375 0.078125
7 0.45546875 0.7921875 0.2625 0.0234375
7 0.45859375 0.98671875 0.27265625 0.02578125
1 0.24140625 0.61953125 0.10625 0.025
5 0.24375 0.60234375 0.04140625 0.01171875
5 0.24375 0.646875 0.03125 0.0125
6 0.2078125 0.73125 0.053125 0.01953125
6 0.26953125 0.73046875 0.0671875 0.01796875
0 0.21484375 0.696875 0.01015625 0.01875
5 0.2453125 0.6984375 0.0453125 0.01640625
1 0.2671875 0.3125 0.1125 0.0296875
5 0.228125 0.3140625 0.03203125 0.0203125
0 0.340625 0.31171875 0.0171875 0.03046875
0 0.2 0.43359375 0.0234375 0.0421875
0 0.228125 0.4359375 0.028125 0.0390625
0 0.25859375 0.4359375 0.02734375 0.04453125
0 0.2890625 0.4359375 0.02578125 0.0390625
0 0.2 0.48203125 0.0265625 0.03828125
0 0.228125 0.4828125 0.02578125 0.0421875
0 0.25703125 0.48203125 0.025 0.040625
0 0.28671875 0.48203125 0.0265625 0.0375
0 0.20078125 0.03515625 0.0515625 0.04140625
0 0.2625 0.034375 0.04375 0.03203125
0 0.33828125 0.03359375 0.07421875 0.03515625
0 0.4265625 0.03359375 0.075 0.0390625
0 0.5203125 0.0375 0.078125 0.03984375
0 0.58828125 0.0328125 0.0375 0.0359375
0 0.6421875 0.0359375 0.0546875 0.03203125
0 0.72265625 0.0375 0.0859375 0.03203125
0 0.8046875 0.03359375 0.05625 0.034375
0 0.24453125 0.8328125 0.12421875 0.0265625
0 0.24453125 0.86015625 0.12421875 0.02890625
0 0.24453125 0.88828125 0.12421875 0.02578125
0 0.24375 0.91484375 0.125 0.02890625
0 0.24453125 0.94375 0.12421875 0.03046875
0 0.24375 0.971875 0.12421875 0.025
4 0.76875 0.53828125 0.1265625 0.18828125
4 0.76796875 0.7703125 0.12578125 0.18671875