4 0.5015625 0.09453125 0.73515625 0.16328125
2 0.33515625 0.08984375 0.35390625 0.028125
2 0.46484375 0.3859375 0.28828125 0.06015625
2 0.49453125 0.46640625 0.3453125 0.0625
2 0.3828125 0.2828125 0.1234375 0.04765625
2 0.203125 0.21796875 0.06875 0.025
2 0.58671875 0.21953125 0.071875 0.028125
7 0.33671875 0.3265625 0.0375 0.02578125
7 0.55390625 0.7890625 0.4671875 0.0640625
7 0.35 0.8484375 0.0578125 0.0296875
4 0.6109375 0.6265625 0.22890625 0.2453125
0 0.17734375 0.26484375 0.075 0.0265625
0 0.16953125 0.2875 0.05859375 0.01875
0 0.1828125 0.309375 0.08359375 0.02109375
0 0.175 0.3328125 0.0671875 0.02109375
0 0.18046875 0.35546875 0.07734375 0.01796875
0 0.17109375 0.37734375 0.0578125 0.0171875
0 0.178125 0.4 0.07109375 0.01953125
0 0.2078125 0.42265625 0.1296875 0.01875
0 0.16875 0.4453125 0.05234375 0.01875
0 0.19140625 0.4671875 0.096875 0.01796875
0 0.16875 0.4890625 0.0515625 0.01796875
0 0.1640625 0.51015625 0.0390625 0.01796875
0 0.17734375 0.5328125 0.06640625 0.01875
0 0.1765625 0.5546875 0.0671875 0.01953125
0 0.1765625 0.5765625 0.06640625 0.01953125
0 0.1765625 0.5984375 0.06640625 0.01875
0 0.1703125 0.6203125 0.053125 0.021875
0 0.16171875 0.64375 0.0375 0.01875
0 0.1734375 0.665625 0.0609375 0.01953125
0 0.16796875 0.6890625 0.05078125 0.0203125
0 0.16953125 0.71015625 0.05234375 0.01875
0 0.1765625 0.73203125 0.065625 0.021875
0 0.16484375 0.75546875 0.0421875 0.0203125