0 0.5 0.00390625 1 0.0078125
7 0.31171875 0.01875 0.35859375 0.025
6 0.53046875 0.01875 0.08125 0.025
7 0.5875 0.01875 0.034375 0.025
6 0.69609375 0.01875 0.1859375 0.025
7 0.82734375 0.01875 0.07890625 0.025
4 0.10234375 0.090625 0.17109375 0.05078125
0 0.10234375 0.0640625 0.17109375 0.04921875
1 0.82734375 0.08984375 0.19140625 0.04453125
1 0.95234375 0.08984375 0.05859375 0.04453125
7 0.36875 0.06875 0.1671875 0.0234375
0 0.36875 0.0890625 0.1671875 0.1
6 0.36875 0.0953125 0.10078125 0.03671875
4 0.36875 0.1515625 0.096875 0.05859375
7 0.56328125 0.06875 0.21484375 0.0234375
0 0.56328125 0.0890625 0.21484375 0.1
6 0.5640625 0.0953125 0.18828125 0.03671875
7 0.06171875 0.1828125 0.1046875 0.0296875
0 0.06171875 0.18203125 0.1234375 0.0765625
7 0.2328125 0.1828125 0.165625 0.0296875
0 0.2328125 0.1828125 0.1859375 0.0765625
7 0.43359375 0.1828125 0.165625 0.0296875
0 0.43359375 0.1828125 0.1859375 0.0765625
7 0.625 0.1828125 0.146875 0.0296875
0 0.625 0.1828125 0.165625 0.0765625
7 0.7875 0.1828125 0.10859375 0.0296875
0 0.7875 0.1828125 0.128125 0.0765625
7 0.93359375 0.1828125 0.11328125 0.0296875
0 0.93359375 0.1828125 0.1328125 0.0765625
7 0.3046875 0.2828125 0.509375 0.0328125
2 0.26171875 0.32109375 0.4234375 0.05625
7 0.3046875 0.39140625 0.509375 0.0484375
4 0.8390625 0.37578125 0.32109375 0.25390625
2 0.25859375 0.584375 0.48359375 0.04296875
0 0.91875 0.5875 0.128125 0.05078125
7 0.08515625 0.6578125 0.13671875 0.02578125
2 0.2546875 0.68828125 0.4765625 0.0328125
7 0.0796875 0.72421875 0.1265625 0.02578125
7 0.1109375 0.80234375 0.18828125 0.02578125
2 0.271875 0.8328125 0.5109375 0.0328125
7 0.0796875 0.86875 0.1265625 0.02578125
7 0.1109375 0.946875 0.18828125 0.02578125
2 0.32734375 0.97734375 0.621875 0.0328125