7 0.15546875 0.5 0.3109375 1
4 0.12421875 0.09921875 0.1078125 0.04140625
4 0.6 0.09921875 0.02421875 0.03125
0 0.63671875 0.09921875 0.09765625 0.03125
7 0.65234375 0.09921875 0.06640625 0.0234375
6 0.73203125 0.09921875 0.03203125 0.0234375
6 0.80234375 0.09921875 0.04765625 0.0234375
0 0.89375 0.09921875 0.071875 0.05234375
2 0.2046875 0.30390625 0.2765625 0.23828125
2 0.240625 0.48984375 0.34765625 0.07265625
0 0.15625 0.59375 0.1796875 0.05234375
4 0.275 0.59296875 0.0203125 0.02734375
0 0.346875 0.59375 0.18828125 0.05234375
7 0.3578125 0.59453125 0.13203125 0.01953125
4 0.6859375 0.4375 0.49609375 0.625
0 0.6859375 0.4390625 0.49609375 0.62890625
2 0.25859375 0.95390625 0.1359375 0.05078125
2 0.4078125 0.95390625 0.1484375 0.05078125
2 0.64921875 0.95390625 0.31953125 0.05078125