4 0.0796875 0.03125 0.11328125 0.04140625
0 0.0796875 0.03125 0.11328125 0.04140625
6 0.2296875 0.03125 0.0578125 0.0625
6 0.3171875 0.03125 0.04609375 0.0625
6 0.403125 0.03125 0.05625 0.0625
1 0.57734375 0.03125 0.1953125 0.046875
0 0.7453125 0.03125 0.11015625 0.046875
0 0.8671875 0.03125 0.1015625 0.046875
0 0.9546875 0.03125 0.05859375 0.046875
2 0.29765625 0.39609375 0.3375 0.234375
2 0.31484375 0.3953125 0.371875 0.084375
2 0.3578125 0.4734375 0.45703125 0.084375
0 0.23515625 0.59609375 0.21171875 0.07265625
6 0.37578125 0.59609375 0.02421875 0.03125
0 0.44296875 0.59609375 0.175 0.05703125
7 0.4578125 0.5953125 0.12578125 0.02578125
2 0.2453125 0.91796875 0.23125 0.06796875
7 0.2453125 0.98125 0.23125 0.0375
2 0.5 0.91796875 0.2328125 0.06796875
7 0.5 0.98125 0.2328125 0.0375
2 0.7546875 0.93515625 0.2328125 0.1015625
7 0.75390625 0.99765625 0.2328125 0.0046875