0 0.9109375 0.9765625 0.1171875 0.04453125
7 0.3265625 0.978125 0.59296875 0.0234375
6 0.65703125 0.978125 0.0703125 0.0234375
4 0.05625 0.04140625 0.08203125 0.02890625
0 0.05625 0.04140625 0.08203125 0.04921875
6 0.17890625 0.04140625 0.1015625 0.0234375
6 0.290625 0.04140625 0.06171875 0.0234375
6 0.38359375 0.04140625 0.06328125 0.0234375
7 0.94375 0.04140625 0.0484375 0.02578125
0 0.93125 0.04140625 0.10546875 0.04921875
7 0.5 0.1328125 0.4625 0.03671875
7 0.5 0.20859375 0.59375 0.09375
7 0.48828125 0.30078125 0.078125 0.02578125
0 0.5 0.30078125 0.134375 0.04921875
2 0.2265625 0.584375 0.390625 0.19296875
7 0.2265625 0.7375 0.390625 0.07421875
7 0.10625 0.821875 0.1171875 0.0328125
0 0.11796875 0.821875 0.1734375 0.05625
4 0.69140625 0.68984375 0.5546875 0.58359375