4 0.22109375 0.04296875 0.034375 0.04453125
7 0.4171875 0.09765625 0.42578125 0.02109375
7 0.5 0.18125 0.5921875 0.09921875
7 0.44453125 0.26328125 0.48046875 0.02109375
7 0.49765625 0.33359375 0.58671875 0.0703125
6 0.6578125 0.3578125 0.13671875 0.02109375
7 0.490625 0.428125 0.571875 0.0703125
6 0.70546875 0.453125 0.03046875 0.02109375
7 0.72265625 0.453125 0.00625 0.02109375
7 0.41171875 0.4984375 0.41484375 0.02109375
7 0.5 0.56953125 0.5921875 0.07421875
7 0.465625 0.6515625 0.5234375 0.0453125
6 0.29921875 0.6640625 0.03046875 0.02109375
7 0.31640625 0.6640625 0.00625 0.02109375