4 0.21796875 0.02734375 0.0734375 0.02890625
0 0.21796875 0.02734375 0.0734375 0.02890625
7 0.19921875 0.04921875 0.03515625 0.01796875
0 0.21796875 0.04921875 0.0734375 0.02109375
7 0.23046875 0.04921875 0.021875 0.01796875
4 0.2484375 0.04765625 0.009375 0.0140625
1 0.39453125 0.03671875 0.25625 0.046875
4 0.540625 0.0375 0.01953125 0.02734375
0 0.54296875 0.03671875 0.040625 0.046875
0 0.6421875 0.03671875 0.11875 0.04140625
7 0.75859375 0.03671875 0.0375 0.02578125
4 0.7859375 0.03984375 0.0046875 0.01171875
4 0.84453125 0.03671875 0.01640625 0.02109375
0 0.85859375 0.03671875 0.0609375 0.07265625
7 0.87421875 0.03671875 0.0296875 0.02578125
4 0.5 0.07109375 1 0.00390625
7 0.059375 0.1 0.06875 0.02109375
4 0.10234375 0.103125 0.00625 0.01171875
7 0.19375 0.1 0.10625 0.02109375
4 0.2546875 0.103125 0.00625 0.01171875
7 0.30625 0.1 0.02734375 0.02109375
4 0.328125 0.103125 0.00625 0.01171875
7 0.38984375 0.1 0.046875 0.02109375
4 0.42109375 0.103125 0.0046875 0.01171875
7 0.496875 0.1 0.0734375 0.02109375
4 0.540625 0.103125 0.00625 0.01171875
7 0.63359375 0.1 0.10859375 0.02109375
4 0.6953125 0.103125 0.00625 0.01171875
7 0.7984375 0.1 0.13125 0.02109375
4 0.87265625 0.103125 0.0046875 0.01171875
7 0.9421875 0.103125 0.0640625 0.02578125
0 0.9421875 0.09921875 0.084375 0.05234375
4 0.5 0.1921875 0.984375 0.11328125
4 0.5 0.35625 0.984375 0.1890625
0 0.5 0.35625 0.984375 0.19140625
4 0.5 0.646875 1 0.365625
0 0.5 0.646875 0.984375 0.365625
4 0.16796875 0.9203125 0.3203125 0.15859375
0 0.16796875 0.9203125 0.3203125 0.15859375
4 0.49921875 0.9203125 0.32109375 0.15859375
0 0.49921875 0.9203125 0.32109375 0.15859375
4 0.83125 0.9203125 0.32109375 0.15859375
0 0.83125 0.9203125 0.32109375 0.15859375
0 0.8546875 0.17734375 0.0234375 0.04140625
7 0.2359375 0.23359375 0.06875 0.04296875
7 0.3015625 0.3328125 0.19921875 0.09765625
1 0.63203125 0.25390625 0.328125 0.04921875
7 0.56171875 0.2328125 0.18828125 0.025
1 0.63203125 0.34765625 0.328125 0.04921875
7 0.521875 0.35 0.10859375 0.025
7 0.771875 0.3453125 0.0484375 0.0234375
0 0.771875 0.3453125 0.0484375 0.02734375
7 0.63203125 0.44765625 0.03515625 0.0234375
0 0.63203125 0.44765625 0.328125 0.0625
7 0.63203125 0.5125 0.328125 0.025
0 0.63203125 0.5765625 0.328125 0.0625
6 0.63203125 0.7890625 0.2109375 0.02109375