4 0.0296875 0.0421875 0.0234375 0.0328125
0 0.0296875 0.040625 0.0390625 0.05234375
4 0.09453125 0.04453125 0.071875 0.03125
7 0.1546875 0.0421875 0.0578125 0.03515625
4 0.9203125 0.03984375 0.0234375 0.0328125
0 0.9203125 0.03984375 0.04296875 0.05859375
4 0.0828125 0.140625 0.0234375 0.03125
1 0.1859375 0.1421875 0.17578125 0.02109375
7 0.1203125 0.14140625 0.0453125 0.025
7 0.3484375 0.140625 0.059375 0.02109375
0 0.3578125 0.140625 0.09375 0.046875
1 0.5265625 0.1390625 0.209375 0.02109375
7 0.475 0.13984375 0.10546875 0.025
7 0.67890625 0.140625 0.03125 0.02109375
4 0.9171875 0.140625 0.02421875 0.03125
0 0.9171875 0.140625 0.04375 0.05703125
4 0.96328125 0.1390625 0.02421875 0.03125
7 0.11015625 0.2203125 0.0703125 0.0390625
0 0.11875 0.2203125 0.12109375 0.04140625
7 0.2375 0.2203125 0.0640625 0.0390625
0 0.24609375 0.2203125 0.115625 0.04140625
7 0.378125 0.2203125 0.0984375 0.0390625
0 0.3875 0.2203125 0.14921875 0.04140625
7 0.5921875 0.2203125 0.15234375 0.01796875
4 0.69296875 0.2203125 0.0203125 0.02578125
7 0.5640625 0.31328125 0.16875 0.0484375
6 0.6078125 0.3265625 0.07109375 0.02109375
6 0.64375 0.36953125 0.01875 0.02109375
7 0.0703125 0.321875 0.0234375 0.01796875
7 0.121875 0.321875 0.07890625 0.01796875
7 0.6484375 0.321875 0.03515625 0.046875
4 0.68515625 0.321875 0.02421875 0.03125
7 0.71015625 0.321875 0.02734375 0.02109375
4 0.74296875 0.321875 0.02421875 0.03125
7 0.76640625 0.321875 0.02421875 0.02109375
7 0.82734375 0.321875 0.0453125 0.02109375
0 0.86875 0.321875 0.1453125 0.046875
7 0.88125 0.321875 0.065625 0.02109375
2 0.2734375 0.38828125 0.396875 0.02578125
0 0.2734375 0.54453125 0.428125 0.36953125
2 0.2734375 0.43515625 0.396875 0.05703125
7 0.4328125 0.38828125 0.01640625 0.01796875
7 0.45625 0.38828125 0.03046875 0.01796875
6 0.2734375 0.5546875 0.428125 0.171875
2 0.7265625 0.38828125 0.396875 0.02578125
0 0.7265625 0.54453125 0.428125 0.36953125
2 0.7265625 0.43515625 0.396875 0.05703125
7 0.88984375 0.38828125 0.009375 0.01796875
7 0.909375 0.38828125 0.03046875 0.01796875
6 0.7265625 0.5546875 0.428125 0.171875
2 0.2734375 0.79140625 0.396875 0.02578125
0 0.2734375 0.88125 0.428125 0.23671875
2 0.2734375 0.83828125 0.396875 0.05703125
7 0.43671875 0.79140625 0.009375 0.01796875
7 0.45625 0.79140625 0.03046875 0.01796875
6 0.2734375 0.9359375 0.428125 0.12734375
2 0.7265625 0.79140625 0.396875 0.02578125
0 0.7265625 0.88125 0.428125 0.23671875
2 0.7265625 0.83828125 0.396875 0.05703125
7 0.8859375 0.79140625 0.01640625 0.01796875
7 0.909375 0.79140625 0.03046875 0.01796875
6 0.7265625 0.9359375 0.428125 0.12734375
4 0.02421875 0.96875 0.0234375 0.03125
0 0.0234375 0.96953125 0.04375 0.0609375