3 0.5 0.05859375 0.7109375 0.1171875
4 0.5 0.18203125 0.084375 0.11171875
4 0.04375 0.1703125 0.0296875 0.0328125
4 0.096875 0.16953125 0.01953125 0.02578125
0 0.096875 0.18359375 0.025 0.0234375
4 0.12890625 0.16953125 0.01953125 0.02578125
0 0.12890625 0.18359375 0.025 0.0234375
4 0.1609375 0.16953125 0.01953125 0.02578125
0 0.1609375 0.18359375 0.025 0.0234375
4 0.19375 0.16953125 0.01953125 0.02578125
0 0.19375 0.18359375 0.025 0.0234375
4 0.22578125 0.16953125 0.01953125 0.02578125
0 0.22578125 0.18359375 0.025 0.0234375
4 0.2578125 0.16953125 0.01953125 0.02578125
0 0.2578125 0.18359375 0.025 0.0234375
6 0.3171875 0.1734375 0.05390625 0.01953125
6 0.3765625 0.1734375 0.021875 0.01953125
1 0.86015625 0.1703125 0.225 0.0484375
4 0.95234375 0.16796875 0.0171875 0.1953125
4 0.6234375 0.17109375 0.03046875 0.021875
0 0.63984375 0.1703125 0.0625 0.04140625
7 0.6546875 0.17421875 0.0328125 0.02890625
4 0.040625 0.2625 0.03984375 0.025
7 0.13515625 0.26640625 0.1375 0.021875
6 0.265625 0.26640625 0.05078125 0.021875
6 0.35078125 0.26640625 0.04765625 0.021875
6 0.45390625 0.26640625 0.08515625 0.021875
6 0.5484375 0.26640625 0.0328125 0.021875
6 0.62265625 0.26640625 0.0421875 0.021875
6 0.69765625 0.26640625 0.0359375 0.021875
6 0.78203125 0.26640625 0.059375 0.021875
6 0.91875 0.26640625 0.121875 0.021875
2 0.25390625 0.7328125 0.35 0.04453125
4 0.13515625 0.92265625 0.2140625 0.1546875
0 0.13515625 0.9234375 0.2140625 0.15234375
4 0.37734375 0.92265625 0.2140625 0.1546875
0 0.378125 0.9234375 0.2140625 0.15234375
4 0.62109375 0.92265625 0.2140625 0.1546875
0 0.621875 0.9234375 0.2140625 0.15234375
4 0.621875 0.9546875 0.059375 0.0796875
0 0.621875 0.9546875 0.059375 0.0796875
7 0.7921875 0.87265625 0.06875 0.03125
2 0.8 0.915625 0.04375 0.0234375
2 0.8359375 0.94375 0.115625 0.02578125
0 0.8359375 0.94375 0.115625 0.02890625
7 0.86484375 0.96875 0.17265625 0.02109375
0 0.8453125 0.99375 0.134375 0.01171875