4 0.01484375 0.02734375 0.01953125 0.02578125
0 0.01640625 0.02578125 0.0234375 0.0234375
7 0.159375 0.02578125 0.253125 0.02578125
4 0.8 0.025 0.0125 0.015625
0 0.81875 0.02578125 0.1125 0.0515625
7 0.828125 0.02734375 0.03125 0.015625
4 0.9046875 0.02578125 0.0125 0.015625
0 0.92890625 0.02578125 0.06953125 0.02109375
7 0.9421875 0.02578125 0.0359375 0.02109375
2 0.1125 0.0921875 0.1546875 0.03359375
0 0.10234375 0.0953125 0.1734375 0.0390625
0 0.31328125 0.0953125 0.14453125 0.0546875
7 0.421875 0.09453125 0.0453125 0.021875
0 0.42890625 0.0953125 0.0890625 0.078125
4 0.45390625 0.0953125 0.0140625 0.0171875
7 0.53203125 0.09453125 0.08984375 0.021875
0 0.53984375 0.0953125 0.13359375 0.078125
4 0.58671875 0.0953125 0.0140625 0.0171875
7 0.65625 0.09453125 0.071875 0.021875
0 0.66328125 0.0953125 0.11640625 0.078125
4 0.70234375 0.0953125 0.0140625 0.0171875
7 0.79296875 0.09453125 0.115625 0.021875
0 0.8 0.0953125 0.159375 0.078125
4 0.86015625 0.0953125 0.0140625 0.0171875
7 0.92421875 0.09453125 0.06171875 0.021875
0 0.93125 0.0953125 0.1046875 0.078125
4 0.9640625 0.0953125 0.0125 0.0171875
4 0.08359375 0.1359375 0.1671875 0.00390625
4 0.25 0.1359375 0.16796875 0.00390625
4 0.4171875 0.1359375 0.16796875 0.00390625
4 0.58359375 0.1359375 0.1671875 0.00390625
4 0.75 0.1359375 0.16796875 0.00390625
4 0.91640625 0.1359375 0.1671875 0.00390625
7 0.06171875 0.1703125 0.0859375 0.0328125
0 0.1765625 0.23046875 0.31640625 0.0703125
0 0.1765625 0.290625 0.31640625 0.0484375
0 0.1765625 0.3515625 0.31640625 0.0703125
0 0.1765625 0.4234375 0.31640625 0.0703125
0 0.1765625 0.49453125 0.31640625 0.0703125
0 0.1765625 0.55546875 0.31640625 0.0484375
0 0.1765625 0.6265625 0.31640625 0.0921875
0 0.1765625 0.709375 0.31640625 0.0703125
0 0.1765625 0.78125 0.31640625 0.0703125
4 0.5 0.48515625 0.31640625 0.6625
0 0.5 0.48515625 0.31640625 0.6625
2 0.5 0.70859375 0.2875 0.1640625
2 0.8234375 0.190625 0.2796875 0.025
7 0.76328125 0.246875 0.1203125 0.01953125
7 0.8890625 0.246875 0.05859375 0.01953125
7 0.73828125 0.28359375 0.0703125 0.03671875
4 0.78203125 0.2828125 0.0203125 0.02578125
7 0.87578125 0.28203125 0.03203125 0.021875
4 0.9 0.27265625 0.0203125 0.02734375
7 0.8234375 0.35546875 0.265625 0.0390625
0 0.8234375 0.42109375 0.18046875 0.0609375
7 0.8234375 0.50078125 0.265625 0.0453125
7 0.8234375 0.540625 0.1921875 0.0234375
4 0.8234375 0.63828125 0.265625 0.17421875
4 0.1359375 0.91328125 0.23515625 0.1734375
0 0.1359375 0.91328125 0.23515625 0.1734375
4 0.378125 0.91328125 0.23515625 0.1734375
0 0.378125 0.91328125 0.23515625 0.1734375
4 0.62109375 0.91328125 0.2359375 0.1734375
0 0.62109375 0.91328125 0.2359375 0.1734375
4 0.8640625 0.91328125 0.23515625 0.1734375
0 0.8640625 0.91328125 0.23515625 0.1734375