7 0.1296875 0.0390625 0.16015625 0.0234375
0 0.13671875 0.0390625 0.2421875 0.02578125
1 0.45390625 0.03828125 0.03125 0.040625
1 0.58515625 0.0390625 0.29296875 0.04140625
7 0.9484375 0.03828125 0.040625 0.025
0 0.9484375 0.0390625 0.071875 0.04140625
7 0.49921875 0.246875 0.9984375 0.3375
7 0.99921875 0.24765625 0.0015625 0.33828125
7 0.5 0.178125 1 0.0609375
7 0.5 0.2515625 1 0.03671875
7 0.115625 0.4828125 0.021875 0.01953125
7 0.1390625 0.5171875 0.04296875 0.0234375
0 0.215625 0.5171875 0.221875 0.04140625
7 0.11796875 0.59296875 0.0265625 0.01953125
1 0.15234375 0.6328125 0.1109375 0.04140625
7 0.1640625 0.628125 0.071875 0.02734375
1 0.1609375 0.67421875 0.12890625 0.04140625
7 0.17265625 0.6703125 0.08984375 0.02734375
1 0.159375 0.71640625 0.125 0.04140625
7 0.17109375 0.71171875 0.0859375 0.02734375
1 0.14453125 0.7578125 0.0953125 0.04140625
7 0.15625 0.753125 0.05625 0.02734375
1 0.14375 0.79921875 0.09375 0.04140625
7 0.15546875 0.7953125 0.0546875 0.02734375
1 0.1671875 0.84140625 0.140625 0.04140625
7 0.17890625 0.83671875 0.1015625 0.02734375
1 0.165625 0.8828125 0.1375 0.04140625
7 0.17734375 0.878125 0.0984375 0.02734375
1 0.14921875 0.92421875 0.1046875 0.04140625
7 0.1609375 0.9203125 0.065625 0.02734375
1 0.2078125 0.97265625 0.221875 0.0546875
7 0.21953125 0.9734375 0.1828125 0.053125
4 0.38671875 0.51953125 0.040625 0.0546875
6 0.478125 0.5078125 0.08125 0.03125
7 0.5671875 0.5375 0.259375 0.025
7 0.83515625 0.51875 0.03203125 0.025
0 0.83515625 0.51953125 0.07109375 0.04140625
4 0.38671875 0.6203125 0.040625 0.053125
6 0.47109375 0.60859375 0.0671875 0.0296875
7 0.5671875 0.63828125 0.259375 0.0234375
7 0.83515625 0.61953125 0.03203125 0.02578125
0 0.83515625 0.6203125 0.07109375 0.04296875
4 0.38671875 0.721875 0.040625 0.053125
6 0.465625 0.71015625 0.05625 0.0296875
7 0.5671875 0.73984375 0.259375 0.0234375
7 0.83515625 0.72109375 0.03203125 0.02578125
0 0.83515625 0.721875 0.07109375 0.04296875
4 0.3875 0.8234375 0.0421875 0.053125
6 0.48125 0.81171875 0.0875 0.0296875
7 0.5671875 0.84140625 0.259375 0.0234375
7 0.83515625 0.82265625 0.03203125 0.02578125
0 0.83515625 0.8234375 0.07109375 0.04296875
4 0.38671875 0.925 0.040625 0.053125
6 0.47578125 0.91328125 0.07734375 0.0296875
7 0.5671875 0.94296875 0.259375 0.0234375
7 0.83515625 0.92421875 0.03203125 0.02578125
0 0.83515625 0.925 0.07109375 0.04296875