4 0.5 0.2984375 0.95703125 0.13828125
2 0.265625 0.3984375 0.48828125 0.08359375
1 0.78125 0.2265625 0.35546875 0.06796875
1 0.78125 0.31015625 0.35546875 0.06796875
0 0.78125 0.390625 0.35546875 0.0625
6 0.78046875 0.4546875 0.21015625 0.02109375
0 0.78203125 0.55859375 0.16484375 0.0625
6 0.6671875 0.66953125 0.1015625 0.02109375
7 0.83125 0.68125 0.228125 0.04453125
7 0.06796875 0.98671875 0.09296875 0.02109375
6 0.15625 0.98671875 0.06640625 0.01796875
6 0.2203125 0.98671875 0.04296875 0.01796875
6 0.27890625 0.98671875 0.05546875 0.01796875
6 0.33984375 0.98671875 0.0484375 0.01796875
6 0.4203125 0.98671875 0.09453125 0.01796875
6 0.49453125 0.98671875 0.0359375 0.01796875
6 0.540625 0.98671875 0.0390625 0.01796875
6 0.59140625 0.98671875 0.04375 0.01796875
6 0.63359375 0.98671875 0.02265625 0.01796875
6 0.67109375 0.98671875 0.0359375 0.01796875
4 0.71328125 0.98671875 0.0125 0.015625
0 0.71328125 0.98671875 0.03046875 0.02578125