4 0.05625 0.03671875 0.08203125 0.02890625
0 0.05625 0.03671875 0.08203125 0.02890625
0 0.83125 0.03671875 0.08203125 0.04140625
0 0.93203125 0.03671875 0.10625 0.04140625
2 0.84375 0.12890625 0.28125 0.0390625
2 0.84375 0.1796875 0.28125 0.05234375
1 0.84375 0.27890625 0.28125 0.0625
5 0.84375 0.27890625 0.28125 0.0625
1 0.8046875 0.35703125 0.203125 0.0625
5 0.84375 0.35703125 0.28125 0.0625
0 0.94453125 0.3578125 0.07890625 0.06484375
0 0.77421875 0.44296875 0.1421875 0.05234375
0 0.91875 0.44296875 0.1328125 0.0625
4 0.97265625 0.125 0.0234375 0.03125
0 0.97265625 0.125 0.046875 0.0625
2 0.28203125 0.2671875 0.5328125 0.2734375
4 0.73125 0.58203125 0.5375 0.8359375
7 0.11796875 0.50546875 0.17265625 0.03671875
0 0.21484375 0.50546875 0.3984375 0.078125
4 0.38671875 0.50546875 0.0234375 0.03125
7 0.1953125 0.62265625 0.328125 0.07265625
0 0.21484375 0.62265625 0.3984375 0.11484375
4 0.38671875 0.62265625 0.0234375 0.03125
7 0.19296875 0.73984375 0.3234375 0.03671875
0 0.21484375 0.73984375 0.3984375 0.078125
4 0.38671875 0.73984375 0.0234375 0.03125