0 0.07109375 0.046875 0.0796875 0.03671875
0 0.28125 0.05078125 0.0953125 0.01328125
0 0.37265625 0.05078125 0.0515625 0.01328125
0 0.4421875 0.05078125 0.0515625 0.01328125
0 0.51640625 0.05078125 0.06171875 0.01328125
0 0.5984375 0.05078125 0.06875 0.01328125
7 0.6890625 0.05234375 0.03203125 0.01328125
0 0.68203125 0.05234375 0.0671875 0.04921875
7 0.7765625 0.0515625 0.0953125 0.0484375
0 0.7765625 0.0515625 0.09765625 0.0484375
7 0.903125 0.0515625 0.13203125 0.0484375
0 0.903125 0.0515625 0.13203125 0.0484375
2 0.5 0.30625 0.9609375 0.1953125
2 0.5 0.44921875 0.9609375 0.0390625
7 0.153125 0.56484375 0.2171875 0.0859375
1 0.153125 0.6453125 0.20703125 0.06875
1 0.38046875 0.6453125 0.20625 0.06875
7 0.5546875 0.64453125 0.0609375 0.0234375
0 0.6078125 0.64453125 0.2046875 0.06796875
4 0.68515625 0.64453125 0.0109375 0.0078125
7 0.840625 0.64453125 0.21953125 0.0703125
0 0.840625 0.64453125 0.21953125 0.0703125
4 0.925 0.64453125 0.0078125 0.015625
7 0.46171875 0.69765625 0.13984375 0.01796875
6 0.56875 0.696875 0.075 0.0171875
7 0.04765625 0.76796875 0.0515625 0.05234375
7 0.165625 0.76796875 0.1828125 0.05234375
7 0.28671875 0.76796875 0.0578125 0.05234375
7 0.38984375 0.76796875 0.14765625 0.05234375
7 0.49609375 0.76796875 0.0625 0.05234375
7 0.5875 0.76796875 0.11875 0.05234375
7 0.7078125 0.76796875 0.11796875 0.05234375
7 0.803125 0.76796875 0.07109375 0.05234375
7 0.909375 0.76796875 0.1390625 0.05234375
7 0.5 0.94921875 0.890625 0.1015625