7 0.1984375 0.02734375 0.32109375 0.02578125
6 0.4125 0.02734375 0.10546875 0.02578125
7 0.034375 0.08984375 0.0484375 0.06484375
7 0.934375 0.08984375 0.07890625 0.02578125
0 0.9421875 0.08984375 0.0953125 0.03125
7 0.11015625 0.65078125 0.2015625 0.02578125
0 0.13359375 0.6515625 0.246875 0.0296875
7 0.23359375 0.65078125 0.04609375 0.02578125
7 0.5 0.240625 0.75 0.05703125
2 0.5 0.3046875 0.75 0.04453125
7 0.2125 0.40078125 0.17578125 0.0703125
1 0.56171875 0.40078125 0.521875 0.0703125
7 0.42890625 0.4640625 0.0609375 0.0296875
0 0.4890625 0.4640625 0.03984375 0.0296875
0 0.53125 0.4640625 0.03125 0.0296875
0 0.5765625 0.4640625 0.0453125 0.0296875
0 0.44140625 0.553125 0.11328125 0.05703125
0 0.56171875 0.553125 0.1078125 0.05703125
2 0.33125 0.73515625 0.11015625 0.0328125
2 0.415625 0.73359375 0.05859375 0.05859375
2 0.4640625 0.73515625 0.0375 0.0328125
2 0.52734375 0.7359375 0.08984375 0.0453125
0 0.6984375 0.73203125 0.14765625 0.05703125
4 0.0796875 0.7046875 0.159375 0.58984375
4 0.94765625 0.7046875 0.1046875 0.58984375
1 0.49375 0.82578125 0.1140625 0.05703125
4 0.1265625 0.9375 0.23359375 0.125
0 0.1265625 0.9375 0.23359375 0.125
4 0.0328125 0.90625 0.0140625 0.01796875
4 0.478125 0.9375 0.4515625 0.125
0 0.478125 0.9375 0.4515625 0.125
4 0.85078125 0.9375 0.27421875 0.125
0 0.85078125 0.9375 0.27421875 0.125
7 0.01171875 0.80703125 0.0234375 0.20078125