4 0.090625 0.0421875 0.14140625 0.0484375
0 0.08984375 0.04140625 0.1421875 0.0828125
0 0.21953125 0.04140625 0.0859375 0.0828125
0 0.33984375 0.04140625 0.0859375 0.0828125
6 0.55078125 0.040625 0.04296875 0.025
6 0.634375 0.040625 0.05390625 0.025
0 0.75859375 0.04140625 0.125 0.04921875
7 0.90703125 0.0296875 0.14765625 0.02109375
7 0.90703125 0.053125 0.14765625 0.02734375
7 0.71640625 0.8265625 0.034375 0.025
7 0.79921875 0.8265625 0.13203125 0.025
7 0.88203125 0.8265625 0.0328125 0.025
7 0.94921875 0.8265625 0.0703125 0.09375
2 0.25390625 0.384375 0.4921875 0.1234375
7 0.25390625 0.503125 0.4921875 0.07421875
0 0.0890625 0.61796875 0.1625 0.07421875
0 0.27109375 0.61796875 0.17109375 0.07421875
7 0.0546875 0.9578125 0.09375 0.0375
4 0.19296875 0.9578125 0.1359375 0.04296875
4 0.3125 0.9578125 0.05859375 0.04296875
4 0.41875 0.9578125 0.109375 0.04296875
4 0.51875 0.9578125 0.04609375 0.04296875
4 0.63984375 0.9578125 0.12890625 0.04296875
4 0.790625 0.9578125 0.09765625 0.04296875
4 0.9 0.9578125 0.04375 0.04296875
4 0.97578125 0.9578125 0.0328125 0.04296875