1 0.184375 0.025 0.3203125 0.03359375
4 0.03984375 0.025 0.01484375 0.01953125
0 0.03984375 0.025 0.0203125 0.02734375
4 0.5 0.025 0.2046875 0.03125
0 0.5 0.025 0.2046875 0.04921875
0 0.75703125 0.025 0.084375 0.04921875
0 0.8453125 0.025 0.09453125 0.04921875
0 0.9390625 0.025 0.09453125 0.04921875
2 0.5 0.12109375 0.76171875 0.0390625
2 0.5 0.2234375 0.76171875 0.0328125
2 0.5 0.31953125 0.76171875 0.0328125
2 0.5 0.415625 0.76171875 0.0328125
2 0.5 0.528125 0.76171875 0.0640625
2 0.18515625 0.66171875 0.06953125 0.046875
2 0.321875 0.66171875 0.0828125 0.046875
2 0.465625 0.66171875 0.0828125 0.046875
2 0.63046875 0.66171875 0.12421875 0.046875
2 0.8015625 0.66171875 0.096875 0.046875
0 0.5 0.76171875 0.4453125 0.05234375
2 0.5 0.85625 0.76171875 0.0328125
2 0.49296875 0.9015625 0.7484375 0.0328125
0 0.49296875 0.9015625 0.7484375 0.0328125
2 0.49296875 0.946875 0.7484375 0.0328125
0 0.49296875 0.946875 0.7484375 0.0328125
2 0.49296875 0.98828125 0.7484375 0.0234375
0 0.49296875 0.98828125 0.7484375 0.0234375