7 0.44609375 0.03359375 0.53515625 0.02578125
0 0.77265625 0.03359375 0.09765625 0.03671875
7 0.36015625 0.92890625 0.69140625 0.021875
6 0.07890625 0.9625 0.12890625 0.021875
7 0.1984375 0.9625 0.11015625 0.021875
0 0.7984375 0.946875 0.1140625 0.05234375
0 0.928125 0.946875 0.1140625 0.05234375
4 0.071875 0.11171875 0.09765625 0.06796875
0 0.071875 0.11328125 0.09765625 0.0703125
7 0.884375 0.11171875 0.071875 0.02578125
0 0.884375 0.1140625 0.0921875 0.0484375
4 0.96484375 0.1140625 0.0234375 0.021875
0 0.96484375 0.115625 0.0234375 0.025
2 0.33125 0.27421875 0.56171875 0.13671875
7 0.30234375 0.43828125 0.503125 0.1109375
1 0.23203125 0.5578125 0.3625 0.06640625
5 0.1359375 0.559375 0.1375 0.02734375
7 0.23203125 0.634375 0.1140625 0.03671875
0 0.23203125 0.634375 0.3625 0.071875
4 0.478125 0.634375 0.11328125 0.071875
7 0.14765625 0.69921875 0.184375 0.02109375
6 0.28828125 0.69921875 0.096875 0.02109375
7 0.35234375 0.69921875 0.03046875 0.02109375
6 0.28046875 0.7109375 0.25703125 0.04453125
7 0.18984375 0.72265625 0.00859375 0.02109375
6 0.25234375 0.72265625 0.11796875 0.02109375
4 0.1453125 0.8234375 0.0359375 0.05078125
7 0.309375 0.8234375 0.27265625 0.02734375
7 0.61484375 0.8234375 0.3390625 0.02734375
6 0.82890625 0.8234375 0.0890625 0.02734375
2 0.5 0.96796875 0.9703125 0.0609375
3 0.75390625 0.896875 0.4453125 0.14296875