4 0.0796875 0.0453125 0.0484375 0.0453125
7 0.225 0.09375 0.3390625 0.02578125
0 0.0796875 0.03828125 0.0484375 0.021875
4 0.296875 0.0484375 0.33203125 0.0703125
0 0.25390625 0.0484375 0.275 0.0703125
7 0.27265625 0.03125 0.1921875 0.02578125
6 0.28359375 0.0546875 0.2140625 0.01796875
7 0.084375 0.1578125 0.05625 0.021875
0 0.0890625 0.15859375 0.096875 0.05234375
7 0.22265625 0.1578125 0.1390625 0.021875
0 0.22734375 0.15859375 0.178125 0.05234375
7 0.3546875 0.1578125 0.0453125 0.021875
0 0.36015625 0.15859375 0.08515625 0.05234375
7 0.49765625 0.1578125 0.159375 0.021875
0 0.5015625 0.15859375 0.196875 0.05234375
7 0.675 0.1578125 0.11796875 0.021875
0 0.68046875 0.15859375 0.15703125 0.05234375
7 0.83828125 0.1578125 0.128125 0.021875
0 0.84296875 0.15859375 0.1671875 0.05234375
0 0.10234375 0.2109375 0.121875 0.05234375
1 0.76875 0.059375 0.19609375 0.05078125
7 0.921875 0.059375 0.05078125 0.021875
0 0.91484375 0.059375 0.08984375 0.0453125
2 0.35234375 0.478125 0.60234375 0.4140625
7 0.1109375 0.6078125 0.1015625 0.02734375
2 0.3421875 0.46484375 0.5828125 0.38828125
4 0.3421875 0.465625 0.5828125 0.3890625
0 0.3421875 0.465625 0.5828125 0.3890625
2 0.33203125 0.565625 0.30078125 0.02734375
7 0.4 0.603125 0.4375 0.0234375
2 0.815625 0.33359375 0.209375 0.07265625
5 0.815625 0.39765625 0.07734375 0.021875
1 0.79609375 0.440625 0.17109375 0.05078125
4 0.9 0.4390625 0.01484375 0.0328125
5 0.815625 0.50078125 0.16015625 0.021875
1 0.815625 0.54375 0.209375 0.05078125
0 0.815625 0.61328125 0.10078125 0.04921875
2 0.76640625 0.675 0.13984375 0.021875
4 0.71328125 0.7203125 0.03203125 0.04140625
4 0.7484375 0.7203125 0.03203125 0.04140625
4 0.78359375 0.7203125 0.03203125 0.04140625
4 0.81875 0.7203125 0.03203125 0.04140625
4 0.76640625 0.76171875 0.03203125 0.04140625
4 0.884375 0.69921875 0.0703125 0.04453125
0 0.884375 0.69921875 0.0703125 0.04453125
6 0.1828125 0.9234375 0.253125 0.05234375
0 0.25859375 0.9390625 0.06328125 0.02578125
7 0.1015625 0.96484375 0.084375 0.02109375
6 0.1828125 0.996875 0.2515625 0.00625
4 0.815625 0.9421875 0.271875 0.115625
0 0.815625 0.9421875 0.271875 0.115625
2 0.5 0.93671875 0.2875 0.1265625
2 0.5 0.9421875 0.271875 0.115625
4 0.5 0.9421875 0.271875 0.115625
0 0.5 0.9421875 0.271875 0.115625
0 0.3796875 0.8578125 0.04375 0.28359375
0 0.6203125 0.8578125 0.04375 0.28359375