7 0.0453125 0.140625 0.0515625 0.02578125
7 0.10078125 0.140625 0.04375 0.02890625
7 0.196875 0.140625 0.04765625 0.02578125
7 0.25078125 0.140625 0.04375 0.02890625
7 0.3578125 0.140625 0.06328125 0.02578125
7 0.42265625 0.140625 0.05078125 0.02890625
7 0.51640625 0.140625 0.0734375 0.02578125
7 0.58359375 0.140625 0.04609375 0.02890625
7 0.675 0.140625 0.0828125 0.02578125
7 0.74765625 0.140625 0.04609375 0.02890625
0 0.92890625 0.140625 0.103125 0.02109375
2 0.25390625 0.64296875 0.375 0.03671875
7 0.08984375 0.71015625 0.046875 0.025
0 0.14140625 0.71171875 0.05625 0.02734375
7 0.253125 0.74921875 0.3734375 0.103125
0 0.1140625 0.86015625 0.0953125 0.02734375
0 0.365625 0.859375 0.15234375 0.05234375
0 0.0296875 0.2328125 0.0390625 0.05234375
0 0.0875 0.2328125 0.0390625 0.05234375
4 0.5 0.23359375 0.48828125 0.053125
0 0.5 0.2328125 0.48828125 0.05234375
0 0.9546875 0.2328125 0.05078125 0.05234375
0 0.03671875 0.32265625 0.034375 0.046875
0 0.08671875 0.32265625 0.04296875 0.046875
0 0.128125 0.32265625 0.015625 0.046875
0 0.18125 0.32265625 0.0671875 0.046875
0 0.2421875 0.32265625 0.03125 0.046875
0 0.29765625 0.32265625 0.05546875 0.046875
0 0.36640625 0.32265625 0.05859375 0.046875
0 0.43125 0.32265625 0.0484375 0.046875
0 0.51875 0.32265625 0.10234375 0.046875
0 0.61640625 0.32265625 0.06953125 0.046875
0 0.71484375 0.32265625 0.103125 0.046875
0 0.88046875 0.32265625 0.0359375 0.046875
0 0.9453125 0.32265625 0.0703125 0.03671875
7 0.2140625 0.3890625 0.1453125 0.0375
7 0.37578125 0.3890625 0.1796875 0.0375
7 0.325 0.4484375 0.36640625 0.084375
4 0.59609375 0.4203125 0.14765625 0.14609375
0 0.7640625 0.4203125 0.1421875 0.0375
6 0.1203125 0.52109375 0.20234375 0.02890625
6 0.17578125 0.659375 0.3125 0.25390625
6 0.18125 0.86171875 0.3234375 0.09375
7 0.053125 0.928125 0.0671875 0.021875
4 0.55625 0.73203125 0.35859375 0.47890625
0 0.37734375 0.49296875 0.00078125 0.0015625
7 0.86796875 0.521875 0.22578125 0.0328125
6 0.86328125 0.625 0.2171875 0.09375
6 0.8578125 0.76171875 0.20625 0.0625
6 0.85 0.8828125 0.1890625 0.0625
4 0.13125 0.99765625 0.225 0.0046875
4 0.3765625 0.99765625 0.225 0.0046875
4 0.621875 0.99765625 0.225 0.0046875
4 0.8671875 0.99765625 0.225 0.0046875
7 0.98828125 0.678125 0.0234375 0.02578125
0 0.9859375 0.67421875 0.02734375 0.03671875