4 0.04765625 0.02734375 0.0734375 0.0234375
0 0.04765625 0.0296875 0.071875 0.02734375
0 0.1078125 0.02734375 0.03203125 0.0546875
0 0.1796875 0.02734375 0.109375 0.0546875
0 0.26640625 0.02734375 0.0625 0.0546875
0 0.3296875 0.02734375 0.0625 0.0546875
7 0.725 0.01875 0.075 0.0375
0 0.725 0.01953125 0.075 0.03671875
7 0.8109375 0.01875 0.0984375 0.0375
0 0.8109375 0.01953125 0.0984375 0.03671875
7 0.88203125 0.03046875 0.03828125 0.01953125
0 0.89140625 0.01953125 0.06328125 0.03671875
4 0.90703125 0.03203125 0.00859375 0.00625
7 0.95546875 0.03046875 0.05 0.01953125
0 0.95859375 0.0296875 0.06328125 0.02890625
7 0.9828125 0.0296875 0.00703125 0.021875
7 0.021875 0.10546875 0.01953125 0.09609375
2 0.5 0.10546875 0.053125 0.04140625
0 0.5 0.10546875 0.053125 0.04140625
4 0.9765625 0.10546875 0.0234375 0.03125
4 0.025 0.05234375 0.0234375 0.03125
0 0.1328125 0.04921875 0.265625 0.0984375
7 0.14140625 0.04921875 0.19921875 0.0390625
7 0.05 0.15625 0.0609375 0.02890625
0 0.05 0.15625 0.1 0.0625
7 0.1328125 0.21328125 0.2265625 0.05234375
0 0.1328125 0.21328125 0.265625 0.05234375
4 0.2421875 0.21328125 0.01953125 0.02578125
4 0.290625 0.05234375 0.0234375 0.03125
0 0.3984375 0.04921875 0.265625 0.0984375
7 0.40703125 0.04921875 0.19921875 0.0390625
7 0.30078125 0.15625 0.03125 0.02890625
0 0.30078125 0.15625 0.0703125 0.0625
7 0.3984375 0.21328125 0.2265625 0.05234375
0 0.3984375 0.21328125 0.265625 0.05234375
7 0.3984375 0.265625 0.2265625 0.05234375
0 0.3984375 0.265625 0.265625 0.05234375
7 0.3984375 0.31796875 0.2265625 0.05234375
0 0.3984375 0.31796875 0.265625 0.05234375
7 0.1328125 0.265625 0.2265625 0.05234375
0 0.1328125 0.265625 0.265625 0.05234375
7 0.1328125 0.31796875 0.2265625 0.05234375
0 0.1328125 0.31796875 0.265625 0.05234375
4 0.2421875 0.31796875 0.01953125 0.02578125
4 0.290625 0.05234375 0.0234375 0.03125
0 0.3984375 0.04921875 0.265625 0.0984375
7 0.40703125 0.04921875 0.19921875 0.0390625
7 0.30625 0.15625 0.04296875 0.02890625
0 0.30625 0.15625 0.08203125 0.0625
7 0.3984375 0.21328125 0.2265625 0.05234375
0 0.3984375 0.21328125 0.265625 0.05234375
7 0.3984375 0.265625 0.2265625 0.05234375
0 0.3984375 0.265625 0.265625 0.05234375
7 0.3984375 0.31796875 0.2265625 0.05234375
0 0.3984375 0.31796875 0.265625 0.05234375
7 0.3984375 0.36953125 0.2265625 0.05234375
0 0.3984375 0.36953125 0.265625 0.05234375
7 0.3984375 0.421875 0.2265625 0.05234375
0 0.3984375 0.421875 0.265625 0.05234375
7 0.3984375 0.47421875 0.2265625 0.05234375
0 0.3984375 0.47421875 0.265625 0.05234375
7 0.3984375 0.52578125 0.2265625 0.05234375
0 0.3984375 0.52578125 0.265625 0.05234375
7 0.3984375 0.578125 0.2265625 0.05234375
0 0.3984375 0.578125 0.265625 0.05234375
7 0.1328125 0.36953125 0.2265625 0.05234375
0 0.1328125 0.36953125 0.265625 0.05234375
4 0.2421875 0.36953125 0.01953125 0.02578125
4 0.290625 0.05234375 0.0234375 0.03125
0 0.3984375 0.04921875 0.265625 0.0984375
7 0.40703125 0.04921875 0.19921875 0.0390625
7 0.33671875 0.15625 0.103125 0.02890625
0 0.33671875 0.15625 0.1421875 0.0625
7 0.3984375 0.21328125 0.2265625 0.05234375
0 0.3984375 0.21328125 0.265625 0.05234375
7 0.3984375 0.265625 0.2265625 0.05234375
0 0.3984375 0.265625 0.265625 0.05234375
7 0.1328125 0.421875 0.2265625 0.05234375
0 0.1328125 0.421875 0.265625 0.05234375
7 0.1328125 0.47421875 0.2265625 0.05234375
0 0.1328125 0.47421875 0.265625 0.05234375
4 0.2421875 0.47421875 0.01953125 0.02578125
4 0.290625 0.05234375 0.0234375 0.03125
0 0.3984375 0.04921875 0.265625 0.0984375
7 0.40703125 0.04921875 0.19921875 0.0390625
7 0.31953125 0.15625 0.06953125 0.02890625
0 0.31953125 0.15625 0.10859375 0.0625
7 0.3984375 0.21328125 0.2265625 0.05234375
0 0.3984375 0.21328125 0.265625 0.05234375
7 0.3984375 0.265625 0.2265625 0.05234375
0 0.3984375 0.265625 0.265625 0.05234375
4 0.5078125 0.265625 0.01953125 0.02578125
4 0.55625 0.05234375 0.0234375 0.03125
0 0.6640625 0.04921875 0.265625 0.0984375
7 0.67265625 0.04921875 0.19921875 0.0390625
7 0.56640625 0.15625 0.03125 0.02890625
0 0.56640625 0.15625 0.0703125 0.0625
7 0.6640625 0.21328125 0.2265625 0.05234375
0 0.6640625 0.21328125 0.265625 0.05234375
7 0.6640625 0.265625 0.2265625 0.05234375
0 0.6640625 0.265625 0.265625 0.05234375
7 0.3984375 0.31796875 0.2265625 0.05234375
0 0.3984375 0.31796875 0.265625 0.05234375
7 0.3984375 0.36953125 0.2265625 0.05234375
0 0.3984375 0.36953125 0.265625 0.05234375
7 0.3984375 0.421875 0.2265625 0.05234375
0 0.3984375 0.421875 0.265625 0.05234375
7 0.3984375 0.47421875 0.2265625 0.05234375
0 0.3984375 0.47421875 0.265625 0.05234375
7 0.3984375 0.52578125 0.2265625 0.05234375
0 0.3984375 0.52578125 0.265625 0.05234375
7 0.3984375 0.578125 0.2265625 0.05234375
0 0.3984375 0.578125 0.265625 0.05234375
7 0.3984375 0.63046875 0.2265625 0.05234375
0 0.3984375 0.63046875 0.265625 0.05234375
7 0.3984375 0.68203125 0.2265625 0.05234375
0 0.3984375 0.68203125 0.265625 0.05234375
4 0.5078125 0.68203125 0.01953125 0.02578125
4 0.55625 0.05234375 0.0234375 0.03125
0 0.6640625 0.04921875 0.265625 0.0984375
7 0.67265625 0.04921875 0.19921875 0.0390625
7 0.56640625 0.15625 0.03125 0.02890625
0 0.56640625 0.15625 0.0703125 0.0625
7 0.6640625 0.21328125 0.2265625 0.05234375
0 0.6640625 0.21328125 0.265625 0.05234375
7 0.6640625 0.265625 0.2265625 0.05234375
0 0.6640625 0.265625 0.265625 0.05234375
7 0.3984375 0.734375 0.2265625 0.05234375
0 0.3984375 0.734375 0.265625 0.05234375
7 0.1328125 0.52578125 0.2265625 0.05234375
0 0.1328125 0.52578125 0.265625 0.05234375
4 0.2421875 0.52578125 0.01953125 0.02578125
4 0.290625 0.05234375 0.0234375 0.03125
0 0.3984375 0.04921875 0.265625 0.0984375
7 0.40703125 0.04921875 0.19921875 0.0390625
7 0.31875 0.15625 0.06640625 0.02890625
0 0.31875 0.15625 0.10546875 0.0625
7 0.3984375 0.21328125 0.2265625 0.05234375
0 0.3984375 0.21328125 0.265625 0.05234375
7 0.3984375 0.265625 0.2265625 0.05234375
0 0.3984375 0.265625 0.265625 0.05234375
7 0.3984375 0.31796875 0.2265625 0.05234375
0 0.3984375 0.31796875 0.265625 0.05234375
7 0.3984375 0.36953125 0.2265625 0.05234375
0 0.3984375 0.36953125 0.265625 0.05234375
7 0.3984375 0.421875 0.2265625 0.05234375
0 0.3984375 0.421875 0.265625 0.05234375
7 0.3984375 0.47421875 0.2265625 0.05234375
0 0.3984375 0.47421875 0.265625 0.05234375
7 0.1328125 0.578125 0.2265625 0.05234375
0 0.1328125 0.578125 0.265625 0.05234375
7 0.1328125 0.63046875 0.2265625 0.05234375
0 0.1328125 0.63046875 0.265625 0.05234375
7 0.1328125 0.68203125 0.2265625 0.05234375
0 0.1328125 0.68203125 0.265625 0.05234375
7 0.1328125 0.734375 0.2265625 0.05234375
0 0.1328125 0.734375 0.265625 0.05234375
4 0.2421875 0.734375 0.01953125 0.02578125
4 0.290625 0.05234375 0.0234375 0.03125
0 0.3984375 0.04921875 0.265625 0.0984375
7 0.40703125 0.04921875 0.19921875 0.0390625
7 0.3171875 0.15625 0.06328125 0.02890625
0 0.3171875 0.15625 0.10234375 0.0625
7 0.3984375 0.21328125 0.2265625 0.05234375
0 0.3984375 0.21328125 0.265625 0.05234375
7 0.3984375 0.265625 0.2265625 0.05234375
0 0.3984375 0.265625 0.265625 0.05234375
7 0.3984375 0.31796875 0.2265625 0.05234375
0 0.3984375 0.31796875 0.265625 0.05234375
7 0.3984375 0.36953125 0.2265625 0.05234375
0 0.3984375 0.36953125 0.265625 0.05234375
7 0.1328125 0.78671875 0.2265625 0.05234375
0 0.1328125 0.78671875 0.265625 0.05234375
7 0.1328125 0.83828125 0.2265625 0.05234375
0 0.1328125 0.83828125 0.265625 0.05234375
7 0.1328125 0.890625 0.2265625 0.05234375
0 0.1328125 0.890625 0.265625 0.05234375
4 0.2421875 0.890625 0.01953125 0.02578125
4 0.290625 0.05234375 0.0234375 0.03125
0 0.3984375 0.04921875 0.265625 0.0984375
7 0.40703125 0.04921875 0.19921875 0.0390625
7 0.3109375 0.15625 0.05078125 0.02890625
0 0.3109375 0.15625 0.08984375 0.0625
7 0.3984375 0.21328125 0.2265625 0.05234375
0 0.3984375 0.21328125 0.265625 0.05234375
7 0.3984375 0.265625 0.2265625 0.05234375
0 0.3984375 0.265625 0.265625 0.05234375
7 0.3984375 0.31796875 0.2265625 0.05234375
0 0.3984375 0.31796875 0.265625 0.05234375
7 0.1328125 0.94296875 0.2265625 0.05234375
0 0.1328125 0.94296875 0.265625 0.05234375
4 0.2421875 0.94296875 0.01953125 0.02578125
4 0.290625 0.05234375 0.0234375 0.03125
0 0.3984375 0.04921875 0.265625 0.0984375
7 0.40703125 0.04921875 0.19921875 0.0390625
7 0.32109375 0.15625 0.07109375 0.02890625
0 0.32109375 0.15625 0.11015625 0.0625
7 0.3984375 0.21328125 0.2265625 0.05234375
0 0.3984375 0.21328125 0.265625 0.05234375
7 0.3984375 0.265625 0.2265625 0.05234375
0 0.3984375 0.265625 0.265625 0.05234375
7 0.3984375 0.31796875 0.2265625 0.05234375
0 0.3984375 0.31796875 0.265625 0.05234375
7 0.3984375 0.36953125 0.2265625 0.05234375
0 0.3984375 0.36953125 0.265625 0.05234375
7 0.3984375 0.421875 0.2265625 0.05234375
0 0.3984375 0.421875 0.265625 0.05234375
7 0.3984375 0.47421875 0.2265625 0.05234375
0 0.3984375 0.47421875 0.265625 0.05234375
7 0.1328125 0.984375 0.2265625 0.03125
0 0.1328125 0.984375 0.265625 0.03125
4 0.2421875 0.990625 0.01953125 0.01796875
4 0.290625 0.05234375 0.0234375 0.03125
0 0.3984375 0.04921875 0.265625 0.0984375
7 0.40703125 0.04921875 0.19921875 0.0390625
7 0.32109375 0.15625 0.071875 0.02890625
0 0.32109375 0.15625 0.1109375 0.0625
7 0.3984375 0.21328125 0.2265625 0.05234375
0 0.3984375 0.21328125 0.265625 0.05234375
7 0.3984375 0.265625 0.2265625 0.05234375
0 0.3984375 0.265625 0.265625 0.05234375
4 0.290625 0.05234375 0.0234375 0.03125
0 0.3984375 0.04921875 0.265625 0.0984375
7 0.40703125 0.04921875 0.19921875 0.0390625
7 0.3453125 0.15625 0.1203125 0.02890625
0 0.3453125 0.15625 0.159375 0.0625
7 0.3984375 0.21328125 0.2265625 0.05234375
0 0.3984375 0.21328125 0.265625 0.05234375
7 0.3984375 0.265625 0.2265625 0.05234375
0 0.3984375 0.265625 0.265625 0.05234375
4 0.025 0.05234375 0.0234375 0.03125
0 0.1328125 0.04921875 0.265625 0.0984375
7 0.14140625 0.04921875 0.19921875 0.0390625
7 0.04375 0.15625 0.0484375 0.02890625
0 0.04375 0.15625 0.0875 0.0625
7 0.1328125 0.21328125 0.2265625 0.05234375
0 0.1328125 0.21328125 0.265625 0.05234375
4 0.2421875 0.21328125 0.01953125 0.02578125
4 0.290625 0.05234375 0.0234375 0.03125
0 0.3984375 0.04921875 0.265625 0.0984375
7 0.40703125 0.04921875 0.19921875 0.0390625
7 0.328125 0.15625 0.0859375 0.02890625
0 0.328125 0.15625 0.125 0.0625
7 0.3984375 0.21328125 0.2265625 0.05234375
0 0.3984375 0.21328125 0.265625 0.05234375
4 0.5078125 0.21328125 0.01953125 0.02578125
4 0.55625 0.05234375 0.0234375 0.03125
0 0.6640625 0.04921875 0.265625 0.0984375
7 0.67265625 0.04921875 0.19921875 0.0390625
7 0.60078125 0.15625 0.10078125 0.02890625
0 0.60078125 0.15625 0.13984375 0.0625
7 0.6640625 0.21328125 0.2265625 0.05234375
0 0.6640625 0.21328125 0.265625 0.05234375
7 0.6640625 0.265625 0.2265625 0.05234375
0 0.6640625 0.265625 0.265625 0.05234375
7 0.6640625 0.31796875 0.2265625 0.05234375
0 0.6640625 0.31796875 0.265625 0.05234375
7 0.6640625 0.36953125 0.2265625 0.05234375
0 0.6640625 0.36953125 0.265625 0.05234375
7 0.6640625 0.421875 0.2265625 0.05234375
0 0.6640625 0.421875 0.265625 0.05234375
7 0.6640625 0.47421875 0.2265625 0.05234375
0 0.6640625 0.47421875 0.265625 0.05234375
7 0.3984375 0.265625 0.2265625 0.05234375
0 0.3984375 0.265625 0.265625 0.05234375
4 0.5078125 0.265625 0.01953125 0.02578125
4 0.55625 0.05234375 0.0234375 0.03125
0 0.6640625 0.04921875 0.265625 0.0984375
7 0.67265625 0.04921875 0.19921875 0.0390625
7 0.56875 0.15625 0.0359375 0.02890625
0 0.56875 0.15625 0.075 0.0625
7 0.6640625 0.21328125 0.2265625 0.05234375
0 0.6640625 0.21328125 0.265625 0.05234375
7 0.6640625 0.265625 0.2265625 0.05234375
0 0.6640625 0.265625 0.265625 0.05234375
7 0.6640625 0.31796875 0.2265625 0.05234375
0 0.6640625 0.31796875 0.265625 0.05234375
7 0.6640625 0.36953125 0.2265625 0.05234375
0 0.6640625 0.36953125 0.265625 0.05234375
7 0.6640625 0.421875 0.2265625 0.05234375
0 0.6640625 0.421875 0.265625 0.05234375
7 0.6640625 0.47421875 0.2265625 0.05234375
0 0.6640625 0.47421875 0.265625 0.05234375
7 0.6640625 0.52578125 0.2265625 0.05234375
0 0.6640625 0.52578125 0.265625 0.05234375
7 0.6640625 0.578125 0.2265625 0.05234375
0 0.6640625 0.578125 0.265625 0.05234375
7 0.3984375 0.31796875 0.2265625 0.05234375
0 0.3984375 0.31796875 0.265625 0.05234375
4 0.5078125 0.31796875 0.01953125 0.02578125
4 0.55625 0.05234375 0.0234375 0.03125
0 0.6640625 0.04921875 0.265625 0.0984375
7 0.67265625 0.04921875 0.19921875 0.0390625
7 0.59375 0.15625 0.0859375 0.02890625
0 0.59375 0.15625 0.125 0.0625
7 0.6640625 0.21328125 0.2265625 0.05234375
0 0.6640625 0.21328125 0.265625 0.05234375
7 0.6640625 0.265625 0.2265625 0.05234375
0 0.6640625 0.265625 0.265625 0.05234375
7 0.6640625 0.31796875 0.2265625 0.05234375
0 0.6640625 0.31796875 0.265625 0.05234375
7 0.6640625 0.36953125 0.2265625 0.05234375
0 0.6640625 0.36953125 0.265625 0.05234375
7 0.6640625 0.421875 0.2265625 0.05234375
0 0.6640625 0.421875 0.265625 0.05234375
7 0.6640625 0.47421875 0.2265625 0.05234375
0 0.6640625 0.47421875 0.265625 0.05234375
7 0.3984375 0.36953125 0.2265625 0.05234375
0 0.3984375 0.36953125 0.265625 0.05234375
4 0.5078125 0.36953125 0.01953125 0.02578125
4 0.55625 0.05234375 0.0234375 0.03125
0 0.6640625 0.04921875 0.265625 0.0984375
7 0.67265625 0.04921875 0.19921875 0.0390625
7 0.615625 0.15625 0.1296875 0.02890625
0 0.615625 0.15625 0.16875 0.0625
7 0.6640625 0.21328125 0.2265625 0.05234375
0 0.6640625 0.21328125 0.265625 0.05234375
7 0.6640625 0.265625 0.2265625 0.05234375
0 0.6640625 0.265625 0.265625 0.05234375
7 0.6640625 0.31796875 0.2265625 0.05234375
0 0.6640625 0.31796875 0.265625 0.05234375
7 0.6640625 0.36953125 0.2265625 0.05234375
0 0.6640625 0.36953125 0.265625 0.05234375
7 0.6640625 0.421875 0.2265625 0.05234375
0 0.6640625 0.421875 0.265625 0.05234375
7 0.6640625 0.47421875 0.2265625 0.05234375
0 0.6640625 0.47421875 0.265625 0.05234375
7 0.1328125 0.265625 0.2265625 0.05234375
0 0.1328125 0.265625 0.265625 0.05234375
4 0.2421875 0.265625 0.01953125 0.02578125
4 0.290625 0.05234375 0.0234375 0.03125
0 0.3984375 0.04921875 0.265625 0.0984375
7 0.40703125 0.04921875 0.19921875 0.0390625
7 0.315625 0.15625 0.06171875 0.02890625
0 0.315625 0.15625 0.10078125 0.0625
7 0.3984375 0.21328125 0.2265625 0.05234375
0 0.3984375 0.21328125 0.265625 0.05234375
4 0.5078125 0.21328125 0.01953125 0.02578125
4 0.55625 0.05234375 0.0234375 0.03125
0 0.6640625 0.04921875 0.265625 0.0984375
7 0.67265625 0.04921875 0.19921875 0.0390625
7 0.57734375 0.15625 0.05390625 0.02890625
0 0.57734375 0.15625 0.09296875 0.0625
7 0.6640625 0.21328125 0.2265625 0.05234375
0 0.6640625 0.21328125 0.265625 0.05234375
7 0.6640625 0.265625 0.2265625 0.05234375
0 0.6640625 0.265625 0.265625 0.05234375
7 0.6640625 0.31796875 0.2265625 0.05234375
0 0.6640625 0.31796875 0.265625 0.05234375
7 0.6640625 0.36953125 0.2265625 0.05234375
0 0.6640625 0.36953125 0.265625 0.05234375
7 0.6640625 0.421875 0.2265625 0.05234375
0 0.6640625 0.421875 0.265625 0.05234375
7 0.6640625 0.47421875 0.2265625 0.05234375
0 0.6640625 0.47421875 0.265625 0.05234375
7 0.3984375 0.265625 0.2265625 0.05234375
0 0.3984375 0.265625 0.265625 0.05234375
4 0.5078125 0.265625 0.01953125 0.02578125
4 0.55625 0.05234375 0.0234375 0.03125
0 0.6640625 0.04921875 0.265625 0.0984375
7 0.67265625 0.04921875 0.19921875 0.0390625
7 0.57109375 0.15625 0.03984375 0.02890625
0 0.57109375 0.15625 0.07890625 0.0625
7 0.6640625 0.21328125 0.2265625 0.05234375
0 0.6640625 0.21328125 0.265625 0.05234375
7 0.6640625 0.265625 0.2265625 0.05234375
0 0.6640625 0.265625 0.265625 0.05234375
7 0.6640625 0.31796875 0.2265625 0.05234375
0 0.6640625 0.31796875 0.265625 0.05234375
7 0.6640625 0.36953125 0.2265625 0.05234375
0 0.6640625 0.36953125 0.265625 0.05234375
7 0.6640625 0.421875 0.2265625 0.05234375
0 0.6640625 0.421875 0.265625 0.05234375
7 0.6640625 0.47421875 0.2265625 0.05234375
0 0.6640625 0.47421875 0.265625 0.05234375
7 0.6640625 0.52578125 0.2265625 0.05234375
0 0.6640625 0.52578125 0.265625 0.05234375
7 0.3984375 0.31796875 0.2265625 0.05234375
0 0.3984375 0.31796875 0.265625 0.05234375
4 0.5078125 0.31796875 0.01953125 0.02578125
4 0.55625 0.05234375 0.0234375 0.03125
0 0.6640625 0.04921875 0.265625 0.0984375
7 0.67265625 0.04921875 0.19921875 0.0390625
7 0.56953125 0.15625 0.03828125 0.02890625
0 0.56953125 0.15625 0.07734375 0.0625
7 0.6640625 0.21328125 0.2265625 0.05234375
0 0.6640625 0.21328125 0.265625 0.05234375
7 0.6640625 0.265625 0.2265625 0.05234375
0 0.6640625 0.265625 0.265625 0.05234375
7 0.6640625 0.31796875 0.2265625 0.05234375
0 0.6640625 0.31796875 0.265625 0.05234375
7 0.6640625 0.36953125 0.2265625 0.05234375
0 0.6640625 0.36953125 0.265625 0.05234375
7 0.6640625 0.421875 0.2265625 0.05234375
0 0.6640625 0.421875 0.265625 0.05234375
7 0.6640625 0.47421875 0.2265625 0.05234375
0 0.6640625 0.47421875 0.265625 0.05234375
7 0.3984375 0.36953125 0.2265625 0.05234375
0 0.3984375 0.36953125 0.265625 0.05234375
4 0.5078125 0.36953125 0.01953125 0.02578125
4 0.55625 0.05234375 0.0234375 0.03125
0 0.6640625 0.04921875 0.265625 0.0984375
7 0.67265625 0.04921875 0.19921875 0.0390625
7 0.58828125 0.15625 0.075 0.02890625
0 0.58828125 0.15625 0.1140625 0.0625
7 0.6640625 0.21328125 0.2265625 0.05234375
0 0.6640625 0.21328125 0.265625 0.05234375
7 0.6640625 0.265625 0.2265625 0.05234375
0 0.6640625 0.265625 0.265625 0.05234375
7 0.6640625 0.31796875 0.2265625 0.05234375
0 0.6640625 0.31796875 0.265625 0.05234375
7 0.6640625 0.36953125 0.2265625 0.05234375
0 0.6640625 0.36953125 0.265625 0.05234375
7 0.6640625 0.421875 0.2265625 0.05234375
0 0.6640625 0.421875 0.265625 0.05234375
7 0.6640625 0.47421875 0.2265625 0.05234375
0 0.6640625 0.47421875 0.265625 0.05234375
7 0.6640625 0.52578125 0.2265625 0.05234375
0 0.6640625 0.52578125 0.265625 0.05234375
7 0.6640625 0.578125 0.2265625 0.05234375
0 0.6640625 0.578125 0.265625 0.05234375
7 0.3984375 0.421875 0.2265625 0.05234375
0 0.3984375 0.421875 0.265625 0.05234375
4 0.5078125 0.421875 0.01953125 0.02578125
4 0.55625 0.05234375 0.0234375 0.03125
0 0.6640625 0.04921875 0.265625 0.0984375
7 0.67265625 0.04921875 0.19921875 0.0390625
7 0.57734375 0.15625 0.05390625 0.02890625
0 0.57734375 0.15625 0.09296875 0.0625
7 0.6640625 0.21328125 0.2265625 0.05234375
0 0.6640625 0.21328125 0.265625 0.05234375
7 0.6640625 0.265625 0.2265625 0.05234375
0 0.6640625 0.265625 0.265625 0.05234375
7 0.6640625 0.31796875 0.2265625 0.05234375
0 0.6640625 0.31796875 0.265625 0.05234375
7 0.6640625 0.36953125 0.2265625 0.05234375
0 0.6640625 0.36953125 0.265625 0.05234375
7 0.6640625 0.421875 0.2265625 0.05234375
0 0.6640625 0.421875 0.265625 0.05234375
7 0.6640625 0.47421875 0.2265625 0.05234375
0 0.6640625 0.47421875 0.265625 0.05234375
7 0.3984375 0.47421875 0.2265625 0.05234375
0 0.3984375 0.47421875 0.265625 0.05234375
4 0.5078125 0.47421875 0.01953125 0.02578125
4 0.55625 0.05234375 0.0234375 0.03125
0 0.6640625 0.04921875 0.265625 0.0984375
7 0.67265625 0.04921875 0.19921875 0.0390625
7 0.5953125 0.15625 0.08984375 0.02890625
0 0.5953125 0.15625 0.12890625 0.0625
7 0.6640625 0.21328125 0.2265625 0.05234375
0 0.6640625 0.21328125 0.265625 0.05234375
4 0.7734375 0.21328125 0.01953125 0.02578125
4 0.821875 0.05234375 0.0234375 0.03125
0 0.8984375 0.04921875 0.203125 0.0984375
7 0.91953125 0.04921875 0.1609375 0.0390625
7 0.86328125 0.15625 0.09375 0.02890625
0 0.86328125 0.15625 0.1328125 0.0625
7 0.9078125 0.21328125 0.18359375 0.05234375
0 0.8984375 0.21328125 0.203125 0.05234375
7 0.9078125 0.265625 0.18359375 0.05234375
0 0.8984375 0.265625 0.203125 0.05234375
7 0.9078125 0.31796875 0.18359375 0.05234375
0 0.8984375 0.31796875 0.203125 0.05234375
7 0.9078125 0.36953125 0.18359375 0.05234375
0 0.8984375 0.36953125 0.203125 0.05234375
7 0.9078125 0.421875 0.18359375 0.05234375
0 0.8984375 0.421875 0.203125 0.05234375
7 0.9078125 0.47421875 0.18359375 0.05234375
0 0.8984375 0.47421875 0.203125 0.05234375
7 0.9078125 0.52578125 0.18359375 0.05234375
0 0.8984375 0.52578125 0.203125 0.05234375
7 0.9078125 0.578125 0.18359375 0.05234375
0 0.8984375 0.578125 0.203125 0.05234375
7 0.9078125 0.63046875 0.18359375 0.05234375
0 0.8984375 0.63046875 0.203125 0.05234375
7 0.6640625 0.265625 0.2265625 0.05234375
0 0.6640625 0.265625 0.265625 0.05234375
4 0.7734375 0.265625 0.01953125 0.02578125
4 0.821875 0.05234375 0.0234375 0.03125
0 0.8984375 0.04921875 0.203125 0.0984375
7 0.91953125 0.04921875 0.1609375 0.0390625
7 0.87265625 0.15625 0.1125 0.02890625
0 0.87265625 0.15625 0.1515625 0.0625
7 0.9078125 0.21328125 0.18359375 0.05234375
0 0.8984375 0.21328125 0.203125 0.05234375
7 0.9078125 0.265625 0.18359375 0.05234375
0 0.8984375 0.265625 0.203125 0.05234375
7 0.9078125 0.31796875 0.18359375 0.05234375
0 0.8984375 0.31796875 0.203125 0.05234375
7 0.9078125 0.36953125 0.18359375 0.05234375
0 0.8984375 0.36953125 0.203125 0.05234375
7 0.9078125 0.421875 0.18359375 0.05234375
0 0.8984375 0.421875 0.203125 0.05234375
7 0.9078125 0.47421875 0.18359375 0.05234375
0 0.8984375 0.47421875 0.203125 0.05234375
7 0.6640625 0.31796875 0.2265625 0.05234375
0 0.6640625 0.31796875 0.265625 0.05234375
4 0.7734375 0.31796875 0.01953125 0.02578125
4 0.821875 0.05234375 0.0234375 0.03125
0 0.8984375 0.04921875 0.203125 0.0984375
7 0.91953125 0.04921875 0.1609375 0.0390625
7 0.8765625 0.15625 0.1203125 0.02890625
0 0.8765625 0.15625 0.159375 0.0625
7 0.9078125 0.21328125 0.18359375 0.05234375
0 0.8984375 0.21328125 0.203125 0.05234375
7 0.9078125 0.265625 0.18359375 0.05234375
0 0.8984375 0.265625 0.203125 0.05234375
7 0.9078125 0.31796875 0.18359375 0.05234375
0 0.8984375 0.31796875 0.203125 0.05234375
7 0.9078125 0.36953125 0.18359375 0.05234375
0 0.8984375 0.36953125 0.203125 0.05234375
7 0.9078125 0.421875 0.18359375 0.05234375
0 0.8984375 0.421875 0.203125 0.05234375
7 0.3984375 0.52578125 0.2265625 0.05234375
0 0.3984375 0.52578125 0.265625 0.05234375
4 0.5078125 0.52578125 0.01953125 0.02578125
4 0.55625 0.05234375 0.0234375 0.03125
0 0.6640625 0.04921875 0.265625 0.0984375
7 0.67265625 0.04921875 0.19921875 0.0390625
7 0.56875 0.15625 0.03515625 0.02890625
0 0.56875 0.15625 0.07421875 0.0625
7 0.6640625 0.21328125 0.2265625 0.05234375
0 0.6640625 0.21328125 0.265625 0.05234375
7 0.6640625 0.265625 0.2265625 0.05234375
0 0.6640625 0.265625 0.265625 0.05234375
7 0.6640625 0.31796875 0.2265625 0.05234375
0 0.6640625 0.31796875 0.265625 0.05234375
7 0.6640625 0.36953125 0.2265625 0.05234375
0 0.6640625 0.36953125 0.265625 0.05234375
7 0.6640625 0.421875 0.2265625 0.05234375
0 0.6640625 0.421875 0.265625 0.05234375
7 0.6640625 0.47421875 0.2265625 0.05234375
0 0.6640625 0.47421875 0.265625 0.05234375
7 0.6640625 0.52578125 0.2265625 0.05234375
0 0.6640625 0.52578125 0.265625 0.05234375
7 0.3984375 0.578125 0.2265625 0.05234375
0 0.3984375 0.578125 0.265625 0.05234375
4 0.5078125 0.578125 0.01953125 0.02578125
4 0.55625 0.05234375 0.0234375 0.03125
0 0.6640625 0.04921875 0.265625 0.0984375
7 0.67265625 0.04921875 0.19921875 0.0390625
7 0.61640625 0.15625 0.13203125 0.02890625
0 0.61640625 0.15625 0.17109375 0.0625
7 0.6640625 0.21328125 0.2265625 0.05234375
0 0.6640625 0.21328125 0.265625 0.05234375
7 0.6640625 0.265625 0.2265625 0.05234375
0 0.6640625 0.265625 0.265625 0.05234375
7 0.6640625 0.31796875 0.2265625 0.05234375
0 0.6640625 0.31796875 0.265625 0.05234375
7 0.6640625 0.36953125 0.2265625 0.05234375
0 0.6640625 0.36953125 0.265625 0.05234375
7 0.6640625 0.421875 0.2265625 0.05234375
0 0.6640625 0.421875 0.265625 0.05234375
7 0.6640625 0.47421875 0.2265625 0.05234375
0 0.6640625 0.47421875 0.265625 0.05234375
7 0.3984375 0.63046875 0.2265625 0.05234375
0 0.3984375 0.63046875 0.265625 0.05234375
4 0.5078125 0.63046875 0.01953125 0.02578125
4 0.55625 0.05234375 0.0234375 0.03125
0 0.6640625 0.04921875 0.265625 0.0984375
7 0.67265625 0.04921875 0.19921875 0.0390625
7 0.575 0.15625 0.0484375 0.02890625
0 0.575 0.15625 0.0875 0.0625
7 0.6640625 0.21328125 0.2265625 0.05234375
0 0.6640625 0.21328125 0.265625 0.05234375
7 0.6640625 0.265625 0.2265625 0.05234375
0 0.6640625 0.265625 0.265625 0.05234375
7 0.6640625 0.31796875 0.2265625 0.05234375
0 0.6640625 0.31796875 0.265625 0.05234375
7 0.6640625 0.36953125 0.2265625 0.05234375
0 0.6640625 0.36953125 0.265625 0.05234375
7 0.6640625 0.421875 0.2265625 0.05234375
0 0.6640625 0.421875 0.265625 0.05234375
7 0.6640625 0.47421875 0.2265625 0.05234375
0 0.6640625 0.47421875 0.265625 0.05234375
7 0.1328125 0.31796875 0.2265625 0.05234375
0 0.1328125 0.31796875 0.265625 0.05234375
4 0.2421875 0.31796875 0.01953125 0.02578125
4 0.290625 0.05234375 0.0234375 0.03125
0 0.3984375 0.04921875 0.265625 0.0984375
7 0.40703125 0.04921875 0.19921875 0.0390625
7 0.30390625 0.15625 0.03828125 0.02890625
0 0.30390625 0.15625 0.07734375 0.0625
7 0.3984375 0.21328125 0.2265625 0.05234375
0 0.3984375 0.21328125 0.265625 0.05234375
4 0.5078125 0.21328125 0.01953125 0.02578125
4 0.55625 0.05234375 0.0234375 0.03125
0 0.6640625 0.04921875 0.265625 0.0984375
7 0.67265625 0.04921875 0.19921875 0.0390625
7 0.565625 0.15625 0.0296875 0.02890625
0 0.565625 0.15625 0.06875 0.0625
7 0.6640625 0.21328125 0.2265625 0.05234375
0 0.6640625 0.21328125 0.265625 0.05234375
7 0.6640625 0.265625 0.2265625 0.05234375
0 0.6640625 0.265625 0.265625 0.05234375
7 0.6640625 0.31796875 0.2265625 0.05234375
0 0.6640625 0.31796875 0.265625 0.05234375
7 0.6640625 0.36953125 0.2265625 0.05234375
0 0.6640625 0.36953125 0.265625 0.05234375
7 0.6640625 0.421875 0.2265625 0.05234375
0 0.6640625 0.421875 0.265625 0.05234375
7 0.6640625 0.47421875 0.2265625 0.05234375
0 0.6640625 0.47421875 0.265625 0.05234375
7 0.3984375 0.265625 0.2265625 0.05234375
0 0.3984375 0.265625 0.265625 0.05234375
4 0.5078125 0.265625 0.01953125 0.02578125
4 0.55625 0.05234375 0.0234375 0.03125
0 0.6640625 0.04921875 0.265625 0.0984375
7 0.67265625 0.04921875 0.19921875 0.0390625
7 0.57578125 0.15625 0.05 0.02890625
0 0.57578125 0.15625 0.0890625 0.0625
7 0.6640625 0.21328125 0.2265625 0.05234375
0 0.6640625 0.21328125 0.265625 0.05234375
7 0.6640625 0.265625 0.2265625 0.05234375
0 0.6640625 0.265625 0.265625 0.05234375
7 0.6640625 0.31796875 0.2265625 0.05234375
0 0.6640625 0.31796875 0.265625 0.05234375
7 0.6640625 0.36953125 0.2265625 0.05234375
0 0.6640625 0.36953125 0.265625 0.05234375
7 0.6640625 0.421875 0.2265625 0.05234375
0 0.6640625 0.421875 0.265625 0.05234375
7 0.6640625 0.47421875 0.2265625 0.05234375
0 0.6640625 0.47421875 0.265625 0.05234375
7 0.3984375 0.31796875 0.2265625 0.05234375
0 0.3984375 0.31796875 0.265625 0.05234375
4 0.5078125 0.31796875 0.01953125 0.02578125
4 0.55625 0.05234375 0.0234375 0.03125
0 0.6640625 0.04921875 0.265625 0.0984375
7 0.67265625 0.04921875 0.19921875 0.0390625
7 0.5875 0.15625 0.0734375 0.02890625
0 0.5875 0.15625 0.1125 0.0625
7 0.6640625 0.21328125 0.2265625 0.05234375
0 0.6640625 0.21328125 0.265625 0.05234375
7 0.6640625 0.265625 0.2265625 0.05234375
0 0.6640625 0.265625 0.265625 0.05234375
7 0.6640625 0.31796875 0.2265625 0.05234375
0 0.6640625 0.31796875 0.265625 0.05234375
7 0.6640625 0.36953125 0.2265625 0.05234375
0 0.6640625 0.36953125 0.265625 0.05234375
7 0.6640625 0.421875 0.2265625 0.05234375
0 0.6640625 0.421875 0.265625 0.05234375
7 0.6640625 0.47421875 0.2265625 0.05234375
0 0.6640625 0.47421875 0.265625 0.05234375
7 0.3984375 0.36953125 0.2265625 0.05234375
0 0.3984375 0.36953125 0.265625 0.05234375
4 0.5078125 0.36953125 0.01953125 0.02578125
4 0.55625 0.05234375 0.0234375 0.03125
0 0.6640625 0.04921875 0.265625 0.0984375
7 0.67265625 0.04921875 0.19921875 0.0390625
7 0.5671875 0.15625 0.03203125 0.02890625
0 0.5671875 0.15625 0.07109375 0.0625
7 0.6640625 0.21328125 0.2265625 0.05234375
0 0.6640625 0.21328125 0.265625 0.05234375
4 0.7734375 0.21328125 0.01953125 0.02578125
4 0.821875 0.05234375 0.0234375 0.03125
0 0.8984375 0.04921875 0.203125 0.0984375
7 0.91953125 0.04921875 0.1609375 0.0390625
7 0.86640625 0.15625 0.1 0.02890625
0 0.86640625 0.15625 0.1390625 0.0625
7 0.9078125 0.21328125 0.18359375 0.05234375
0 0.8984375 0.21328125 0.203125 0.05234375
7 0.9078125 0.265625 0.18359375 0.05234375
0 0.8984375 0.265625 0.203125 0.05234375
7 0.9078125 0.31796875 0.18359375 0.05234375
0 0.8984375 0.31796875 0.203125 0.05234375
7 0.9078125 0.36953125 0.18359375 0.05234375
0 0.8984375 0.36953125 0.203125 0.05234375
7 0.9078125 0.421875 0.18359375 0.05234375
0 0.8984375 0.421875 0.203125 0.05234375
7 0.9078125 0.47421875 0.18359375 0.05234375
0 0.8984375 0.47421875 0.203125 0.05234375
7 0.9078125 0.52578125 0.18359375 0.05234375
0 0.8984375 0.52578125 0.203125 0.05234375
7 0.6640625 0.265625 0.2265625 0.05234375
0 0.6640625 0.265625 0.265625 0.05234375
4 0.7734375 0.265625 0.01953125 0.02578125
4 0.821875 0.05234375 0.0234375 0.03125
0 0.8984375 0.04921875 0.203125 0.0984375
7 0.91953125 0.04921875 0.1609375 0.0390625
7 0.87890625 0.15625 0.125 0.02890625
0 0.87890625 0.15625 0.1640625 0.0625
7 0.9078125 0.21328125 0.18359375 0.05234375
0 0.8984375 0.21328125 0.203125 0.05234375
7 0.9078125 0.265625 0.18359375 0.05234375
0 0.8984375 0.265625 0.203125 0.05234375
7 0.9078125 0.31796875 0.18359375 0.05234375
0 0.8984375 0.31796875 0.203125 0.05234375
7 0.9078125 0.36953125 0.18359375 0.05234375
0 0.8984375 0.36953125 0.203125 0.05234375
7 0.9078125 0.421875 0.18359375 0.05234375
0 0.8984375 0.421875 0.203125 0.05234375
7 0.3984375 0.421875 0.2265625 0.05234375
0 0.3984375 0.421875 0.265625 0.05234375
4 0.5078125 0.421875 0.01953125 0.02578125
4 0.55625 0.05234375 0.0234375 0.03125
0 0.6640625 0.04921875 0.265625 0.0984375
7 0.67265625 0.04921875 0.19921875 0.0390625
7 0.5828125 0.15625 0.0640625 0.02890625
0 0.5828125 0.15625 0.103125 0.0625
7 0.6640625 0.21328125 0.2265625 0.05234375
0 0.6640625 0.21328125 0.265625 0.05234375
7 0.6640625 0.265625 0.2265625 0.05234375
0 0.6640625 0.265625 0.265625 0.05234375
7 0.6640625 0.31796875 0.2265625 0.05234375
0 0.6640625 0.31796875 0.265625 0.05234375
7 0.6640625 0.36953125 0.2265625 0.05234375
0 0.6640625 0.36953125 0.265625 0.05234375
7 0.6640625 0.421875 0.2265625 0.05234375
0 0.6640625 0.421875 0.265625 0.05234375
7 0.6640625 0.47421875 0.2265625 0.05234375
0 0.6640625 0.47421875 0.265625 0.05234375
7 0.3984375 0.47421875 0.2265625 0.05234375
0 0.3984375 0.47421875 0.265625 0.05234375
4 0.5078125 0.47421875 0.01953125 0.02578125
4 0.55625 0.05234375 0.0234375 0.03125
0 0.6640625 0.04921875 0.265625 0.0984375
7 0.67265625 0.04921875 0.19921875 0.0390625
7 0.57890625 0.15625 0.05625 0.02890625
0 0.57890625 0.15625 0.0953125 0.0625
7 0.6640625 0.21328125 0.2265625 0.05234375
0 0.6640625 0.21328125 0.265625 0.05234375
7 0.6640625 0.265625 0.2265625 0.05234375
0 0.6640625 0.265625 0.265625 0.05234375
7 0.6640625 0.31796875 0.2265625 0.05234375
0 0.6640625 0.31796875 0.265625 0.05234375
7 0.6640625 0.36953125 0.2265625 0.05234375
0 0.6640625 0.36953125 0.265625 0.05234375
7 0.6640625 0.421875 0.2265625 0.05234375
0 0.6640625 0.421875 0.265625 0.05234375
7 0.6640625 0.47421875 0.2265625 0.05234375
0 0.6640625 0.47421875 0.265625 0.05234375
7 0.3984375 0.52578125 0.2265625 0.05234375
0 0.3984375 0.52578125 0.265625 0.05234375
4 0.5078125 0.52578125 0.01953125 0.02578125
4 0.55625 0.05234375 0.0234375 0.03125
0 0.6640625 0.04921875 0.265625 0.0984375
7 0.67265625 0.04921875 0.19921875 0.0390625
7 0.584375 0.15625 0.06640625 0.02890625
0 0.584375 0.15625 0.10546875 0.0625
7 0.6640625 0.21328125 0.2265625 0.05234375
0 0.6640625 0.21328125 0.265625 0.05234375
7 0.6640625 0.265625 0.2265625 0.05234375
0 0.6640625 0.265625 0.265625 0.05234375
7 0.6640625 0.31796875 0.2265625 0.05234375
0 0.6640625 0.31796875 0.265625 0.05234375
7 0.6640625 0.36953125 0.2265625 0.05234375
0 0.6640625 0.36953125 0.265625 0.05234375
7 0.6640625 0.421875 0.2265625 0.05234375
0 0.6640625 0.421875 0.265625 0.05234375
7 0.6640625 0.47421875 0.2265625 0.05234375
0 0.6640625 0.47421875 0.265625 0.05234375
7 0.1328125 0.36953125 0.2265625 0.05234375
0 0.1328125 0.36953125 0.265625 0.05234375
4 0.2421875 0.36953125 0.01953125 0.02578125
4 0.290625 0.05234375 0.0234375 0.03125
0 0.3984375 0.04921875 0.265625 0.0984375
7 0.40703125 0.04921875 0.19921875 0.0390625
7 0.31171875 0.15625 0.05390625 0.02890625
0 0.31171875 0.15625 0.09296875 0.0625
7 0.3984375 0.21328125 0.2265625 0.05234375
0 0.3984375 0.21328125 0.265625 0.05234375
4 0.5078125 0.21328125 0.01953125 0.02578125
4 0.55625 0.05234375 0.0234375 0.03125
0 0.6640625 0.04921875 0.265625 0.0984375
7 0.67265625 0.04921875 0.19921875 0.0390625
7 0.5984375 0.15625 0.09453125 0.02890625
0 0.5984375 0.15625 0.13359375 0.0625
7 0.6640625 0.21328125 0.2265625 0.05234375
0 0.6640625 0.21328125 0.265625 0.05234375
7 0.6640625 0.265625 0.2265625 0.05234375
0 0.6640625 0.265625 0.265625 0.05234375
7 0.6640625 0.31796875 0.2265625 0.05234375
0 0.6640625 0.31796875 0.265625 0.05234375
7 0.6640625 0.36953125 0.2265625 0.05234375
0 0.6640625 0.36953125 0.265625 0.05234375
7 0.6640625 0.421875 0.2265625 0.05234375
0 0.6640625 0.421875 0.265625 0.05234375
7 0.6640625 0.47421875 0.2265625 0.05234375
0 0.6640625 0.47421875 0.265625 0.05234375
7 0.6640625 0.52578125 0.2265625 0.05234375
0 0.6640625 0.52578125 0.265625 0.05234375
7 0.6640625 0.578125 0.2265625 0.05234375
0 0.6640625 0.578125 0.265625 0.05234375
7 0.6640625 0.63046875 0.2265625 0.05234375
0 0.6640625 0.63046875 0.265625 0.05234375
7 0.3984375 0.265625 0.2265625 0.05234375
0 0.3984375 0.265625 0.265625 0.05234375
4 0.5078125 0.265625 0.01953125 0.02578125
4 0.55625 0.05234375 0.0234375 0.03125
0 0.6640625 0.04921875 0.265625 0.0984375
7 0.67265625 0.04921875 0.19921875 0.0390625
7 0.59453125 0.15625 0.0875 0.02890625
0 0.59453125 0.15625 0.1265625 0.0625
7 0.6640625 0.21328125 0.2265625 0.05234375
0 0.6640625 0.21328125 0.265625 0.05234375
4 0.7734375 0.21328125 0.01953125 0.02578125
4 0.821875 0.05234375 0.0234375 0.03125
0 0.8984375 0.04921875 0.203125 0.0984375
7 0.91953125 0.04921875 0.1609375 0.0390625
7 0.89453125 0.15625 0.15625 0.02890625
0 0.89453125 0.15625 0.1953125 0.0625
7 0.9078125 0.21328125 0.18359375 0.05234375
0 0.8984375 0.21328125 0.203125 0.05234375
7 0.9078125 0.265625 0.18359375 0.05234375
0 0.8984375 0.265625 0.203125 0.05234375
7 0.9078125 0.31796875 0.18359375 0.05234375
0 0.8984375 0.31796875 0.203125 0.05234375
7 0.9078125 0.36953125 0.18359375 0.05234375
0 0.8984375 0.36953125 0.203125 0.05234375
7 0.9078125 0.421875 0.18359375 0.05234375
0 0.8984375 0.421875 0.203125 0.05234375
7 0.9078125 0.47421875 0.18359375 0.05234375
0 0.8984375 0.47421875 0.203125 0.05234375
7 0.9078125 0.52578125 0.18359375 0.05234375
0 0.8984375 0.52578125 0.203125 0.05234375
7 0.9078125 0.578125 0.18359375 0.05234375
0 0.8984375 0.578125 0.203125 0.05234375
7 0.9078125 0.63046875 0.18359375 0.05234375
0 0.8984375 0.63046875 0.203125 0.05234375
7 0.6640625 0.265625 0.2265625 0.05234375
0 0.6640625 0.265625 0.265625 0.05234375
4 0.7734375 0.265625 0.01953125 0.02578125
4 0.821875 0.05234375 0.0234375 0.03125
0 0.8984375 0.04921875 0.203125 0.0984375
7 0.91953125 0.04921875 0.1609375 0.0390625
7 0.859375 0.15625 0.0859375 0.02890625
0 0.859375 0.15625 0.125 0.0625
7 0.9078125 0.21328125 0.18359375 0.05234375
0 0.8984375 0.21328125 0.203125 0.05234375
7 0.9078125 0.265625 0.18359375 0.05234375
0 0.8984375 0.265625 0.203125 0.05234375
7 0.9078125 0.31796875 0.18359375 0.05234375
0 0.8984375 0.31796875 0.203125 0.05234375
7 0.9078125 0.36953125 0.18359375 0.05234375
0 0.8984375 0.36953125 0.203125 0.05234375
7 0.9078125 0.421875 0.18359375 0.05234375
0 0.8984375 0.421875 0.203125 0.05234375
7 0.9078125 0.47421875 0.18359375 0.05234375
0 0.8984375 0.47421875 0.203125 0.05234375
7 0.9078125 0.52578125 0.18359375 0.05234375
0 0.8984375 0.52578125 0.203125 0.05234375
7 0.6640625 0.31796875 0.2265625 0.05234375
0 0.6640625 0.31796875 0.265625 0.05234375
4 0.7734375 0.31796875 0.01953125 0.02578125
4 0.821875 0.05234375 0.0234375 0.03125
0 0.8984375 0.04921875 0.203125 0.0984375
7 0.91953125 0.04921875 0.1609375 0.0390625
7 0.8640625 0.15625 0.0953125 0.02890625
0 0.8640625 0.15625 0.134375 0.0625
7 0.9078125 0.21328125 0.18359375 0.05234375
0 0.8984375 0.21328125 0.203125 0.05234375
7 0.9078125 0.265625 0.18359375 0.05234375
0 0.8984375 0.265625 0.203125 0.05234375
7 0.9078125 0.31796875 0.18359375 0.05234375
0 0.8984375 0.31796875 0.203125 0.05234375
7 0.9078125 0.36953125 0.18359375 0.05234375
0 0.8984375 0.36953125 0.203125 0.05234375
7 0.9078125 0.421875 0.18359375 0.05234375
0 0.8984375 0.421875 0.203125 0.05234375
7 0.9078125 0.47421875 0.18359375 0.05234375
0 0.8984375 0.47421875 0.203125 0.05234375
7 0.9078125 0.52578125 0.18359375 0.05234375
0 0.8984375 0.52578125 0.203125 0.05234375
7 0.6640625 0.36953125 0.2265625 0.05234375
0 0.6640625 0.36953125 0.265625 0.05234375
4 0.7734375 0.36953125 0.01953125 0.02578125
4 0.821875 0.05234375 0.0234375 0.03125
0 0.8984375 0.04921875 0.203125 0.0984375
7 0.91953125 0.04921875 0.1609375 0.0390625
7 0.86015625 0.15625 0.08671875 0.02890625
0 0.86015625 0.15625 0.12578125 0.0625
7 0.9078125 0.21328125 0.18359375 0.05234375
0 0.8984375 0.21328125 0.203125 0.05234375
7 0.9078125 0.265625 0.18359375 0.05234375
0 0.8984375 0.265625 0.203125 0.05234375
7 0.9078125 0.31796875 0.18359375 0.05234375
0 0.8984375 0.31796875 0.203125 0.05234375
7 0.9078125 0.36953125 0.18359375 0.05234375
0 0.8984375 0.36953125 0.203125 0.05234375
7 0.9078125 0.421875 0.18359375 0.05234375
0 0.8984375 0.421875 0.203125 0.05234375
7 0.9078125 0.47421875 0.18359375 0.05234375
0 0.8984375 0.47421875 0.203125 0.05234375
7 0.6640625 0.421875 0.2265625 0.05234375
0 0.6640625 0.421875 0.265625 0.05234375
4 0.7734375 0.421875 0.01953125 0.02578125
4 0.821875 0.05234375 0.0234375 0.03125
0 0.8984375 0.04921875 0.203125 0.0984375
7 0.91953125 0.04921875 0.1609375 0.0390625
7 0.87734375 0.15625 0.121875 0.02890625
0 0.87734375 0.15625 0.1609375 0.0625
7 0.9078125 0.21328125 0.18359375 0.05234375
0 0.8984375 0.21328125 0.203125 0.05234375
7 0.9078125 0.265625 0.18359375 0.05234375
0 0.8984375 0.265625 0.203125 0.05234375
7 0.9078125 0.31796875 0.18359375 0.05234375
0 0.8984375 0.31796875 0.203125 0.05234375
7 0.9078125 0.36953125 0.18359375 0.05234375
0 0.8984375 0.36953125 0.203125 0.05234375
7 0.9078125 0.421875 0.18359375 0.05234375
0 0.8984375 0.421875 0.203125 0.05234375
7 0.9078125 0.47421875 0.18359375 0.05234375
0 0.8984375 0.47421875 0.203125 0.05234375
7 0.9078125 0.52578125 0.18359375 0.05234375
0 0.8984375 0.52578125 0.203125 0.05234375
7 0.9078125 0.578125 0.18359375 0.05234375
0 0.8984375 0.578125 0.203125 0.05234375
7 0.9078125 0.63046875 0.18359375 0.05234375
0 0.8984375 0.63046875 0.203125 0.05234375
7 0.6640625 0.47421875 0.2265625 0.05234375
0 0.6640625 0.47421875 0.265625 0.05234375
4 0.7734375 0.47421875 0.01953125 0.02578125
4 0.821875 0.05234375 0.0234375 0.03125
0 0.8984375 0.04921875 0.203125 0.0984375
7 0.91953125 0.04921875 0.1609375 0.0390625
7 0.8890625 0.15625 0.1453125 0.02890625
0 0.8890625 0.15625 0.184375 0.0625
7 0.9078125 0.21328125 0.18359375 0.05234375
0 0.8984375 0.21328125 0.203125 0.05234375
7 0.9078125 0.265625 0.18359375 0.05234375
0 0.8984375 0.265625 0.203125 0.05234375
7 0.9078125 0.31796875 0.18359375 0.05234375
0 0.8984375 0.31796875 0.203125 0.05234375
7 0.9078125 0.36953125 0.18359375 0.05234375
0 0.8984375 0.36953125 0.203125 0.05234375
7 0.9078125 0.421875 0.18359375 0.05234375
0 0.8984375 0.421875 0.203125 0.05234375
7 0.9078125 0.47421875 0.18359375 0.05234375
0 0.8984375 0.47421875 0.203125 0.05234375
7 0.9078125 0.52578125 0.18359375 0.05234375
0 0.8984375 0.52578125 0.203125 0.05234375
7 0.6640625 0.52578125 0.2265625 0.05234375
0 0.6640625 0.52578125 0.265625 0.05234375
4 0.7734375 0.52578125 0.01953125 0.02578125
4 0.821875 0.05234375 0.0234375 0.03125
0 0.8984375 0.04921875 0.203125 0.0984375
7 0.91953125 0.04921875 0.1609375 0.0390625
7 0.8640625 0.15625 0.0953125 0.02890625
0 0.8640625 0.15625 0.134375 0.0625
7 0.9078125 0.21328125 0.18359375 0.05234375
0 0.8984375 0.21328125 0.203125 0.05234375
7 0.9078125 0.265625 0.18359375 0.05234375
0 0.8984375 0.265625 0.203125 0.05234375
7 0.9078125 0.31796875 0.18359375 0.05234375
0 0.8984375 0.31796875 0.203125 0.05234375
7 0.9078125 0.36953125 0.18359375 0.05234375
0 0.8984375 0.36953125 0.203125 0.05234375
7 0.9078125 0.421875 0.18359375 0.05234375
0 0.8984375 0.421875 0.203125 0.05234375
7 0.9078125 0.47421875 0.18359375 0.05234375
0 0.8984375 0.47421875 0.203125 0.05234375
7 0.9078125 0.52578125 0.18359375 0.05234375
0 0.8984375 0.52578125 0.203125 0.05234375
7 0.9078125 0.578125 0.18359375 0.05234375
0 0.8984375 0.578125 0.203125 0.05234375
7 0.3984375 0.31796875 0.2265625 0.05234375
0 0.3984375 0.31796875 0.265625 0.05234375
4 0.5078125 0.31796875 0.01953125 0.02578125
4 0.55625 0.05234375 0.0234375 0.03125
0 0.6640625 0.04921875 0.265625 0.0984375
7 0.67265625 0.04921875 0.19921875 0.0390625
7 0.5953125 0.15625 0.08984375 0.02890625
0 0.5953125 0.15625 0.12890625 0.0625
7 0.6640625 0.21328125 0.2265625 0.05234375
0 0.6640625 0.21328125 0.265625 0.05234375
4 0.7734375 0.21328125 0.01953125 0.02578125
4 0.821875 0.05234375 0.0234375 0.03125
0 0.8984375 0.04921875 0.203125 0.0984375
7 0.91953125 0.04921875 0.1609375 0.0390625
7 0.88984375 0.15625 0.146875 0.02890625
0 0.88984375 0.15625 0.1859375 0.0625
7 0.9078125 0.21328125 0.18359375 0.05234375
0 0.8984375 0.21328125 0.203125 0.05234375
7 0.9078125 0.265625 0.18359375 0.05234375
0 0.8984375 0.265625 0.203125 0.05234375
7 0.9078125 0.31796875 0.18359375 0.05234375
0 0.8984375 0.31796875 0.203125 0.05234375
7 0.9078125 0.36953125 0.18359375 0.05234375
0 0.8984375 0.36953125 0.203125 0.05234375
7 0.9078125 0.421875 0.18359375 0.05234375
0 0.8984375 0.421875 0.203125 0.05234375
7 0.9078125 0.47421875 0.18359375 0.05234375
0 0.8984375 0.47421875 0.203125 0.05234375
7 0.9078125 0.52578125 0.18359375 0.05234375
0 0.8984375 0.52578125 0.203125 0.05234375
7 0.9078125 0.578125 0.18359375 0.05234375
0 0.8984375 0.578125 0.203125 0.05234375
7 0.6640625 0.265625 0.2265625 0.05234375
0 0.6640625 0.265625 0.265625 0.05234375
4 0.7734375 0.265625 0.01953125 0.02578125
4 0.821875 0.05234375 0.0234375 0.03125
0 0.8984375 0.04921875 0.203125 0.0984375
7 0.91953125 0.04921875 0.1609375 0.0390625
7 0.8765625 0.15625 0.1203125 0.02890625
0 0.8765625 0.15625 0.159375 0.0625
7 0.9078125 0.21328125 0.18359375 0.05234375
0 0.8984375 0.21328125 0.203125 0.05234375
7 0.9078125 0.265625 0.18359375 0.05234375
0 0.8984375 0.265625 0.203125 0.05234375
7 0.9078125 0.31796875 0.18359375 0.05234375
0 0.8984375 0.31796875 0.203125 0.05234375
7 0.9078125 0.36953125 0.18359375 0.05234375
0 0.8984375 0.36953125 0.203125 0.05234375
7 0.9078125 0.421875 0.18359375 0.05234375
0 0.8984375 0.421875 0.203125 0.05234375
7 0.9078125 0.47421875 0.18359375 0.05234375
0 0.8984375 0.47421875 0.203125 0.05234375
7 0.6640625 0.31796875 0.2265625 0.05234375
0 0.6640625 0.31796875 0.265625 0.05234375
4 0.7734375 0.31796875 0.01953125 0.02578125
4 0.821875 0.05234375 0.0234375 0.03125
0 0.8984375 0.04921875 0.203125 0.0984375
7 0.91953125 0.04921875 0.1609375 0.0390625
7 0.87109375 0.15625 0.109375 0.02890625
0 0.87109375 0.15625 0.1484375 0.0625
7 0.9078125 0.21328125 0.18359375 0.05234375
0 0.8984375 0.21328125 0.203125 0.05234375
7 0.9078125 0.265625 0.18359375 0.05234375
0 0.8984375 0.265625 0.203125 0.05234375
7 0.9078125 0.31796875 0.18359375 0.05234375
0 0.8984375 0.31796875 0.203125 0.05234375
7 0.9078125 0.36953125 0.18359375 0.05234375
0 0.8984375 0.36953125 0.203125 0.05234375
7 0.9078125 0.421875 0.18359375 0.05234375
0 0.8984375 0.421875 0.203125 0.05234375
7 0.9078125 0.47421875 0.18359375 0.05234375
0 0.8984375 0.47421875 0.203125 0.05234375
7 0.6640625 0.36953125 0.2265625 0.05234375
0 0.6640625 0.36953125 0.265625 0.05234375
4 0.7734375 0.36953125 0.01953125 0.02578125
4 0.821875 0.05234375 0.0234375 0.03125
0 0.8984375 0.04921875 0.203125 0.0984375
7 0.91953125 0.04921875 0.1609375 0.0390625
7 0.86640625 0.15625 0.1 0.02890625
0 0.86640625 0.15625 0.1390625 0.0625
7 0.9078125 0.21328125 0.18359375 0.05234375
0 0.8984375 0.21328125 0.203125 0.05234375
7 0.9078125 0.265625 0.18359375 0.05234375
0 0.8984375 0.265625 0.203125 0.05234375
7 0.9078125 0.31796875 0.18359375 0.05234375
0 0.8984375 0.31796875 0.203125 0.05234375
7 0.9078125 0.36953125 0.18359375 0.05234375
0 0.8984375 0.36953125 0.203125 0.05234375
7 0.9078125 0.421875 0.18359375 0.05234375
0 0.8984375 0.421875 0.203125 0.05234375
7 0.9078125 0.47421875 0.18359375 0.05234375
0 0.8984375 0.47421875 0.203125 0.05234375
7 0.6640625 0.421875 0.2265625 0.05234375
0 0.6640625 0.421875 0.265625 0.05234375
4 0.7734375 0.421875 0.01953125 0.02578125
4 0.821875 0.05234375 0.0234375 0.03125
0 0.8984375 0.04921875 0.203125 0.0984375
7 0.91953125 0.04921875 0.1609375 0.0390625
7 0.87265625 0.15625 0.1125 0.02890625
0 0.87265625 0.15625 0.1515625 0.0625
7 0.9078125 0.21328125 0.18359375 0.05234375
0 0.8984375 0.21328125 0.203125 0.05234375
7 0.9078125 0.265625 0.18359375 0.05234375
0 0.8984375 0.265625 0.203125 0.05234375
7 0.9078125 0.31796875 0.18359375 0.05234375
0 0.8984375 0.31796875 0.203125 0.05234375
7 0.9078125 0.36953125 0.18359375 0.05234375
0 0.8984375 0.36953125 0.203125 0.05234375
7 0.9078125 0.421875 0.18359375 0.05234375
0 0.8984375 0.421875 0.203125 0.05234375
7 0.3984375 0.36953125 0.2265625 0.05234375
0 0.3984375 0.36953125 0.265625 0.05234375
4 0.5078125 0.36953125 0.01953125 0.02578125
4 0.55625 0.05234375 0.0234375 0.03125
0 0.6640625 0.04921875 0.265625 0.0984375
7 0.67265625 0.04921875 0.19921875 0.0390625
7 0.584375 0.15625 0.0671875 0.02890625
0 0.584375 0.15625 0.10625 0.0625
7 0.6640625 0.21328125 0.2265625 0.05234375
0 0.6640625 0.21328125 0.265625 0.05234375
4 0.7734375 0.21328125 0.01953125 0.02578125
4 0.821875 0.05234375 0.0234375 0.03125
0 0.8984375 0.04921875 0.203125 0.0984375
7 0.91953125 0.04921875 0.1609375 0.0390625
7 0.878125 0.15625 0.12421875 0.02890625
0 0.878125 0.15625 0.16328125 0.0625
7 0.9078125 0.21328125 0.18359375 0.05234375
0 0.8984375 0.21328125 0.203125 0.05234375
7 0.9078125 0.265625 0.18359375 0.05234375
0 0.8984375 0.265625 0.203125 0.05234375
7 0.9078125 0.31796875 0.18359375 0.05234375
0 0.8984375 0.31796875 0.203125 0.05234375
7 0.9078125 0.36953125 0.18359375 0.05234375
0 0.8984375 0.36953125 0.203125 0.05234375
7 0.9078125 0.421875 0.18359375 0.05234375
0 0.8984375 0.421875 0.203125 0.05234375
7 0.9078125 0.47421875 0.18359375 0.05234375
0 0.8984375 0.47421875 0.203125 0.05234375
7 0.9078125 0.52578125 0.18359375 0.05234375
0 0.8984375 0.52578125 0.203125 0.05234375
7 0.6640625 0.265625 0.2265625 0.05234375
0 0.6640625 0.265625 0.265625 0.05234375
4 0.7734375 0.265625 0.01953125 0.02578125
4 0.821875 0.05234375 0.0234375 0.03125
0 0.8984375 0.04921875 0.203125 0.0984375
7 0.91953125 0.04921875 0.1609375 0.0390625
7 0.86953125 0.15625 0.10625 0.02890625
0 0.86953125 0.15625 0.1453125 0.0625
7 0.9078125 0.21328125 0.18359375 0.05234375
0 0.8984375 0.21328125 0.203125 0.05234375
7 0.9078125 0.265625 0.18359375 0.05234375
0 0.8984375 0.265625 0.203125 0.05234375
7 0.9078125 0.31796875 0.18359375 0.05234375
0 0.8984375 0.31796875 0.203125 0.05234375
7 0.9078125 0.36953125 0.18359375 0.05234375
0 0.8984375 0.36953125 0.203125 0.05234375
7 0.9078125 0.421875 0.18359375 0.05234375
0 0.8984375 0.421875 0.203125 0.05234375
7 0.9078125 0.47421875 0.18359375 0.05234375
0 0.8984375 0.47421875 0.203125 0.05234375
7 0.9078125 0.52578125 0.18359375 0.05234375
0 0.8984375 0.52578125 0.203125 0.05234375
7 0.6640625 0.31796875 0.2265625 0.05234375
0 0.6640625 0.31796875 0.265625 0.05234375
4 0.7734375 0.31796875 0.01953125 0.02578125
4 0.821875 0.05234375 0.0234375 0.03125
0 0.8984375 0.04921875 0.203125 0.0984375
7 0.91953125 0.04921875 0.1609375 0.0390625
7 0.87890625 0.15625 0.125 0.02890625
0 0.87890625 0.15625 0.1640625 0.0625
7 0.9078125 0.21328125 0.18359375 0.05234375
0 0.8984375 0.21328125 0.203125 0.05234375
7 0.9078125 0.265625 0.18359375 0.05234375
0 0.8984375 0.265625 0.203125 0.05234375
7 0.9078125 0.31796875 0.18359375 0.05234375
0 0.8984375 0.31796875 0.203125 0.05234375
7 0.9078125 0.36953125 0.18359375 0.05234375
0 0.8984375 0.36953125 0.203125 0.05234375
7 0.9078125 0.421875 0.18359375 0.05234375
0 0.8984375 0.421875 0.203125 0.05234375
7 0.9078125 0.47421875 0.18359375 0.05234375
0 0.8984375 0.47421875 0.203125 0.05234375
7 0.9078125 0.52578125 0.18359375 0.05234375
0 0.8984375 0.52578125 0.203125 0.05234375
7 0.6640625 0.36953125 0.2265625 0.05234375
0 0.6640625 0.36953125 0.265625 0.05234375
4 0.7734375 0.36953125 0.01953125 0.02578125
4 0.821875 0.05234375 0.0234375 0.03125
0 0.8984375 0.04921875 0.203125 0.0984375
7 0.91953125 0.04921875 0.1609375 0.0390625
7 0.8875 0.15625 0.14140625 0.02890625
0 0.8875 0.15625 0.18046875 0.0625
7 0.9078125 0.21328125 0.18359375 0.05234375
0 0.8984375 0.21328125 0.203125 0.05234375
7 0.9078125 0.265625 0.18359375 0.05234375
0 0.8984375 0.265625 0.203125 0.05234375
7 0.9078125 0.31796875 0.18359375 0.05234375
0 0.8984375 0.31796875 0.203125 0.05234375
7 0.9078125 0.36953125 0.18359375 0.05234375
0 0.8984375 0.36953125 0.203125 0.05234375
7 0.9078125 0.421875 0.18359375 0.05234375
0 0.8984375 0.421875 0.203125 0.05234375
7 0.9078125 0.47421875 0.18359375 0.05234375
0 0.8984375 0.47421875 0.203125 0.05234375
7 0.9078125 0.52578125 0.18359375 0.05234375
0 0.8984375 0.52578125 0.203125 0.05234375
7 0.9078125 0.578125 0.18359375 0.05234375
0 0.8984375 0.578125 0.203125 0.05234375
7 0.9078125 0.63046875 0.18359375 0.05234375
0 0.8984375 0.63046875 0.203125 0.05234375
7 0.9078125 0.68203125 0.18359375 0.05234375
0 0.8984375 0.68203125 0.203125 0.05234375
7 0.9078125 0.734375 0.18359375 0.05234375
0 0.8984375 0.734375 0.203125 0.05234375
7 0.6640625 0.421875 0.2265625 0.05234375
0 0.6640625 0.421875 0.265625 0.05234375
4 0.7734375 0.421875 0.01953125 0.02578125
4 0.821875 0.05234375 0.0234375 0.03125
0 0.8984375 0.04921875 0.203125 0.0984375
7 0.91953125 0.04921875 0.1609375 0.0390625
7 0.903125 0.15625 0.1734375 0.02890625
0 0.8984375 0.15625 0.203125 0.0625
7 0.9078125 0.21328125 0.18359375 0.05234375
0 0.8984375 0.21328125 0.203125 0.05234375
7 0.9078125 0.265625 0.18359375 0.05234375
0 0.8984375 0.265625 0.203125 0.05234375
7 0.9078125 0.31796875 0.18359375 0.05234375
0 0.8984375 0.31796875 0.203125 0.05234375
7 0.9078125 0.36953125 0.18359375 0.05234375
0 0.8984375 0.36953125 0.203125 0.05234375
7 0.9078125 0.421875 0.18359375 0.05234375
0 0.8984375 0.421875 0.203125 0.05234375
7 0.9078125 0.47421875 0.18359375 0.05234375
0 0.8984375 0.47421875 0.203125 0.05234375
7 0.9078125 0.52578125 0.18359375 0.05234375
0 0.8984375 0.52578125 0.203125 0.05234375
7 0.6640625 0.47421875 0.2265625 0.05234375
0 0.6640625 0.47421875 0.265625 0.05234375
4 0.7734375 0.47421875 0.01953125 0.02578125
4 0.821875 0.05234375 0.0234375 0.03125
0 0.8984375 0.04921875 0.203125 0.0984375
7 0.91953125 0.04921875 0.1609375 0.0390625
7 0.88046875 0.15625 0.128125 0.02890625
0 0.88046875 0.15625 0.1671875 0.0625
7 0.9078125 0.21328125 0.18359375 0.05234375
0 0.8984375 0.21328125 0.203125 0.05234375
7 0.9078125 0.265625 0.18359375 0.05234375
0 0.8984375 0.265625 0.203125 0.05234375
7 0.9078125 0.31796875 0.18359375 0.05234375
0 0.8984375 0.31796875 0.203125 0.05234375
7 0.9078125 0.36953125 0.18359375 0.05234375
0 0.8984375 0.36953125 0.203125 0.05234375
7 0.9078125 0.421875 0.18359375 0.05234375
0 0.8984375 0.421875 0.203125 0.05234375
7 0.9078125 0.47421875 0.18359375 0.05234375
0 0.8984375 0.47421875 0.203125 0.05234375
7 0.9078125 0.52578125 0.18359375 0.05234375
0 0.8984375 0.52578125 0.203125 0.05234375
7 0.6640625 0.52578125 0.2265625 0.05234375
0 0.6640625 0.52578125 0.265625 0.05234375
4 0.7734375 0.52578125 0.01953125 0.02578125
4 0.821875 0.05234375 0.0234375 0.03125
0 0.8984375 0.04921875 0.203125 0.0984375
7 0.91953125 0.04921875 0.1609375 0.0390625
7 0.8765625 0.15625 0.12109375 0.02890625
0 0.8765625 0.15625 0.16015625 0.0625
7 0.9078125 0.21328125 0.18359375 0.05234375
0 0.8984375 0.21328125 0.203125 0.05234375
7 0.9078125 0.265625 0.18359375 0.05234375
0 0.8984375 0.265625 0.203125 0.05234375
7 0.9078125 0.31796875 0.18359375 0.05234375
0 0.8984375 0.31796875 0.203125 0.05234375
7 0.9078125 0.36953125 0.18359375 0.05234375
0 0.8984375 0.36953125 0.203125 0.05234375
7 0.9078125 0.421875 0.18359375 0.05234375
0 0.8984375 0.421875 0.203125 0.05234375
7 0.9078125 0.47421875 0.18359375 0.05234375
0 0.8984375 0.47421875 0.203125 0.05234375
7 0.6640625 0.578125 0.2265625 0.05234375
0 0.6640625 0.578125 0.265625 0.05234375
4 0.7734375 0.578125 0.01953125 0.02578125
4 0.821875 0.05234375 0.0234375 0.03125
0 0.8984375 0.04921875 0.203125 0.0984375
7 0.91953125 0.04921875 0.1609375 0.0390625
7 0.8921875 0.15625 0.15234375 0.02890625
0 0.8921875 0.15625 0.19140625 0.0625
7 0.9078125 0.21328125 0.18359375 0.05234375
0 0.8984375 0.21328125 0.203125 0.05234375
7 0.9078125 0.265625 0.18359375 0.05234375
0 0.8984375 0.265625 0.203125 0.05234375
7 0.9078125 0.31796875 0.18359375 0.05234375
0 0.8984375 0.31796875 0.203125 0.05234375
7 0.9078125 0.36953125 0.18359375 0.05234375
0 0.8984375 0.36953125 0.203125 0.05234375
7 0.9078125 0.421875 0.18359375 0.05234375
0 0.8984375 0.421875 0.203125 0.05234375
7 0.9078125 0.47421875 0.18359375 0.05234375
0 0.8984375 0.47421875 0.203125 0.05234375
7 0.6640625 0.63046875 0.2265625 0.05234375
0 0.6640625 0.63046875 0.265625 0.05234375
4 0.7734375 0.63046875 0.01953125 0.02578125
4 0.821875 0.05234375 0.0234375 0.03125
0 0.8984375 0.04921875 0.203125 0.0984375
7 0.91953125 0.04921875 0.1609375 0.0390625
7 0.8890625 0.15625 0.14453125 0.02890625
0 0.8890625 0.15625 0.18359375 0.0625
7 0.9078125 0.21328125 0.18359375 0.05234375
0 0.8984375 0.21328125 0.203125 0.05234375
7 0.9078125 0.265625 0.18359375 0.05234375
0 0.8984375 0.265625 0.203125 0.05234375
7 0.9078125 0.31796875 0.18359375 0.05234375
0 0.8984375 0.31796875 0.203125 0.05234375
7 0.9078125 0.36953125 0.18359375 0.05234375
0 0.8984375 0.36953125 0.203125 0.05234375
7 0.9078125 0.421875 0.18359375 0.05234375
0 0.8984375 0.421875 0.203125 0.05234375
7 0.9078125 0.47421875 0.18359375 0.05234375
0 0.8984375 0.47421875 0.203125 0.05234375
7 0.9078125 0.52578125 0.18359375 0.05234375
0 0.8984375 0.52578125 0.203125 0.05234375
7 0.6640625 0.68203125 0.2265625 0.05234375
0 0.6640625 0.68203125 0.265625 0.05234375
4 0.7734375 0.68203125 0.01953125 0.02578125
4 0.821875 0.05234375 0.0234375 0.03125
0 0.8984375 0.04921875 0.203125 0.0984375
7 0.91953125 0.04921875 0.1609375 0.0390625
7 0.86796875 0.15625 0.103125 0.02890625
0 0.86796875 0.15625 0.1421875 0.0625
7 0.9078125 0.21328125 0.18359375 0.05234375
0 0.8984375 0.21328125 0.203125 0.05234375
7 0.9078125 0.265625 0.18359375 0.05234375
0 0.8984375 0.265625 0.203125 0.05234375
7 0.9078125 0.31796875 0.18359375 0.05234375
0 0.8984375 0.31796875 0.203125 0.05234375
7 0.9078125 0.36953125 0.18359375 0.05234375
0 0.8984375 0.36953125 0.203125 0.05234375
7 0.9078125 0.421875 0.18359375 0.05234375
0 0.8984375 0.421875 0.203125 0.05234375
7 0.9078125 0.47421875 0.18359375 0.05234375
0 0.8984375 0.47421875 0.203125 0.05234375
7 0.9078125 0.52578125 0.18359375 0.05234375
0 0.8984375 0.52578125 0.203125 0.05234375
7 0.9078125 0.578125 0.18359375 0.05234375
0 0.8984375 0.578125 0.203125 0.05234375
7 0.9078125 0.63046875 0.18359375 0.05234375
0 0.8984375 0.63046875 0.203125 0.05234375
7 0.9078125 0.68203125 0.18359375 0.05234375
0 0.8984375 0.68203125 0.203125 0.05234375
7 0.9078125 0.734375 0.18359375 0.05234375
0 0.8984375 0.734375 0.203125 0.05234375
7 0.6640625 0.734375 0.2265625 0.05234375
0 0.6640625 0.734375 0.265625 0.05234375
4 0.7734375 0.734375 0.01953125 0.02578125
4 0.821875 0.05234375 0.0234375 0.03125
0 0.8984375 0.04921875 0.203125 0.0984375
7 0.91953125 0.04921875 0.1609375 0.0390625
7 0.89765625 0.15625 0.1625 0.02890625
0 0.89765625 0.15625 0.2015625 0.0625
7 0.9078125 0.21328125 0.18359375 0.05234375
0 0.8984375 0.21328125 0.203125 0.05234375
7 0.9078125 0.265625 0.18359375 0.05234375
0 0.8984375 0.265625 0.203125 0.05234375
7 0.9078125 0.31796875 0.18359375 0.05234375
0 0.8984375 0.31796875 0.203125 0.05234375
7 0.9078125 0.36953125 0.18359375 0.05234375
0 0.8984375 0.36953125 0.203125 0.05234375
7 0.9078125 0.421875 0.18359375 0.05234375
0 0.8984375 0.421875 0.203125 0.05234375
7 0.6640625 0.78671875 0.2265625 0.05234375
0 0.6640625 0.78671875 0.265625 0.05234375
4 0.7734375 0.78671875 0.01953125 0.02578125
4 0.821875 0.05234375 0.0234375 0.03125
0 0.8984375 0.04921875 0.203125 0.0984375
7 0.91953125 0.04921875 0.1609375 0.0390625
7 0.8796875 0.15625 0.12578125 0.02890625
0 0.8796875 0.15625 0.16484375 0.0625
7 0.9078125 0.21328125 0.18359375 0.05234375
0 0.8984375 0.21328125 0.203125 0.05234375
7 0.9078125 0.265625 0.18359375 0.05234375
0 0.8984375 0.265625 0.203125 0.05234375
7 0.9078125 0.31796875 0.18359375 0.05234375
0 0.8984375 0.31796875 0.203125 0.05234375
7 0.9078125 0.36953125 0.18359375 0.05234375
0 0.8984375 0.36953125 0.203125 0.05234375
7 0.9078125 0.421875 0.18359375 0.05234375
0 0.8984375 0.421875 0.203125 0.05234375
7 0.9078125 0.47421875 0.18359375 0.05234375
0 0.8984375 0.47421875 0.203125 0.05234375
7 0.9078125 0.52578125 0.18359375 0.05234375
0 0.8984375 0.52578125 0.203125 0.05234375
7 0.6640625 0.83828125 0.2265625 0.05234375
0 0.6640625 0.83828125 0.265625 0.05234375
4 0.7734375 0.83828125 0.01953125 0.02578125
4 0.821875 0.05234375 0.0234375 0.03125
0 0.8984375 0.04921875 0.203125 0.0984375
7 0.91953125 0.04921875 0.1609375 0.0390625
7 0.89765625 0.15625 0.1625 0.02890625
0 0.89765625 0.15625 0.2015625 0.0625
7 0.9078125 0.21328125 0.18359375 0.05234375
0 0.8984375 0.21328125 0.203125 0.05234375
7 0.9078125 0.265625 0.18359375 0.05234375
0 0.8984375 0.265625 0.203125 0.05234375
7 0.9078125 0.31796875 0.18359375 0.05234375
0 0.8984375 0.31796875 0.203125 0.05234375
7 0.9078125 0.36953125 0.18359375 0.05234375
0 0.8984375 0.36953125 0.203125 0.05234375
7 0.9078125 0.421875 0.18359375 0.05234375
0 0.8984375 0.421875 0.203125 0.05234375
7 0.9078125 0.47421875 0.18359375 0.05234375
0 0.8984375 0.47421875 0.203125 0.05234375
7 0.1328125 0.421875 0.2265625 0.05234375
0 0.1328125 0.421875 0.265625 0.05234375
4 0.2421875 0.421875 0.01953125 0.02578125
4 0.290625 0.05234375 0.0234375 0.03125
0 0.3984375 0.04921875 0.265625 0.0984375
7 0.40703125 0.04921875 0.19921875 0.0390625
7 0.2953125 0.15625 0.0203125 0.02890625
0 0.2953125 0.15625 0.059375 0.0625
7 0.3984375 0.21328125 0.2265625 0.05234375
0 0.3984375 0.21328125 0.265625 0.05234375
4 0.5078125 0.21328125 0.01953125 0.02578125
4 0.55625 0.05234375 0.0234375 0.03125
0 0.6640625 0.04921875 0.265625 0.0984375
7 0.67265625 0.04921875 0.19921875 0.0390625
7 0.5765625 0.15625 0.05078125 0.02890625
0 0.5765625 0.15625 0.08984375 0.0625
7 0.6640625 0.21328125 0.2265625 0.05234375
0 0.6640625 0.21328125 0.265625 0.05234375
4 0.7734375 0.21328125 0.01953125 0.02578125
4 0.821875 0.05234375 0.0234375 0.03125
0 0.8984375 0.04921875 0.203125 0.0984375
7 0.91953125 0.04921875 0.1609375 0.0390625
7 0.871875 0.15625 0.11015625 0.02890625
0 0.871875 0.15625 0.14921875 0.0625
7 0.9078125 0.21328125 0.18359375 0.05234375
0 0.8984375 0.21328125 0.203125 0.05234375
7 0.9078125 0.265625 0.18359375 0.05234375
0 0.8984375 0.265625 0.203125 0.05234375
7 0.9078125 0.31796875 0.18359375 0.05234375
0 0.8984375 0.31796875 0.203125 0.05234375
7 0.9078125 0.36953125 0.18359375 0.05234375
0 0.8984375 0.36953125 0.203125 0.05234375
7 0.9078125 0.421875 0.18359375 0.05234375
0 0.8984375 0.421875 0.203125 0.05234375
7 0.9078125 0.47421875 0.18359375 0.05234375
0 0.8984375 0.47421875 0.203125 0.05234375
7 0.9078125 0.52578125 0.18359375 0.05234375
0 0.8984375 0.52578125 0.203125 0.05234375
7 0.6640625 0.265625 0.2265625 0.05234375
0 0.6640625 0.265625 0.265625 0.05234375
4 0.7734375 0.265625 0.01953125 0.02578125
4 0.821875 0.05234375 0.0234375 0.03125
0 0.8984375 0.04921875 0.203125 0.0984375
7 0.91953125 0.04921875 0.1609375 0.0390625
7 0.8828125 0.15625 0.1328125 0.02890625
0 0.8828125 0.15625 0.171875 0.0625
7 0.9078125 0.21328125 0.18359375 0.05234375
0 0.8984375 0.21328125 0.203125 0.05234375
7 0.9078125 0.265625 0.18359375 0.05234375
0 0.8984375 0.265625 0.203125 0.05234375
7 0.9078125 0.31796875 0.18359375 0.05234375
0 0.8984375 0.31796875 0.203125 0.05234375
7 0.9078125 0.36953125 0.18359375 0.05234375
0 0.8984375 0.36953125 0.203125 0.05234375
7 0.9078125 0.421875 0.18359375 0.05234375
0 0.8984375 0.421875 0.203125 0.05234375
7 0.9078125 0.47421875 0.18359375 0.05234375
0 0.8984375 0.47421875 0.203125 0.05234375
7 0.9078125 0.52578125 0.18359375 0.05234375
0 0.8984375 0.52578125 0.203125 0.05234375
7 0.9078125 0.578125 0.18359375 0.05234375
0 0.8984375 0.578125 0.203125 0.05234375
7 0.6640625 0.31796875 0.2265625 0.05234375
0 0.6640625 0.31796875 0.265625 0.05234375
4 0.7734375 0.31796875 0.01953125 0.02578125
4 0.821875 0.05234375 0.0234375 0.03125
0 0.8984375 0.04921875 0.203125 0.0984375
7 0.91953125 0.04921875 0.1609375 0.0390625
7 0.8734375 0.15625 0.11328125 0.02890625
0 0.8734375 0.15625 0.15234375 0.0625
7 0.9078125 0.21328125 0.18359375 0.05234375
0 0.8984375 0.21328125 0.203125 0.05234375
7 0.9078125 0.265625 0.18359375 0.05234375
0 0.8984375 0.265625 0.203125 0.05234375
7 0.9078125 0.31796875 0.18359375 0.05234375
0 0.8984375 0.31796875 0.203125 0.05234375
7 0.9078125 0.36953125 0.18359375 0.05234375
0 0.8984375 0.36953125 0.203125 0.05234375
7 0.9078125 0.421875 0.18359375 0.05234375
0 0.8984375 0.421875 0.203125 0.05234375
7 0.9078125 0.47421875 0.18359375 0.05234375
0 0.8984375 0.47421875 0.203125 0.05234375
7 0.9078125 0.52578125 0.18359375 0.05234375
0 0.8984375 0.52578125 0.203125 0.05234375
7 0.9078125 0.578125 0.18359375 0.05234375
0 0.8984375 0.578125 0.203125 0.05234375
7 0.9078125 0.63046875 0.18359375 0.05234375
0 0.8984375 0.63046875 0.203125 0.05234375
7 0.9078125 0.68203125 0.18359375 0.05234375
0 0.8984375 0.68203125 0.203125 0.05234375
7 0.9078125 0.734375 0.18359375 0.05234375
0 0.8984375 0.734375 0.203125 0.05234375
7 0.6640625 0.36953125 0.2265625 0.05234375
0 0.6640625 0.36953125 0.265625 0.05234375
4 0.7734375 0.36953125 0.01953125 0.02578125
4 0.821875 0.05234375 0.0234375 0.03125
0 0.8984375 0.04921875 0.203125 0.0984375
7 0.91953125 0.04921875 0.1609375 0.0390625
7 0.8734375 0.15625 0.11328125 0.02890625
0 0.8734375 0.15625 0.15234375 0.0625
7 0.9078125 0.21328125 0.18359375 0.05234375
0 0.8984375 0.21328125 0.203125 0.05234375
7 0.9078125 0.265625 0.18359375 0.05234375
0 0.8984375 0.265625 0.203125 0.05234375
7 0.9078125 0.31796875 0.18359375 0.05234375
0 0.8984375 0.31796875 0.203125 0.05234375
7 0.9078125 0.36953125 0.18359375 0.05234375
0 0.8984375 0.36953125 0.203125 0.05234375
7 0.9078125 0.421875 0.18359375 0.05234375
0 0.8984375 0.421875 0.203125 0.05234375
7 0.9078125 0.47421875 0.18359375 0.05234375
0 0.8984375 0.47421875 0.203125 0.05234375
7 0.9078125 0.52578125 0.18359375 0.05234375
0 0.8984375 0.52578125 0.203125 0.05234375
7 0.9078125 0.578125 0.18359375 0.05234375
0 0.8984375 0.578125 0.203125 0.05234375
7 0.9078125 0.63046875 0.18359375 0.05234375
0 0.8984375 0.63046875 0.203125 0.05234375
7 0.3984375 0.265625 0.2265625 0.05234375
0 0.3984375 0.265625 0.265625 0.05234375
4 0.5078125 0.265625 0.01953125 0.02578125
4 0.55625 0.05234375 0.0234375 0.03125
0 0.6640625 0.04921875 0.265625 0.0984375
7 0.67265625 0.04921875 0.19921875 0.0390625
7 0.6078125 0.15625 0.1140625 0.02890625
0 0.6078125 0.15625 0.153125 0.0625
7 0.6640625 0.21328125 0.2265625 0.05234375
0 0.6640625 0.21328125 0.265625 0.05234375
7 0.6640625 0.265625 0.2265625 0.05234375
0 0.6640625 0.265625 0.265625 0.05234375
7 0.6640625 0.31796875 0.2265625 0.05234375
0 0.6640625 0.31796875 0.265625 0.05234375
7 0.6640625 0.36953125 0.2265625 0.05234375
0 0.6640625 0.36953125 0.265625 0.05234375
7 0.6640625 0.421875 0.2265625 0.05234375
0 0.6640625 0.421875 0.265625 0.05234375
7 0.6640625 0.47421875 0.2265625 0.05234375
0 0.6640625 0.47421875 0.265625 0.05234375
7 0.3984375 0.31796875 0.2265625 0.05234375
0 0.3984375 0.31796875 0.265625 0.05234375
4 0.5078125 0.31796875 0.01953125 0.02578125
4 0.55625 0.05234375 0.0234375 0.03125
0 0.6640625 0.04921875 0.265625 0.0984375
7 0.67265625 0.04921875 0.19921875 0.0390625
7 0.6015625 0.15625 0.1015625 0.02890625
0 0.6015625 0.15625 0.140625 0.0625
7 0.6640625 0.21328125 0.2265625 0.05234375
0 0.6640625 0.21328125 0.265625 0.05234375
7 0.6640625 0.265625 0.2265625 0.05234375
0 0.6640625 0.265625 0.265625 0.05234375
7 0.6640625 0.31796875 0.2265625 0.05234375
0 0.6640625 0.31796875 0.265625 0.05234375
7 0.6640625 0.36953125 0.2265625 0.05234375
0 0.6640625 0.36953125 0.265625 0.05234375
7 0.6640625 0.421875 0.2265625 0.05234375
0 0.6640625 0.421875 0.265625 0.05234375
7 0.6640625 0.47421875 0.2265625 0.05234375
0 0.6640625 0.47421875 0.265625 0.05234375
7 0.6640625 0.52578125 0.2265625 0.05234375
0 0.6640625 0.52578125 0.265625 0.05234375
7 0.6640625 0.578125 0.2265625 0.05234375
0 0.6640625 0.578125 0.265625 0.05234375
4 0.025 0.05234375 0.0234375 0.03125
0 0.1328125 0.04921875 0.265625 0.0984375
7 0.14140625 0.04921875 0.19921875 0.0390625
7 0.05625 0.15625 0.0734375 0.02890625
0 0.05625 0.15625 0.1125 0.0625
7 0.1328125 0.21328125 0.2265625 0.05234375
0 0.1328125 0.21328125 0.265625 0.05234375
4 0.2421875 0.21328125 0.01953125 0.02578125
4 0.290625 0.05234375 0.0234375 0.03125
0 0.3984375 0.04921875 0.265625 0.0984375
7 0.40703125 0.04921875 0.19921875 0.0390625
7 0.32734375 0.15625 0.08515625 0.02890625
0 0.32734375 0.15625 0.12421875 0.0625
7 0.3984375 0.21328125 0.2265625 0.05234375
0 0.3984375 0.21328125 0.265625 0.05234375
7 0.3984375 0.265625 0.2265625 0.05234375
0 0.3984375 0.265625 0.265625 0.05234375
7 0.3984375 0.31796875 0.2265625 0.05234375
0 0.3984375 0.31796875 0.265625 0.05234375
7 0.3984375 0.36953125 0.2265625 0.05234375
0 0.3984375 0.36953125 0.265625 0.05234375
7 0.3984375 0.421875 0.2265625 0.05234375
0 0.3984375 0.421875 0.265625 0.05234375
7 0.3984375 0.47421875 0.2265625 0.05234375
0 0.3984375 0.47421875 0.265625 0.05234375
7 0.3984375 0.52578125 0.2265625 0.05234375
0 0.3984375 0.52578125 0.265625 0.05234375
7 0.1328125 0.265625 0.2265625 0.05234375
0 0.1328125 0.265625 0.265625 0.05234375
4 0.2421875 0.265625 0.01953125 0.02578125
4 0.290625 0.05234375 0.0234375 0.03125
0 0.3984375 0.04921875 0.265625 0.0984375
7 0.40703125 0.04921875 0.19921875 0.0390625
7 0.334375 0.15625 0.09765625 0.02890625
0 0.334375 0.15625 0.13671875 0.0625
7 0.3984375 0.21328125 0.2265625 0.05234375
0 0.3984375 0.21328125 0.265625 0.05234375
7 0.3984375 0.265625 0.2265625 0.05234375
0 0.3984375 0.265625 0.265625 0.05234375
7 0.3984375 0.31796875 0.2265625 0.05234375
0 0.3984375 0.31796875 0.265625 0.05234375
7 0.3984375 0.36953125 0.2265625 0.05234375
0 0.3984375 0.36953125 0.265625 0.05234375
7 0.1328125 0.31796875 0.2265625 0.05234375
0 0.1328125 0.31796875 0.265625 0.05234375
4 0.2421875 0.31796875 0.01953125 0.02578125
4 0.290625 0.05234375 0.0234375 0.03125
0 0.3984375 0.04921875 0.265625 0.0984375
7 0.40703125 0.04921875 0.19921875 0.0390625
7 0.3203125 0.15625 0.0703125 0.02890625
0 0.3203125 0.15625 0.109375 0.0625
7 0.3984375 0.21328125 0.2265625 0.05234375
0 0.3984375 0.21328125 0.265625 0.05234375
7 0.3984375 0.265625 0.2265625 0.05234375
0 0.3984375 0.265625 0.265625 0.05234375
4 0.5078125 0.265625 0.01953125 0.02578125
4 0.55625 0.05234375 0.0234375 0.03125
0 0.6640625 0.04921875 0.265625 0.0984375
7 0.67265625 0.04921875 0.19921875 0.0390625
7 0.60625 0.15625 0.11015625 0.02890625
0 0.60625 0.15625 0.14921875 0.0625
7 0.6640625 0.21328125 0.2265625 0.05234375
0 0.6640625 0.21328125 0.265625 0.05234375
7 0.6640625 0.265625 0.2265625 0.05234375
0 0.6640625 0.265625 0.265625 0.05234375
7 0.6640625 0.31796875 0.2265625 0.05234375
0 0.6640625 0.31796875 0.265625 0.05234375
7 0.6640625 0.36953125 0.2265625 0.05234375
0 0.6640625 0.36953125 0.265625 0.05234375
7 0.6640625 0.421875 0.2265625 0.05234375
0 0.6640625 0.421875 0.265625 0.05234375
7 0.6640625 0.47421875 0.2265625 0.05234375
0 0.6640625 0.47421875 0.265625 0.05234375
7 0.6640625 0.52578125 0.2265625 0.05234375
0 0.6640625 0.52578125 0.265625 0.05234375
7 0.6640625 0.578125 0.2265625 0.05234375
0 0.6640625 0.578125 0.265625 0.05234375
7 0.3984375 0.31796875 0.2265625 0.05234375
0 0.3984375 0.31796875 0.265625 0.05234375
7 0.3984375 0.36953125 0.2265625 0.05234375
0 0.3984375 0.36953125 0.265625 0.05234375
7 0.3984375 0.421875 0.2265625 0.05234375
0 0.3984375 0.421875 0.265625 0.05234375
7 0.3984375 0.47421875 0.2265625 0.05234375
0 0.3984375 0.47421875 0.265625 0.05234375
7 0.1328125 0.36953125 0.2265625 0.05234375
0 0.1328125 0.36953125 0.265625 0.05234375
7 0.1328125 0.421875 0.2265625 0.05234375
0 0.1328125 0.421875 0.265625 0.05234375
4 0.2421875 0.421875 0.01953125 0.02578125
4 0.290625 0.05234375 0.0234375 0.03125
0 0.3984375 0.04921875 0.265625 0.0984375
7 0.40703125 0.04921875 0.19921875 0.0390625
7 0.334375 0.15625 0.09765625 0.02890625
0 0.334375 0.15625 0.13671875 0.0625
7 0.3984375 0.21328125 0.2265625 0.05234375
0 0.3984375 0.21328125 0.265625 0.05234375
7 0.3984375 0.265625 0.2265625 0.05234375
0 0.3984375 0.265625 0.265625 0.05234375
7 0.3984375 0.31796875 0.2265625 0.05234375
0 0.3984375 0.31796875 0.265625 0.05234375
7 0.3984375 0.36953125 0.2265625 0.05234375
0 0.3984375 0.36953125 0.265625 0.05234375
7 0.3984375 0.421875 0.2265625 0.05234375
0 0.3984375 0.421875 0.265625 0.05234375
7 0.3984375 0.47421875 0.2265625 0.05234375
0 0.3984375 0.47421875 0.265625 0.05234375
7 0.3984375 0.52578125 0.2265625 0.05234375
0 0.3984375 0.52578125 0.265625 0.05234375
7 0.1328125 0.47421875 0.2265625 0.05234375
0 0.1328125 0.47421875 0.265625 0.05234375
4 0.2421875 0.47421875 0.01953125 0.02578125
4 0.290625 0.05234375 0.0234375 0.03125
0 0.3984375 0.04921875 0.265625 0.0984375
7 0.40703125 0.04921875 0.19921875 0.0390625
7 0.32265625 0.15625 0.075 0.02890625
0 0.32265625 0.15625 0.1140625 0.0625
7 0.3984375 0.21328125 0.2265625 0.05234375
0 0.3984375 0.21328125 0.265625 0.05234375
7 0.3984375 0.265625 0.2265625 0.05234375
0 0.3984375 0.265625 0.265625 0.05234375
7 0.3984375 0.31796875 0.2265625 0.05234375
0 0.3984375 0.31796875 0.265625 0.05234375
7 0.3984375 0.36953125 0.2265625 0.05234375
0 0.3984375 0.36953125 0.265625 0.05234375
7 0.3984375 0.421875 0.2265625 0.05234375
0 0.3984375 0.421875 0.265625 0.05234375
7 0.3984375 0.47421875 0.2265625 0.05234375
0 0.3984375 0.47421875 0.265625 0.05234375
7 0.3984375 0.52578125 0.2265625 0.05234375
0 0.3984375 0.52578125 0.265625 0.05234375
7 0.1328125 0.52578125 0.2265625 0.05234375
0 0.1328125 0.52578125 0.265625 0.05234375
4 0.2421875 0.52578125 0.01953125 0.02578125
4 0.290625 0.05234375 0.0234375 0.03125
0 0.3984375 0.04921875 0.265625 0.0984375
7 0.40703125 0.04921875 0.19921875 0.0390625
7 0.30703125 0.15625 0.04375 0.02890625
0 0.30703125 0.15625 0.0828125 0.0625
7 0.3984375 0.21328125 0.2265625 0.05234375
0 0.3984375 0.21328125 0.265625 0.05234375
7 0.3984375 0.265625 0.2265625 0.05234375
0 0.3984375 0.265625 0.265625 0.05234375
7 0.3984375 0.31796875 0.2265625 0.05234375
0 0.3984375 0.31796875 0.265625 0.05234375
7 0.3984375 0.36953125 0.2265625 0.05234375
0 0.3984375 0.36953125 0.265625 0.05234375
7 0.1328125 0.578125 0.2265625 0.05234375
0 0.1328125 0.578125 0.265625 0.05234375
4 0.2421875 0.578125 0.01953125 0.02578125
4 0.290625 0.05234375 0.0234375 0.03125
0 0.3984375 0.04921875 0.265625 0.0984375
7 0.40703125 0.04921875 0.19921875 0.0390625
7 0.33671875 0.15625 0.10234375 0.02890625
0 0.33671875 0.15625 0.14140625 0.0625
7 0.3984375 0.21328125 0.2265625 0.05234375
0 0.3984375 0.21328125 0.265625 0.05234375
7 0.3984375 0.265625 0.2265625 0.05234375
0 0.3984375 0.265625 0.265625 0.05234375
7 0.3984375 0.31796875 0.2265625 0.05234375
0 0.3984375 0.31796875 0.265625 0.05234375
7 0.3984375 0.36953125 0.2265625 0.05234375
0 0.3984375 0.36953125 0.265625 0.05234375
7 0.3984375 0.421875 0.2265625 0.05234375
0 0.3984375 0.421875 0.265625 0.05234375
7 0.1328125 0.63046875 0.2265625 0.05234375
0 0.1328125 0.63046875 0.265625 0.05234375
4 0.2421875 0.63046875 0.01953125 0.02578125
4 0.290625 0.05234375 0.0234375 0.03125
0 0.3984375 0.04921875 0.265625 0.0984375
7 0.40703125 0.04921875 0.19921875 0.0390625
7 0.321875 0.15625 0.07421875 0.02890625
0 0.321875 0.15625 0.11328125 0.0625
7 0.3984375 0.21328125 0.2265625 0.05234375
0 0.3984375 0.21328125 0.265625 0.05234375
7 0.3984375 0.265625 0.2265625 0.05234375
0 0.3984375 0.265625 0.265625 0.05234375
7 0.3984375 0.31796875 0.2265625 0.05234375
0 0.3984375 0.31796875 0.265625 0.05234375
7 0.3984375 0.36953125 0.2265625 0.05234375
0 0.3984375 0.36953125 0.265625 0.05234375
7 0.3984375 0.421875 0.2265625 0.05234375
0 0.3984375 0.421875 0.265625 0.05234375
7 0.1328125 0.68203125 0.2265625 0.05234375
0 0.1328125 0.68203125 0.265625 0.05234375
4 0.2421875 0.68203125 0.01953125 0.02578125
4 0.290625 0.05234375 0.0234375 0.03125
0 0.3984375 0.04921875 0.265625 0.0984375
7 0.40703125 0.04921875 0.19921875 0.0390625
7 0.3375 0.15625 0.1046875 0.02890625
0 0.3375 0.15625 0.14375 0.0625
7 0.3984375 0.21328125 0.2265625 0.05234375
0 0.3984375 0.21328125 0.265625 0.05234375
7 0.3984375 0.265625 0.2265625 0.05234375
0 0.3984375 0.265625 0.265625 0.05234375
7 0.3984375 0.31796875 0.2265625 0.05234375
0 0.3984375 0.31796875 0.265625 0.05234375
7 0.3984375 0.36953125 0.2265625 0.05234375
0 0.3984375 0.36953125 0.265625 0.05234375
7 0.3984375 0.421875 0.2265625 0.05234375
0 0.3984375 0.421875 0.265625 0.05234375
7 0.3984375 0.47421875 0.2265625 0.05234375
0 0.3984375 0.47421875 0.265625 0.05234375
7 0.1328125 0.734375 0.2265625 0.05234375
0 0.1328125 0.734375 0.265625 0.05234375
4 0.2421875 0.734375 0.01953125 0.02578125
4 0.290625 0.05234375 0.0234375 0.03125
0 0.3984375 0.04921875 0.265625 0.0984375
7 0.40703125 0.04921875 0.19921875 0.0390625
7 0.3546875 0.15625 0.1390625 0.02890625
0 0.3546875 0.15625 0.178125 0.0625
7 0.3984375 0.21328125 0.2265625 0.05234375
0 0.3984375 0.21328125 0.265625 0.05234375
7 0.3984375 0.265625 0.2265625 0.05234375
0 0.3984375 0.265625 0.265625 0.05234375
7 0.3984375 0.31796875 0.2265625 0.05234375
0 0.3984375 0.31796875 0.265625 0.05234375
4 0.5078125 0.31796875 0.01953125 0.02578125
4 0.55625 0.05234375 0.0234375 0.03125
0 0.6640625 0.04921875 0.265625 0.0984375
7 0.67265625 0.04921875 0.19921875 0.0390625
7 0.5796875 0.15625 0.0578125 0.02890625
0 0.5796875 0.15625 0.096875 0.0625
7 0.6640625 0.21328125 0.2265625 0.05234375
0 0.6640625 0.21328125 0.265625 0.05234375
7 0.3984375 0.36953125 0.2265625 0.05234375
0 0.3984375 0.36953125 0.265625 0.05234375
7 0.3984375 0.421875 0.2265625 0.05234375
0 0.3984375 0.421875 0.265625 0.05234375
7 0.3984375 0.47421875 0.2265625 0.05234375
0 0.3984375 0.47421875 0.265625 0.05234375
7 0.3984375 0.52578125 0.2265625 0.05234375
0 0.3984375 0.52578125 0.265625 0.05234375
7 0.3984375 0.578125 0.2265625 0.05234375
0 0.3984375 0.578125 0.265625 0.05234375
7 0.1328125 0.78671875 0.2265625 0.05234375
0 0.1328125 0.78671875 0.265625 0.05234375
4 0.2421875 0.78671875 0.01953125 0.02578125
4 0.290625 0.05234375 0.0234375 0.03125
0 0.3984375 0.04921875 0.265625 0.0984375
7 0.40703125 0.04921875 0.19921875 0.0390625
7 0.346875 0.15625 0.1234375 0.02890625
0 0.346875 0.15625 0.1625 0.0625
7 0.3984375 0.21328125 0.2265625 0.05234375
0 0.3984375 0.21328125 0.265625 0.05234375
7 0.3984375 0.265625 0.2265625 0.05234375
0 0.3984375 0.265625 0.265625 0.05234375
7 0.3984375 0.31796875 0.2265625 0.05234375
0 0.3984375 0.31796875 0.265625 0.05234375
7 0.3984375 0.36953125 0.2265625 0.05234375
0 0.3984375 0.36953125 0.265625 0.05234375
7 0.3984375 0.421875 0.2265625 0.05234375
0 0.3984375 0.421875 0.265625 0.05234375
4 0.025 0.05234375 0.0234375 0.03125
0 0.1328125 0.04921875 0.265625 0.0984375
7 0.14140625 0.04921875 0.19921875 0.0390625
7 0.05703125 0.15625 0.075 0.02890625
0 0.05703125 0.15625 0.1140625 0.0625
7 0.1328125 0.21328125 0.2265625 0.05234375
0 0.1328125 0.21328125 0.265625 0.05234375
7 0.1328125 0.265625 0.2265625 0.05234375
0 0.1328125 0.265625 0.265625 0.05234375
4 0.2421875 0.265625 0.01953125 0.02578125
4 0.290625 0.05234375 0.0234375 0.03125
0 0.3984375 0.04921875 0.265625 0.0984375
7 0.40703125 0.04921875 0.19921875 0.0390625
7 0.309375 0.15625 0.04765625 0.02890625
0 0.309375 0.15625 0.08671875 0.0625
7 0.3984375 0.21328125 0.2265625 0.05234375
0 0.3984375 0.21328125 0.265625 0.05234375
7 0.3984375 0.265625 0.2265625 0.05234375
0 0.3984375 0.265625 0.265625 0.05234375
7 0.3984375 0.31796875 0.2265625 0.05234375
0 0.3984375 0.31796875 0.265625 0.05234375
7 0.3984375 0.36953125 0.2265625 0.05234375
0 0.3984375 0.36953125 0.265625 0.05234375
7 0.3984375 0.421875 0.2265625 0.05234375
0 0.3984375 0.421875 0.265625 0.05234375
7 0.3984375 0.47421875 0.2265625 0.05234375
0 0.3984375 0.47421875 0.265625 0.05234375
7 0.3984375 0.52578125 0.2265625 0.05234375
0 0.3984375 0.52578125 0.265625 0.05234375
7 0.3984375 0.578125 0.2265625 0.05234375
0 0.3984375 0.578125 0.265625 0.05234375
7 0.3984375 0.63046875 0.2265625 0.05234375
0 0.3984375 0.63046875 0.265625 0.05234375
7 0.1328125 0.31796875 0.2265625 0.05234375
0 0.1328125 0.31796875 0.265625 0.05234375
4 0.2421875 0.31796875 0.01953125 0.02578125
4 0.290625 0.05234375 0.0234375 0.03125
0 0.3984375 0.04921875 0.265625 0.0984375
7 0.40703125 0.04921875 0.19921875 0.0390625
7 0.3234375 0.15625 0.0765625 0.02890625
0 0.3234375 0.15625 0.115625 0.0625
7 0.3984375 0.21328125 0.2265625 0.05234375
0 0.3984375 0.21328125 0.265625 0.05234375
7 0.3984375 0.265625 0.2265625 0.05234375
0 0.3984375 0.265625 0.265625 0.05234375
7 0.3984375 0.31796875 0.2265625 0.05234375
0 0.3984375 0.31796875 0.265625 0.05234375
7 0.3984375 0.36953125 0.2265625 0.05234375
0 0.3984375 0.36953125 0.265625 0.05234375
7 0.3984375 0.421875 0.2265625 0.05234375
0 0.3984375 0.421875 0.265625 0.05234375
7 0.3984375 0.47421875 0.2265625 0.05234375
0 0.3984375 0.47421875 0.265625 0.05234375
7 0.3984375 0.52578125 0.2265625 0.05234375
0 0.3984375 0.52578125 0.265625 0.05234375
7 0.3984375 0.578125 0.2265625 0.05234375
0 0.3984375 0.578125 0.265625 0.05234375
7 0.3984375 0.63046875 0.2265625 0.05234375
0 0.3984375 0.63046875 0.265625 0.05234375
7 0.3984375 0.68203125 0.2265625 0.05234375
0 0.3984375 0.68203125 0.265625 0.05234375
7 0.3984375 0.734375 0.2265625 0.05234375
0 0.3984375 0.734375 0.265625 0.05234375
7 0.3984375 0.78671875 0.2265625 0.05234375
0 0.3984375 0.78671875 0.265625 0.05234375
7 0.3984375 0.83828125 0.2265625 0.05234375
0 0.3984375 0.83828125 0.265625 0.05234375
7 0.3984375 0.890625 0.2265625 0.05234375
0 0.3984375 0.890625 0.265625 0.05234375
7 0.3984375 0.94296875 0.2265625 0.05234375
0 0.3984375 0.94296875 0.265625 0.05234375
7 0.3984375 0.984375 0.2265625 0.03125
0 0.3984375 0.984375 0.265625 0.03125
7 0.1328125 0.36953125 0.2265625 0.05234375
0 0.1328125 0.36953125 0.265625 0.05234375
4 0.2421875 0.36953125 0.01953125 0.02578125
4 0.290625 0.05234375 0.0234375 0.03125
0 0.3984375 0.04921875 0.265625 0.0984375
7 0.40703125 0.04921875 0.19921875 0.0390625
7 0.315625 0.15625 0.06171875 0.02890625
0 0.315625 0.15625 0.10078125 0.0625
7 0.3984375 0.21328125 0.2265625 0.05234375
0 0.3984375 0.21328125 0.265625 0.05234375
7 0.3984375 0.265625 0.2265625 0.05234375
0 0.3984375 0.265625 0.265625 0.05234375
7 0.3984375 0.31796875 0.2265625 0.05234375
0 0.3984375 0.31796875 0.265625 0.05234375
7 0.3984375 0.36953125 0.2265625 0.05234375
0 0.3984375 0.36953125 0.265625 0.05234375
7 0.1328125 0.421875 0.2265625 0.05234375
0 0.1328125 0.421875 0.265625 0.05234375
7 0.1328125 0.47421875 0.2265625 0.05234375
0 0.1328125 0.47421875 0.265625 0.05234375
7 0.1328125 0.52578125 0.2265625 0.05234375
0 0.1328125 0.52578125 0.265625 0.05234375
7 0.1328125 0.578125 0.2265625 0.05234375
0 0.1328125 0.578125 0.265625 0.05234375
4 0.2421875 0.578125 0.01953125 0.02578125
4 0.290625 0.05234375 0.0234375 0.03125
0 0.3984375 0.04921875 0.265625 0.0984375
7 0.40703125 0.04921875 0.19921875 0.0390625
7 0.328125 0.15625 0.0859375 0.02890625
0 0.328125 0.15625 0.125 0.0625
7 0.3984375 0.21328125 0.2265625 0.05234375
0 0.3984375 0.21328125 0.265625 0.05234375
7 0.3984375 0.265625 0.2265625 0.05234375
0 0.3984375 0.265625 0.265625 0.05234375
7 0.1328125 0.63046875 0.2265625 0.05234375
0 0.1328125 0.63046875 0.265625 0.05234375
7 0.1328125 0.7359375 0.2265625 0.05234375
0 0.1328125 0.7359375 0.265625 0.05234375
7 0.1328125 0.7875 0.2265625 0.05234375
0 0.1328125 0.7875 0.265625 0.05234375
4 0.025 0.05234375 0.0234375 0.03125
0 0.1328125 0.04921875 0.265625 0.0984375
7 0.14140625 0.04921875 0.19921875 0.0390625
7 0.05 0.15625 0.06171875 0.02890625
0 0.05 0.15625 0.1 0.0625
7 0.1328125 0.21328125 0.2265625 0.05234375
0 0.1328125 0.21328125 0.265625 0.05234375
7 0.1328125 0.265625 0.2265625 0.05234375
0 0.1328125 0.265625 0.265625 0.05234375
7 0.1328125 0.31796875 0.2265625 0.05234375
0 0.1328125 0.31796875 0.265625 0.05234375
7 0.1328125 0.36953125 0.2265625 0.05234375
0 0.1328125 0.36953125 0.265625 0.05234375
7 0.1328125 0.421875 0.2265625 0.05234375
0 0.1328125 0.421875 0.265625 0.05234375
7 0.1328125 0.47421875 0.2265625 0.05234375
0 0.1328125 0.47421875 0.265625 0.05234375
7 0.1328125 0.52578125 0.2265625 0.05234375
0 0.1328125 0.52578125 0.265625 0.05234375
7 0.1328125 0.578125 0.2265625 0.05234375
0 0.1328125 0.578125 0.265625 0.05234375
7 0.1328125 0.63046875 0.2265625 0.05234375
0 0.1328125 0.63046875 0.265625 0.05234375
7 0.1328125 0.68203125 0.2265625 0.05234375
0 0.1328125 0.68203125 0.265625 0.05234375
7 0.1328125 0.734375 0.2265625 0.05234375
0 0.1328125 0.734375 0.265625 0.05234375
7 0.1328125 0.78671875 0.2265625 0.05234375
0 0.1328125 0.78671875 0.265625 0.05234375
7 0.1328125 0.83828125 0.2265625 0.05234375
0 0.1328125 0.83828125 0.265625 0.05234375
7 0.1328125 0.890625 0.2265625 0.05234375
0 0.1328125 0.890625 0.265625 0.05234375
4 0.025 0.05234375 0.0234375 0.03125
0 0.1328125 0.04921875 0.265625 0.0984375
7 0.14140625 0.04921875 0.19921875 0.0390625
7 0.046875 0.15625 0.0546875 0.02890625
0 0.046875 0.15625 0.09375 0.0625
7 0.1328125 0.21328125 0.2265625 0.05234375
0 0.1328125 0.21328125 0.265625 0.05234375
7 0.1328125 0.265625 0.2265625 0.05234375
0 0.1328125 0.265625 0.265625 0.05234375
7 0.1328125 0.31796875 0.2265625 0.05234375
0 0.1328125 0.31796875 0.265625 0.05234375
7 0.1328125 0.36953125 0.2265625 0.05234375
0 0.1328125 0.36953125 0.265625 0.05234375
7 0.1328125 0.421875 0.2265625 0.05234375
0 0.1328125 0.421875 0.265625 0.05234375
7 0.1328125 0.47421875 0.2265625 0.05234375
0 0.1328125 0.47421875 0.265625 0.05234375
7 0.1328125 0.52578125 0.2265625 0.05234375
0 0.1328125 0.52578125 0.265625 0.05234375
7 0.1328125 0.578125 0.2265625 0.05234375
0 0.1328125 0.578125 0.265625 0.05234375
7 0.1328125 0.63046875 0.2265625 0.05234375
0 0.1328125 0.63046875 0.265625 0.05234375
7 0.1328125 0.68203125 0.2265625 0.05234375
0 0.1328125 0.68203125 0.265625 0.05234375
7 0.1328125 0.734375 0.2265625 0.05234375
0 0.1328125 0.734375 0.265625 0.05234375
4 0.025 0.05234375 0.0234375 0.03125
0 0.1328125 0.04921875 0.265625 0.0984375
7 0.14140625 0.04921875 0.19921875 0.0390625
7 0.04140625 0.15625 0.04375 0.02890625
0 0.04140625 0.15625 0.0828125 0.0625
7 0.1328125 0.21328125 0.2265625 0.05234375
0 0.1328125 0.21328125 0.265625 0.05234375
7 0.1328125 0.265625 0.2265625 0.05234375
0 0.1328125 0.265625 0.265625 0.05234375
7 0.1328125 0.31796875 0.2265625 0.05234375
0 0.1328125 0.31796875 0.265625 0.05234375
7 0.1328125 0.36953125 0.2265625 0.05234375
0 0.1328125 0.36953125 0.265625 0.05234375
7 0.1328125 0.421875 0.2265625 0.05234375
0 0.1328125 0.421875 0.265625 0.05234375
7 0.1328125 0.47421875 0.2265625 0.05234375
0 0.1328125 0.47421875 0.265625 0.05234375
7 0.1328125 0.52578125 0.2265625 0.05234375
0 0.1328125 0.52578125 0.265625 0.05234375
7 0.1328125 0.578125 0.2265625 0.05234375
0 0.1328125 0.578125 0.265625 0.05234375
7 0.1328125 0.63046875 0.2265625 0.05234375
0 0.1328125 0.63046875 0.265625 0.05234375
7 0.1328125 0.68203125 0.2265625 0.05234375
0 0.1328125 0.68203125 0.265625 0.05234375
7 0.1328125 0.734375 0.2265625 0.05234375
0 0.1328125 0.734375 0.265625 0.05234375
4 0.025 0.05234375 0.0234375 0.03125
0 0.1328125 0.04921875 0.265625 0.0984375
7 0.14140625 0.04921875 0.19921875 0.0390625
7 0.0875 0.15625 0.13671875 0.02890625
0 0.0875 0.15625 0.175 0.0625
7 0.1328125 0.21328125 0.2265625 0.05234375
0 0.1328125 0.21328125 0.265625 0.05234375
7 0.1328125 0.265625 0.2265625 0.05234375
0 0.1328125 0.265625 0.265625 0.05234375
7 0.1328125 0.31796875 0.2265625 0.05234375
0 0.1328125 0.31796875 0.265625 0.05234375
7 0.1328125 0.36953125 0.2265625 0.05234375
0 0.1328125 0.36953125 0.265625 0.05234375
7 0.1328125 0.421875 0.2265625 0.05234375
0 0.1328125 0.421875 0.265625 0.05234375
7 0.1328125 0.47421875 0.2265625 0.05234375
0 0.1328125 0.47421875 0.265625 0.05234375
3 0.51484375 0.36875 0.9484375 0.32578125
7 0.2328125 0.61875 0.3109375 0.02578125
0 0.5 0.61875 0.89453125 0.0703125
7 0.84140625 0.61875 0.12578125 0.02109375
4 0.91640625 0.61875 0.0125 0.015625
7 0.26171875 0.7484375 0.36875 0.02109375
0 0.2734375 0.853125 0.4390625 0.29296875
7 0.26171875 0.909375 0.36875 0.18125
7 0.7140625 0.74765625 0.371875 0.02109375
0 0.72578125 0.85 0.4421875 0.2875
7 0.7140625 0.89921875 0.371875 0.1265625
7 0.43046875 0.93203125 0.79609375 0.04453125
6 0.7421875 0.94375 0.15625 0.021875
0 0.91015625 0.93203125 0.115625 0.0390625