7 0.93828125 0.01953125 0.0609375 0.02890625
7 0.86328125 0.01953125 0.0609375 0.02890625
4 0.5 0.153125 1 0.23828125
0 0.0671875 0.153125 0.13359375 0.23828125
7 0.0671875 0.32421875 0.13359375 0.02578125
2 0.58125 0.13125 0.83671875 0.05234375
7 0.28984375 0.18515625 0.25390625 0.02890625
2 0.89375 0.1078125 0.075 0.02890625
2 0.9640625 0.1078125 0.0671875 0.02890625
7 0.928125 0.16015625 0.14375 0.046875
7 0.94140625 0.21796875 0.1171875 0.04296875
2 0.6546875 0.1078125 0.03828125 0.02890625
2 0.70625 0.1078125 0.0671875 0.02890625
7 0.728125 0.16015625 0.1859375 0.046875
7 0.72734375 0.21796875 0.1296875 0.04296875
7 0.36875 0.44453125 0.2828125 0.03515625
7 0.36875 0.48125 0.1484375 0.03515625
7 0.81953125 0.396875 0.36015625 0.05234375
7 0.74921875 0.4609375 0.1953125 0.04453125
7 0.74921875 0.496875 0.1953125 0.02734375
7 0.9234375 0.4609375 0.153125 0.04453125
7 0.9234375 0.496875 0.153125 0.02734375
4 0.59453125 0.80078125 0.41484375 0.13046875
4 0.59296875 0.8953125 0.64140625 0.04296875
6 0.4140625 0.95625 0.03125 0.025
6 0.446875 0.95625 0.02421875 0.025
6 0.478125 0.95625 0.028125 0.025
6 0.52734375 0.95625 0.0609375 0.025
6 0.57734375 0.95625 0.03046875 0.025
6 0.615625 0.95625 0.0328125 0.025
6 0.64765625 0.95625 0.02421875 0.025
6 0.68671875 0.95625 0.0421875 0.025
4 0.72734375 0.953125 0.01640625 0.02109375
0 0.72734375 0.953125 0.02265625 0.02890625
4 0.753125 0.953125 0.01640625 0.02109375
0 0.753125 0.953125 0.02265625 0.02890625