1 0.0984375 0.0265625 0.1859375 0.0296875
4 0.20625 0.0265625 0.0171875 0.025
4 0.5 0.02578125 0.125 0.02578125
0 0.5 0.0265625 0.125 0.03515625
7 0.89609375 0.02734375 0.0515625 0.015625
0 0.89609375 0.0265625 0.0515625 0.0296875
7 0.9609375 0.02734375 0.046875 0.015625
0 0.9609375 0.0265625 0.046875 0.0296875
7 0.2203125 0.08125 0.07421875 0.01953125
0 0.2203125 0.0796875 0.14453125 0.01953125
7 0.3578125 0.08125 0.05859375 0.01953125
0 0.35703125 0.0796875 0.1296875 0.01953125
7 0.48359375 0.08125 0.05390625 0.01953125
0 0.48359375 0.0796875 0.125 0.01953125
7 0.60078125 0.08125 0.03984375 0.01953125
0 0.60078125 0.0796875 0.1109375 0.01953125
4 0.6953125 0.0796875 0.0078125 0.01953125
0 0.6953125 0.0796875 0.0078125 0.01953125
4 0.73046875 0.0796875 0.0171875 0.01953125
0 0.73046875 0.0796875 0.0171875 0.01953125
4 0.76875 0.0796875 0.01484375 0.01953125
0 0.76875 0.0796875 0.01484375 0.01953125
4 0.8078125 0.0796875 0.0171875 0.0171875
0 0.8078125 0.0796875 0.0171875 0.0171875
3 0.5 0.30078125 0.946875 0.32578125
7 0.0875 0.56484375 0.0578125 0.015625
0 0.22578125 0.75625 0.334375 0.3984375
2 0.225 0.72421875 0.33203125 0.25546875
7 0.22578125 0.88828125 0.334375 0.046875
7 0.103125 0.9453125 0.08984375 0.015625
7 0.18203125 0.9453125 0.0671875 0.015625
7 0.69609375 0.74140625 0.49140625 0.36875
0 0.69609375 0.75625 0.49140625 0.3984375