4 0.21875 0.89453125 0.0453125 0.06015625
2 0.53515625 0.875 0.5390625 0.02109375
7 0.28828125 0.90234375 0.04609375 0.01796875
7 0.33671875 0.90234375 0.05 0.01796875
7 0.3921875 0.90234375 0.06328125 0.01796875
6 0.4734375 0.90234375 0.10078125 0.01796875
7 0.6609375 0.90234375 0.2765625 0.01796875
0 0.31875 0.96796875 0.103125 0.02734375
0 0.771875 0.96796875 0.0671875 0.02734375
4 0.1421875 0.0578125 0.23828125 0.0484375
0 0.1421875 0.0578125 0.23828125 0.0484375
7 0.6890625 0.05703125 0.053125 0.02578125
4 0.7265625 0.05625 0.01171875 0.0171875
0 0.78359375 0.0578125 0.05 0.0375
0 0.903125 0.0578125 0.146875 0.053125
4 0.5 0.3765625 1 0.75234375
2 0.5 0.24765625 0.59765625 0.0546875
4 0.5 0.3375 0.0484375 0.06640625
0 0.5 0.3375 0.0484375 0.06640625
7 0.5 0.41328125 0.59765625 0.025
7 0.5 0.4453125 0.59765625 0.02890625
4 0.85859375 0.7203125 0.2203125 0.49765625
4 0.85859375 0.71875 0.16015625 0.375
2 0.32421875 0.68671875 0.5859375 0.04296875
7 0.38984375 0.75390625 0.7171875 0.046875
4 0.1203125 0.834375 0.13203125 0.05234375
4 0.26015625 0.834375 0.13203125 0.05234375
2 0.5 0.98125 0.9375 0.0375