7 0.09296875 0.034375 0.15703125 0.04296875
0 0.01484375 0.0203125 0.0296875 0.040625
4 0.0328125 0.04140625 0.03515625 0.046875
0 0.0328125 0.04140625 0.03515625 0.06015625
0 0.08828125 0.04140625 0.059375 0.05234375
0 0.178125 0.04140625 0.121875 0.05234375
0 0.28046875 0.04140625 0.08515625 0.05234375
0 0.34921875 0.04140625 0.05390625 0.05234375
0 0.41171875 0.04140625 0.0734375 0.05234375
0 0.4734375 0.04140625 0.0515625 0.05234375
0 0.521875 0.04140625 0.04765625 0.05234375
0 0.70078125 0.04140625 0.06328125 0.05234375
4 0.759375 0.040625 0.01640625 0.02109375
0 0.75703125 0.04140625 0.028125 0.07265625
4 0.790625 0.040625 0.01640625 0.02109375
0 0.790625 0.04140625 0.02421875 0.07265625
4 0.821875 0.040625 0.01640625 0.02109375
0 0.821875 0.04140625 0.02421875 0.07265625
4 0.853125 0.040625 0.01640625 0.02109375
0 0.853125 0.04140625 0.02421875 0.07265625
0 0.934375 0.04140625 0.1015625 0.04921875
4 0.8125 0.34609375 0.2828125 0.31796875
2 0.32734375 0.26328125 0.56328125 0.15078125
7 0.32734375 0.4734375 0.56328125 0.228125
0 0.1296875 0.65625 0.16796875 0.07578125
0 0.3078125 0.65625 0.159375 0.07578125
7 0.32734375 0.7296875 0.56328125 0.0328125
4 0.12421875 0.871875 0.1265625 0.13125
0 0.12421875 0.871875 0.1265625 0.13125
6 0.27109375 0.853125 0.1375 0.09140625
0 0.278125 0.928125 0.1515625 0.025