0 0.503125 0.0453125 0.05 0.02890625
0 0.59375 0.0453125 0.078125 0.02890625
0 0.6984375 0.0453125 0.078125 0.02890625
0 0.78828125 0.0453125 0.0484375 0.02890625
0 0.86796875 0.0453125 0.0859375 0.0390625
2 0.76875 0.3125 0.24375 0.10390625
4 0.67890625 0.41875 0.0234375 0.0328125
0 0.79296875 0.41796875 0.29296875 0.0625
7 0.79375 0.41796875 0.14140625 0.03125
7 0.79296875 0.50234375 0.12890625 0.03125
0 0.79296875 0.50234375 0.29296875 0.0625
7 0.72734375 0.56875 0.1625 0.02109375
7 0.846875 0.56875 0.0390625 0.02109375
4 0.87734375 0.56875 0.01640625 0.02109375
7 0.74296875 0.61796875 0.1921875 0.01953125
6 0.8828125 0.61796875 0.0875 0.01953125
7 0.6578125 0.64140625 0.02265625 0.01953125
6 0.70546875 0.64140625 0.0734375 0.01953125
7 0.74375 0.64140625 0.0046875 0.01953125
4 0.68046875 0.98828125 0.5171875 0.0234375