7 0.3234375 0.0328125 0.5765625 0.0234375
6 0.6859375 0.0328125 0.14921875 0.0234375
0 0.953125 0.03125 0.0234375 0.03125
0 0.40625 0.159375 0.0375 0.025
0 0.48828125 0.159375 0.08203125 0.025
0 0.596875 0.159375 0.090625 0.025
0 0.7078125 0.159375 0.08515625 0.025
0 0.8109375 0.159375 0.07734375 0.025
0 0.89765625 0.159375 0.05078125 0.025
4 0.95546875 0.159375 0.01875 0.025
0 0.95546875 0.16171875 0.01875 0.02890625
0 0.43828125 0.0984375 0.059375 0.025
0 0.54765625 0.0984375 0.1234375 0.025
0 0.70234375 0.0984375 0.1484375 0.025
0 0.834375 0.0984375 0.0765625 0.025
0 0.928125 0.0984375 0.07421875 0.025
2 0.840625 0.634375 0.271875 0.140625
0 0.840625 0.675 0.271875 0.22265625
7 0.840625 0.7765625 0.271875 0.01953125
4 0.7234375 0.9453125 0.0359375 0.046875
0 0.78515625 0.94453125 0.16015625 0.0484375
4 0.5 0.53203125 1 0.9359375
4 0.2625 0.1640625 0.525 0.28359375