4 0.11015625 0.0390625 0.071875 0.02890625
0 0.11015625 0.0390625 0.0921875 0.046875
1 0.3 0.0390625 0.265625 0.04453125
2 0.2671875 0.040625 0.1296875 0.0234375
4 0.184375 0.040625 0.015625 0.02109375
4 0.5203125 0.0390625 0.0125 0.015625
4 0.58828125 0.0390625 0.0203125 0.02109375
0 0.62109375 0.0390625 0.1265625 0.046875
7 0.6359375 0.0390625 0.05625 0.015625
4 0.72421875 0.0390625 0.0203125 0.02578125
0 0.7546875 0.0390625 0.1234375 0.046875
7 0.76953125 0.0390625 0.053125 0.015625
7 0.85859375 0.03828125 0.04765625 0.021875
7 0.93125 0.03828125 0.0609375 0.021875
0 0.059375 0.09921875 0.0609375 0.046875
0 0.1546875 0.09921875 0.08984375 0.046875
0 0.259375 0.09921875 0.08203125 0.046875
0 0.3578125 0.09921875 0.07734375 0.046875
0 0.46328125 0.09921875 0.096875 0.046875
0 0.57265625 0.09921875 0.0828125 0.046875
0 0.6859375 0.09921875 0.1046875 0.046875
0 0.79140625 0.09921875 0.06953125 0.046875
0 0.8890625 0.09921875 0.08671875 0.046875
0 0.884375 0.09921875 0.05 0.02109375
0 0.94921875 0.09921875 0.04296875 0.02109375
7 0.38203125 0.90859375 0.271875 0.0234375
6 0.56484375 0.90859375 0.09453125 0.0234375
7 0.6265625 0.90859375 0.028125 0.0234375
6 0.68046875 0.90859375 0.07890625 0.0234375
7 0.496875 0.921875 0.5015625 0.04921875
4 0.765625 0.921875 0.0140625 0.01796875
4 0.84140625 0.16171875 0.07890625 0.10390625
2 0.84140625 0.26171875 0.22734375 0.02890625
7 0.84140625 0.328125 0.22734375 0.078125
4 0.94375 0.10703125 0.0140625 0.01796875
0 0.84140625 0.4296875 0.0984375 0.046875
0 0.840625 0.428125 0.09765625 0.02578125
7 0.4203125 0.17734375 0.2578125 0.02578125
0 0.63359375 0.17734375 0.1109375 0.046875
4 0.96484375 0.17734375 0.0140625 0.01796875
0 0.96484375 0.17734375 0.0390625 0.05234375
2 0.16015625 0.27890625 0.26171875 0.046875
0 0.16015625 0.27890625 0.26171875 0.046875
0 0.7875 0.27890625 0.0875 0.03359375
0 0.86875 0.27890625 0.06640625 0.03359375
0 0.9390625 0.27890625 0.06328125 0.03359375
4 0.17265625 0.475 0.2875 0.25546875
4 0.29609375 0.37109375 0.02421875 0.03125
4 0.48359375 0.47578125 0.31640625 0.25625
4 0.8109375 0.47578125 0.3203125 0.25625
4 0.209375 0.75546875 0.359375 0.27890625
4 0.5359375 0.75546875 0.27734375 0.27890625
4 0.82734375 0.75546875 0.2875 0.27890625
4 0.95078125 0.63984375 0.02421875 0.0328125
7 0.86640625 0.9375 0.178125 0.0234375
4 0.9671875 0.9375 0.0078125 0.01328125
2 0.1 0.99453125 0.140625 0.01015625
0 0.1 0.99453125 0.140625 0.01015625
3 0.5 0.94140625 0.946875 0.1171875
7 0.959375 0.89375 0.0296875 0.021875