4 0.0796875 0.05078125 0.159375 0.0453125
0 0.08046875 0.0515625 0.1609375 0.0453125
6 0.2203125 0.04921875 0.090625 0.046875
6 0.33203125 0.04921875 0.125 0.046875
6 0.4328125 0.04921875 0.06875 0.046875
6 0.51015625 0.04921875 0.07890625 0.046875
6 0.5890625 0.04921875 0.07109375 0.046875
7 0.7109375 0.0484375 0.0453125 0.025
0 0.7125 0.0484375 0.0796875 0.0453125
7 0.790625 0.0484375 0.04375 0.025
0 0.790625 0.0484375 0.075 0.0453125
7 0.94375 0.05 0.03828125 0.021875
0 0.925 0.05 0.15 0.0484375
7 0.490625 0.06015625 0.9484375 0.06484375
7 0.490625 0.1265625 0.9484375 0.06484375
7 0.490625 0.19296875 0.9484375 0.06484375
1 0.4828125 0.125 0.96484375 0.06796875
4 0.98203125 0.12421875 0.0359375 0.0671875
0 0.98203125 0.12421875 0.0359375 0.0671875
4 0.9875 0.125 0.02421875 0.06796875
4 0.5 0.2328125 1 0.125
2 0.04921875 0.34140625 0.0984375 0.02578125
2 0.96953125 0.33984375 0.04375 0.0234375
4 0.99453125 0.4609375 0.0109375 0.0390625
4 0.12109375 0.4609375 0.2421875 0.18203125
4 0.02265625 0.5328125 0.03515625 0.02578125
4 0.31640625 0.4609375 0.13671875 0.18203125
4 0.51484375 0.4609375 0.24921875 0.18203125
4 0.76640625 0.4609375 0.2421875 0.18203125
4 0.946875 0.4609375 0.10625 0.18203125
7 0.0578125 0.640625 0.115625 0.0625
0 0.1359375 0.64140625 0.271875 0.0484375
7 0.18203125 0.64140625 0.13203125 0.05859375
4 0.26015625 0.6421875 0.02421875 0.0328125
2 0.94609375 0.64609375 0.090625 0.0234375
4 0.3609375 0.83671875 0.721875 0.3265625
4 0.8671875 0.77890625 0.265625 0.2109375
0 0.8671875 0.77890625 0.265625 0.2109375
4 0.759375 0.85078125 0.0296875 0.040625
2 0.8671875 0.90546875 0.265625 0.0328125
4 0.74765625 0.9375 0.02421875 0.03359375
0 0.85390625 0.9375 0.2375 0.03359375
7 0.8609375 0.93671875 0.1875 0.025
4 0.965625 0.93671875 0.0140625 0.01953125