4 0.09453125 0.0484375 0.1078125 0.06015625
7 0.34921875 0.04921875 0.38203125 0.03125
1 0.8296875 0.053125 0.25625 0.02890625
7 0.06875 0.13828125 0.05546875 0.02578125
6 0.16875 0.13828125 0.146875 0.02578125
7 0.30546875 0.171875 0.5296875 0.09375
7 0.0625 0.2671875 0.04296875 0.02734375
6 0.12890625 0.2671875 0.08984375 0.02734375
7 0.209375 0.2671875 0.075 0.02734375
6 0.40625 0.2671875 0.3203125 0.02734375
7 0.3109375 0.3015625 0.5390625 0.0953125
6 0.20859375 0.33515625 0.15546875 0.02734375
7 0.33046875 0.33515625 0.090625 0.02734375
6 0.42265625 0.33515625 0.09296875 0.02734375
7 0.4859375 0.33515625 0.0390625 0.02734375
6 0.303125 0.35234375 0.52421875 0.0609375
7 0.11875 0.36875 0.0046875 0.02734375
4 0.7984375 0.28984375 0.3796875 0.3265625
4 0.07734375 0.5953125 0.071875 0.09609375
0 0.178125 0.603125 0.2734375 0.11171875
2 0.221875 0.56875 0.1859375 0.04296875
6 0.221875 0.61171875 0.1859375 0.04453125
4 0.3796875 0.5953125 0.071875 0.09609375
0 0.48046875 0.603125 0.2734375 0.11171875
2 0.52421875 0.56875 0.1859375 0.04296875
6 0.52421875 0.6234375 0.1859375 0.06640625
4 0.07734375 0.759375 0.071875 0.09609375
0 0.178125 0.7671875 0.2734375 0.11171875
2 0.221875 0.7328125 0.1859375 0.04296875
6 0.221875 0.77578125 0.1859375 0.04453125
4 0.3796875 0.759375 0.071875 0.09609375
0 0.48046875 0.7671875 0.2734375 0.11171875
2 0.52421875 0.7328125 0.1859375 0.04296875
6 0.52421875 0.7875 0.1859375 0.06640625
4 0.06875 0.92421875 0.0546875 0.09609375
6 0.13671875 0.9109375 0.04296875 0.01953125
7 0.290625 0.9109375 0.265625 0.01953125
6 0.47578125 0.9109375 0.10625 0.01953125
7 0.3515625 0.925 0.47265625 0.0484375
6 0.28984375 0.9390625 0.07421875 0.01953125
7 0.328125 0.9390625 0.00390625 0.01953125
2 0.8375 0.58828125 0.26640625 0.02890625
7 0.8375 0.6171875 0.26640625 0.02890625
6 0.7375 0.65390625 0.06640625 0.01796875
7 0.80546875 0.65390625 0.06328125 0.01796875
0 0.8140625 0.703125 0.2203125 0.04453125
0 0.7265625 0.8984375 0.1 0.0390625
0 0.8765625 0.8984375 0.078125 0.0390625
0 0.721875 0.95546875 0.090625 0.0390625
0 0.88984375 0.95546875 0.103125 0.0390625