4 0.21875 0.80234375 0.0453125 0.06015625
2 0.53515625 0.8765625 0.5390625 0.24609375
7 0.53515625 0.85 0.5390625 0.09765625
5 0.37421875 0.9203125 0.2171875 0.021875
0 0.31875 0.9546875 0.103125 0.02734375
0 0.759375 0.9546875 0.0921875 0.02734375
6 0.5046875 0.03671875 0.25625 0.03125
0 0.5 0.03671875 1 0.07265625
4 0.0828125 0.1109375 0.1265625 0.046875
0 0.0828125 0.1109375 0.1265625 0.046875
6 0.184375 0.1109375 0.053125 0.06484375
6 0.253125 0.1109375 0.04609375 0.06484375
6 0.3296875 0.1109375 0.06875 0.06484375
6 0.3984375 0.1109375 0.0296875 0.06484375
6 0.46015625 0.1109375 0.0546875 0.06484375
6 0.55 0.1109375 0.0859375 0.06484375
0 0.709375 0.1109375 0.10546875 0.04453125
6 0.80625 0.1109375 0.05078125 0.06484375
6 0.87421875 0.1109375 0.0453125 0.06484375
6 0.94375 0.1109375 0.0546875 0.06484375
4 0.853125 0.6859375 0.29296875 0.3921875
2 0.33515625 0.35390625 0.63125 0.171875
7 0.28046875 0.5328125 0.521875 0.125
7 0.4109375 0.5765625 0.2140625 0.03671875
0 0.109375 0.6890625 0.1796875 0.0765625
7 0.315625 0.68828125 0.109375 0.0296875
0 0.3046875 0.6890625 0.171875 0.0765625
4 0.8296875 0.41328125 0.2984375 0.27734375
0 0.8296875 0.46875 0.30078125 0.38828125
7 0.8296875 0.62578125 0.30078125 0.09765625
7 0.5 0.88125 0.68359375 0.10546875
0 0.18671875 0.9921875 0.284375 0.015625
0 0.5 0.9921875 0.28515625 0.015625
0 0.81328125 0.9921875 0.284375 0.015625