4 0.90546875 0.04296875 0.01953125 0.02578125
0 0.90546875 0.04375 0.05078125 0.0640625
6 0.96484375 0.0328125 0.01953125 0.00546875
0 0.96484375 0.04375 0.05078125 0.0640625
6 0.96484375 0.04296875 0.01953125 0.00546875
6 0.96484375 0.053125 0.01953125 0.00546875
4 0.14375 0.04140625 0.2875 0.0828125
0 0.3 0.04140625 0.6 0.0828125
6 0.33125 0.1703125 0.52421875 0.03671875
2 0.5 0.36796875 0.9765625 0.0375
1 0.5 0.45234375 0.978125 0.084375
1 0.5 0.55625 0.978125 0.084375
1 0.5 0.6609375 0.978125 0.084375
0 0.5140625 0.8640625 0.94921875 0.0328125
0 0.5140625 0.9109375 0.94921875 0.0328125
0 0.5140625 0.959375 0.94921875 0.0328125
0 0.5140625 0.9953125 0.94921875 0.009375
7 0.34140625 0.9515625 0.6515625 0.02734375
6 0.7140625 0.9515625 0.09375 0.02734375
7 0.7625 0.9515625 0.00390625 0.02734375
7 0.846875 0.9515625 0.09765625 0.0234375
0 0.83984375 0.95234375 0.140625 0.053125
7 0.94609375 0.9515625 0.03203125 0.0234375
0 0.9453125 0.95234375 0.0625 0.053125