4 0.075 0.03359375 0.11796875 0.03125
2 0.228125 0.0375 0.0765625 0.0375
2 0.2859375 0.03359375 0.0234375 0.03125
2 0.421875 0.0375 0.1109375 0.0375
2 0.496875 0.03359375 0.0234375 0.03125
0 0.80546875 0.03359375 0.0796875 0.0390625
6 0.9484375 0.0328125 0.0875 0.021875
2 0.5 0.18515625 0.4125 0.1484375
7 0.3390625 0.29140625 0.2015625 0.0234375
0 0.48125 0.2921875 0.0828125 0.025
7 0.5375 0.29140625 0.0296875 0.0234375
0 0.596875 0.2921875 0.08984375 0.025
7 0.64296875 0.29140625 0.003125 0.0234375
4 0.2578125 0.33984375 0.0234375 0.03125
0 0.365625 0.33984375 0.25390625 0.05234375
7 0.3703125 0.33984375 0.19140625 0.02109375
3 0.365625 0.33984375 0.25390625 0.05234375
4 0.5328125 0.33984375 0.01953125 0.02578125
7 0.6328125 0.33984375 0.1875 0.02109375
0 0.634375 0.33984375 0.25390625 0.05234375
7 0.5 0.40625 0.0296875 0.02578125
7 0.3375 0.46171875 0.17578125 0.025
1 0.5 0.46328125 0.5234375 0.0625
4 0.73828125 0.46328125 0.0234375 0.03125
7 0.2828125 0.5359375 0.06640625 0.025
1 0.5 0.5375 0.5234375 0.0625
4 0.73828125 0.5375 0.0234375 0.03125
0 0.5 0.615625 0.171875 0.05234375
7 0.4390625 0.678125 0.1015625 0.0234375
0 0.55078125 0.67890625 0.12109375 0.025
6 0.23046875 0.803125 0.1109375 0.02890625
0 0.5 0.80390625 1 0.0609375
7 0.47734375 0.803125 0.36875 0.021875
6 0.74296875 0.803125 0.1640625 0.021875
2 0.5 0.90625 0.953125 0.0390625
4 0.1421875 0.9734375 0.0625 0.053125
4 0.38125 0.9734375 0.0625 0.053125
4 0.61875 0.9734375 0.0625 0.053125
4 0.8578125 0.9734375 0.0625 0.053125