7 0.4953125 0.03359375 0.92890625 0.04140625
0 0.08828125 0.0953125 0.1140625 0.0484375
6 0.20390625 0.0953125 0.0796875 0.02109375
4 0.115625 0.21484375 0.14921875 0.05703125
0 0.115625 0.21484375 0.14921875 0.05703125
0 0.6453125 0.19296875 0.0671875 0.03671875
0 0.7234375 0.19296875 0.07109375 0.03671875
0 0.80625 0.19296875 0.078125 0.03671875
0 0.8859375 0.19296875 0.0625 0.03671875
0 0.9515625 0.19296875 0.05078125 0.03671875
4 0.809375 0.2359375 0.0234375 0.0171875
0 0.86640625 0.234375 0.0703125 0.015625
7 0.86640625 0.234375 0.0703125 0.015625
7 0.0765625 0.2796875 0.0875 0.0390625
7 0.20703125 0.2796875 0.171875 0.0390625
7 0.340625 0.2796875 0.09296875 0.0390625
7 0.4796875 0.2796875 0.18359375 0.0390625
7 0.6234375 0.2796875 0.10234375 0.0390625
4 0.5 0.55078125 0.9515625 0.47109375
0 0.5 0.55078125 0.9515625 0.47109375
2 0.10703125 0.53125 0.10625 0.05703125
7 0.2390625 0.6109375 0.390625 0.0765625
0 0.2390625 0.634375 0.390625 0.1234375
7 0.2390625 0.665625 0.390625 0.03515625
4 0.9875 0.553125 0.02421875 0.475
0 0.9875 0.553125 0.02421875 0.475
7 0.99765625 0.603125 0.0046875 0.05625
0 0.99765625 0.6265625 0.0046875 0.103125
7 0.99765625 0.64765625 0.0046875 0.03515625
7 0.8609375 0.74375 0.0296875 0.0296875
7 0.89921875 0.74375 0.0296875 0.0296875
7 0.93671875 0.74375 0.028125 0.0296875
7 0.175 0.86328125 0.26640625 0.05234375
6 0.128125 0.878125 0.12578125 0.021875
7 0.16953125 0.9234375 0.2546875 0.11171875
7 0.6484375 0.83828125 0.6265625 0.04453125
0 0.409375 0.88359375 0.14921875 0.021875
4 0.409375 0.953125 0.14921875 0.09375
0 0.56875 0.88359375 0.14921875 0.021875
4 0.56875 0.953125 0.14921875 0.09375
0 0.728125 0.88359375 0.14921875 0.021875
4 0.728125 0.953125 0.14921875 0.09375
0 0.8875 0.88359375 0.14921875 0.021875
4 0.8875 0.953125 0.14921875 0.09375