2 0.5 0.1578125 0.38125 0.04921875
7 0.5 0.3265625 0.38125 0.2484375
6 0.35546875 0.47890625 0.040625 0.02109375
7 0.5140625 0.50390625 0.28046875 0.02109375
6 0.5046875 0.52890625 0.18359375 0.02109375
6 0.515625 0.553125 0.2046875 0.02109375
6 0.365625 0.578125 0.0609375 0.02109375
7 0.53203125 0.603125 0.31640625 0.02578125
6 0.35703125 0.62734375 0.04375 0.02109375
7 0.53203125 0.65234375 0.31640625 0.02578125
6 0.3671875 0.67734375 0.0640625 0.02109375
7 0.53203125 0.7015625 0.31640625 0.02578125
7 0.5 0.79453125 0.38125 0.02578125