4 0.0328125 0.0296875 0.02421875 0.0328125
7 0.49140625 0.0453125 0.9421875 0.0546875
0 0.93515625 0.06328125 0.0890625 0.03515625
0 0.20625 0.12578125 0.096875 0.0640625
0 0.284375 0.12578125 0.05078125 0.0640625
0 0.3484375 0.12578125 0.06953125 0.0640625
0 0.41640625 0.12578125 0.059375 0.0640625
0 0.4734375 0.12578125 0.046875 0.0640625
0 0.5375 0.12734375 0.0734375 0.06796875
7 0.75859375 0.12734375 0.10859375 0.0234375
0 0.7609375 0.12734375 0.14453125 0.06796875
0 0.87421875 0.125 0.03515625 0.05703125
0 0.9125 0.1234375 0.015625 0.0625
7 0.5 0.87109375 1 0.0546875
4 0.496875 0.5328125 0.99375 0.75
2 0.20546875 0.471875 0.2921875 0.0375
7 0.20546875 0.52421875 0.2921875 0.02734375
7 0.14140625 0.5953125 0.1125 0.025
0 0.14921875 0.59375 0.175 0.05234375
0 0.23046875 0.9953125 0.1796875 0.009375
0 0.41015625 0.9953125 0.1796875 0.009375
0 0.58984375 0.9953125 0.1796875 0.009375
0 0.76953125 0.9953125 0.1796875 0.009375