7 0.11171875 0.02578125 0.11015625 0.02578125
7 0.271875 0.02578125 0.13125 0.015625
7 0.43125 0.02578125 0.0953125 0.015625
4 0.14375 0.11796875 0.1625 0.0453125
0 0.14375 0.11796875 0.1625 0.0453125
0 0.3328125 0.1171875 0.0609375 0.03125
0 0.4625 0.1171875 0.15234375 0.03125
7 0.58046875 0.1171875 0.0359375 0.03125
0 0.5921875 0.1171875 0.059375 0.03125
7 0.75859375 0.11796875 0.0828125 0.0328125
0 0.75859375 0.11796875 0.0828125 0.0328125
7 0.846875 0.11796875 0.04765625 0.03515625
0 0.85703125 0.11796875 0.0671875 0.0375
1 0.2453125 0.24453125 0.3890625 0.078125
0 0.46953125 0.24453125 0.06328125 0.078125
4 0.55 0.246875 0.02265625 0.02734375
7 0.59140625 0.24609375 0.04375 0.02578125
0 0.590625 0.24453125 0.103125 0.02109375
4 0.6578125 0.246875 0.034375 0.02734375
7 0.7015625 0.24609375 0.0375 0.02578125
0 0.69375 0.24453125 0.10625 0.02109375
4 0.77109375 0.246875 0.04765625 0.02734375
7 0.821875 0.24609375 0.03828125 0.02578125
0 0.80859375 0.24453125 0.1234375 0.02109375
4 0.88359375 0.246875 0.03125 0.02734375
7 0.92578125 0.24609375 0.0375 0.02578125
0 0.90859375 0.24453125 0.08125 0.02109375
7 0.23125 0.44296875 0.459375 0.03125
7 0.21171875 0.525 0.3421875 0.1328125
0 0.23125 0.675 0.2578125 0.084375
7 0.76796875 0.41953125 0.090625 0.0234375
7 0.76875 0.4609375 0.459375 0.03125
7 0.76875 0.509375 0.30625 0.06015625
7 0.76875 0.57578125 0.1578125 0.06015625
0 0.76875 0.69375 0.23046875 0.084375
7 0.76875 0.76171875 0.459375 0.02578125
7 0.0734375 0.84375 0.065625 0.015625
7 0.0953125 0.8765625 0.109375 0.015625
4 0.04765625 0.99921875 0.0421875 0.0015625
7 0.3265625 0.98359375 0.471875 0.0328125