4 0.05546875 0.0625 0.01640625 0.0234375
0 0.08671875 0.0625 0.0796875 0.0546875
7 0.1875 0.0625 0.0921875 0.02578125
0 0.19765625 0.0625 0.14375 0.0546875
4 0.2453125 0.0625 0.0171875 0.0234375
7 0.32890625 0.0625 0.0890625 0.02578125
4 0.384375 0.0625 0.01640625 0.0234375
0 0.33046875 0.0625 0.12421875 0.0546875
4 0.5 0.05859375 0.134375 0.0546875
0 0.5 0.0625 0.134375 0.0625
7 0.68203125 0.0625 0.08125 0.02578125
0 0.68203125 0.0625 0.1125 0.0546875
7 0.77421875 0.0625 0.03984375 0.02578125
0 0.77421875 0.0625 0.07109375 0.0546875
7 0.88125 0.06171875 0.11015625 0.021875
0 0.88125 0.0625 0.14375 0.04140625
4 0.5 0.39609375 1 0.79140625
4 0.5 0.39609375 1 0.79140625
2 0.36484375 0.26796875 0.6359375 0.125
7 0.36484375 0.37265625 0.6359375 0.04140625
0 0.1421875 0.46875 0.19140625 0.06796875
7 0.5234375 0.63203125 0.953125 0.02734375
4 0.325 0.825 0.0203125 0.334375
0 0.5 0.825 0.90625 0.334375
7 0.5484375 0.715625 0.33671875 0.021875
7 0.5484375 0.78828125 0.33671875 0.084375
6 0.5484375 0.89765625 0.33671875 0.0953125
7 0.834375 0.8140625 0.14375 0.053125