3 0.5 0.06015625 0.7109375 0.1171875
4 0.1859375 0.17265625 0.16796875 0.0484375
0 0.1859375 0.17265625 0.16796875 0.0484375
6 0.365625 0.171875 0.0671875 0.0390625
6 0.4515625 0.171875 0.0640625 0.0390625
6 0.55 0.171875 0.096875 0.0390625
6 0.65078125 0.171875 0.0671875 0.0390625
6 0.746875 0.171875 0.08984375 0.0390625
6 0.8453125 0.171875 0.06953125 0.0390625
6 0.93984375 0.17265625 0.08125 0.02734375
4 0.5 0.559375 1 0.88125
0 0.5 0.515625 1 0.19296875
7 0.43046875 0.640625 0.8609375 0.03125
4 0.19453125 0.96015625 0.23515625 0.0796875
0 0.19453125 0.96015625 0.23515625 0.0796875
4 0.5 0.90546875 0.22265625 0.1890625
0 0.5 0.90546875 0.22265625 0.1890625
3 0.81484375 0.91875 0.29375 0.1625
7 0.9890625 0.5 0.021875 0.11953125