4 0.12265625 0.040625 0.1921875 0.05625
1 0.7046875 0.040625 0.12890625 0.03671875
1 0.64765625 0.07421875 0.0125 0.01796875
5 0.69453125 0.0734375 0.07421875 0.0171875
1 0.8375 0.040625 0.12890625 0.03671875
6 0.7984375 0.07265625 0.04765625 0.015625
1 0.9390625 0.04296875 0.065625 0.04140625
2 0.8171875 0.1265625 0.2734375 0.0234375
1 0.81875 0.1734375 0.275 0.0453125
1 0.81875 0.22578125 0.275 0.0453125
1 0.81875 0.278125 0.275 0.0453125
7 0.853125 0.32265625 0.15 0.02890625
6 0.86484375 0.33046875 0.07109375 0.01328125
7 0.86328125 0.33828125 0.1703125 0.02890625
1 0.721875 0.33203125 0.0828125 0.04921875
7 0.753125 0.4515625 0.09375 0.01796875
4 0.8171875 0.45078125 0.025 0.03359375
4 0.85078125 0.45078125 0.025 0.03359375
4 0.88359375 0.45078125 0.025 0.03359375
4 0.9171875 0.45078125 0.025 0.03359375
7 0.34453125 0.59375 0.57890625 0.0390625
0 0.34453125 0.68203125 0.21953125 0.0546875
6 0.159375 0.75234375 0.1625 0.01796875
6 0.17734375 0.803125 0.1984375 0.04140625
6 0.446875 0.7640625 0.1921875 0.04140625
6 0.4515625 0.8265625 0.20234375 0.04140625
2 0.17578125 0.93515625 0.2734375 0.0234375
7 0.17578125 0.98515625 0.2734375 0.0296875
2 0.48828125 0.93515625 0.2734375 0.0234375
7 0.48828125 0.98515625 0.2734375 0.0296875
2 0.821875 0.53359375 0.29296875 0.0234375
0 0.821875 0.58984375 0.29296875 0.046875
4 0.821875 0.73671875 0.29296875 0.20546875
7 0.6953125 0.86796875 0.0390625 0.0171875
7 0.71953125 0.86796875 0.00859375 0.0171875
7 0.75546875 0.86796875 0.06328125 0.0171875
2 0.821875 0.95390625 0.29296875 0.025
4 0.87109375 0.98984375 0.0265625 0.0203125
4 0.90078125 0.98984375 0.0265625 0.0203125
4 0.92734375 0.98984375 0.0234375 0.0203125
4 0.95546875 0.98984375 0.0265625 0.0203125
6 0.7625 0.99140625 0.17265625 0.0171875