3 0.5 0.01953125 1 0.0390625
2 0.51953125 0.11640625 0.9609375 0.071875
7 0.2734375 0.22109375 0.46484375 0.03125
2 0.146875 0.3234375 0.1921875 0.02734375
2 0.1328125 0.3734375 0.1640625 0.040625
7 0.17734375 0.4265625 0.253125 0.021875
7 0.3890625 0.54609375 0.6765625 0.15234375
7 0.378125 0.68671875 0.65546875 0.07421875
2 0.1046875 0.7796875 0.10859375 0.0328125
7 0.39375 0.85859375 0.68671875 0.0484375
7 0.346875 0.92109375 0.59296875 0.021875
7 0.14140625 0.946875 0.18046875 0.021875
7 0.2703125 0.9734375 0.43828125 0.021875
7 0.08515625 0.99375 0.06875 0.01171875
2 0.890625 0.32421875 0.21875 0.015625
1 0.87421875 0.36015625 0.1859375 0.025
1 0.98359375 0.36015625 0.03203125 0.02734375
2 0.890625 0.42578125 0.21875 0.015625
6 0.846875 0.46015625 0.1015625 0.021875
6 0.86015625 0.4859375 0.128125 0.021875
6 0.84375 0.5125 0.0953125 0.021875
6 0.87265625 0.53828125 0.153125 0.021875
2 0.890625 0.59921875 0.21875 0.015625
7 0.890625 0.64765625 0.21875 0.0328125
6 0.84296875 0.68046875 0.08984375 0.021875
7 0.903125 0.68046875 0.03046875 0.021875
6 0.89765625 0.71953125 0.20390625 0.040625
7 0.92265625 0.728125 0.03046875 0.021875
6 0.89765625 0.7671875 0.20390625 0.040625
7 0.8921875 0.7765625 0.03046875 0.021875
6 0.8984375 0.80625 0.203125 0.021875
7 0.809375 0.825 0.02734375 0.021875
6 0.890625 0.8546875 0.1859375 0.021875
7 0.99140625 0.8546875 0.01640625 0.021875
6 0.89765625 0.89375 0.20390625 0.040625
7 0.87421875 0.903125 0.03046875 0.021875
6 0.89765625 0.9421875 0.20390625 0.040625
7 0.87421875 0.9515625 0.03046875 0.021875
6 0.8890625 0.98515625 0.1859375 0.0296875
7 0.91484375 0.99375 0.02734375 0.01171875