2 0.3609375 0.45546875 0.178125 0.07265625
2 0.5890625 0.45546875 0.27734375 0.07265625
2 0.5 0.5203125 1 0.0328125
0 0.5 0.590625 0.17578125 0.05859375
2 0.25234375 0.8921875 0.48515625 0.05078125
7 0.25234375 0.94453125 0.36796875 0.053125
4 0.74765625 0.87109375 0.215625 0.0859375
7 0.74765625 0.940625 0.36796875 0.053125
4 0.09296875 0.0421875 0.1078125 0.0453125
0 0.09296875 0.0421875 0.1078125 0.0453125
7 0.28203125 0.1078125 0.0671875 0.0234375
0 0.28203125 0.1078125 0.10625 0.05703125
7 0.403125 0.1078125 0.09765625 0.0234375
0 0.403125 0.1078125 0.13671875 0.05703125
7 0.509375 0.1078125 0.0359375 0.0234375
0 0.509375 0.1078125 0.075 0.05703125
7 0.6109375 0.1078125 0.0890625 0.0234375
0 0.6109375 0.1078125 0.128125 0.05703125
7 0.7234375 0.1078125 0.0578125 0.0234375
0 0.7234375 0.1078125 0.096875 0.05703125
7 0.853125 0.0390625 0.0171875 0.0234375
7 0.415625 0.159375 0.0734375 0.021875
6 0.53671875 0.159375 0.16875 0.021875