4 0.49921875 0.38984375 0.99765625 0.56015625
2 0.503125 0.71875 0.39921875 0.04375
7 0.49609375 0.78515625 0.57890625 0.071875
2 0.49609375 0.3875 0.3 0.0765625
7 0.5 0.45078125 0.27734375 0.02890625
4 0.49765625 0.296875 0.04609375 0.0703125
4 0.16015625 0.07109375 0.1203125 0.06953125
0 0.11640625 0.0140625 0.0203125 0.028125
0 0.1390625 0.01640625 0.01796875 0.0296875
0 0.16015625 0.01640625 0.01484375 0.02109375
7 0.26875 0.015625 0.16875 0.02265625
0 0.8640625 0.01484375 0.05625 0.0296875
1 0.7890625 0.075 0.1515625 0.04140625
5 0.73359375 0.07265625 0.03828125 0.03203125
0 0.88203125 0.071875 0.028125 0.04296875
0 0.2578125 0.0703125 0.0375 0.0328125
0 0.30234375 0.07578125 0.04375 0.02734375
0 0.36328125 0.07421875 0.0703125 0.028125
0 0.43203125 0.0734375 0.0703125 0.02890625
0 0.48828125 0.07265625 0.03984375 0.03125
0 0.5421875 0.075 0.07109375 0.0296875
0 0.603125 0.07578125 0.0453125 0.02421875
0 0.65234375 0.07578125 0.053125 0.02734375
2 0.50078125 0.90625 0.10625 0.0609375
0 0.83828125 0.91484375 0.11640625 0.05234375