2 0.32890625 0.0453125 0.5953125 0.0390625
7 0.06171875 0.10703125 0.06171875 0.03359375
6 0.2109375 0.10703125 0.2359375 0.03359375
7 0.32578125 0.1390625 0.5890625 0.09921875
0 0.1703125 0.23984375 0.27734375 0.04921875
0 0.47734375 0.23984375 0.278125 0.04921875
4 0.0484375 0.3296875 0.03515625 0.0390625
0 0.10625 0.3328125 0.14921875 0.0453125
7 0.1265625 0.334375 0.10859375 0.053125
7 0.184375 0.43359375 0.2078125 0.03359375
0 0.27421875 0.434375 0.3890625 0.0328125
7 0.378125 0.43359375 0.18046875 0.03359375
7 0.34375 0.53203125 0.625 0.0328125
7 0.05390625 0.5703125 0.04609375 0.03359375
6 0.1890625 0.5703125 0.2234375 0.03359375
4 0.8125 0.5515625 0.2828125 0.05859375
0 0.0875 0.6296875 0.11328125 0.0328125
2 0.3390625 0.73828125 0.615625 0.06484375
7 0.3390625 0.80625 0.615625 0.0328125
7 0.3390625 0.8390625 0.615625 0.0328125
5 0.10859375 0.90859375 0.12578125 0.05234375
1 0.31875 0.9078125 0.575 0.05234375
0 0.62578125 0.9078125 0.0390625 0.05234375
2 0.82734375 0.721875 0.2734375 0.0328125
6 0.82421875 0.7765625 0.2671875 0.053125
6 0.82265625 0.821875 0.26484375 0.02734375
6 0.75 0.8546875 0.11875 0.02734375
6 0.7234375 0.8875 0.06640625 0.02734375
6 0.765625 0.9203125 0.15 0.02734375