7 0.3578125 0.02265625 0.59296875 0.025
0 0.709375 0.0234375 0.109375 0.02578125
7 0.4875 0.0359375 0.9015625 0.05078125
0 0.2296875 0.04921875 0.0359375 0.02578125
4 0.5 0.11171875 0.91796875 0.0703125
0 0.5 0.11171875 0.91796875 0.0703125
0 0.11875 0.17890625 0.12578125 0.06640625
0 0.278125 0.17890625 0.1921875 0.06640625
0 0.4671875 0.17890625 0.18671875 0.06640625
0 0.6125 0.17890625 0.103125 0.06640625
1 0.7953125 0.18046875 0.1984375 0.0453125
2 0.5 0.50859375 0.6015625 0.13671875
0 0.5 0.65859375 0.1234375 0.06015625
0 0.075 0.48046875 0.15 0.78125
0 0.925 0.48046875 0.15 0.78125
2 0.303125 0.9609375 0.5234375 0.03671875
2 0.815625 0.9609375 0.2875 0.03671875