7 0.5 0.1140625 0.4296875 0.025
3 0.5 0.22109375 0.7109375 0.1171875
1 0.534375 0.0453125 0.93125 0.08984375
7 0.92109375 0.0453125 0.04609375 0.015625
0 0.921875 0.0453125 0.15625 0.08984375
1 0.534375 0.0453125 0.93125 0.08984375
1 0.921875 0.0453125 0.15625 0.08984375
0 0.06953125 0.04453125 0.1390625 0.0890625
0 0.17109375 0.04921875 0.0328125 0.02890625
0 0.2421875 0.04921875 0.0703125 0.02890625
0 0.34296875 0.04921875 0.09453125 0.02890625
0 0.434375 0.04921875 0.05078125 0.02890625
0 0.5046875 0.04921875 0.05 0.02890625
0 0.584375 0.04921875 0.071875 0.02890625
0 0.6625 0.04921875 0.04765625 0.02890625
0 0.19140625 0.1390625 0.03515625 0.02890625
0 0.71171875 0.0453125 0.03984375 0.08984375
7 0.8 0.0453125 0.059375 0.0171875
0 0.78515625 0.0453125 0.109375 0.08984375
6 0.925 0.0375 0.090625 0.01953125
0 0.925 0.0453125 0.14921875 0.08984375
6 0.925 0.05390625 0.0890625 0.0171875
4 0.3125 0.5828125 0.625 0.55625
0 0.3125 0.5828125 0.625 0.55625
7 0.13125 0.56953125 0.19375 0.0171875
2 0.240625 0.68515625 0.4125 0.1875
0 0.2859375 0.6859375 0.52265625 0.1890625
7 0.11796875 0.80390625 0.12421875 0.0171875
2 0.08203125 0.9515625 0.0765625 0.0640625
4 0.17890625 0.94921875 0.078125 0.1015625
0 0.17890625 0.94921875 0.078125 0.1015625
2 0.2921875 0.9515625 0.11015625 0.0921875
0 0.29375 0.9515625 0.15234375 0.0953125
4 0.409375 0.94921875 0.078125 0.1015625
0 0.409375 0.94921875 0.078125 0.1015625
2 0.52265625 0.9515625 0.11015625 0.06875
0 0.52421875 0.9515625 0.15234375 0.071875
7 0.6609375 0.35 0.078125 0.0703125
0 0.6609375 0.35 0.1171875 0.15625
7 0.79296875 0.34609375 0.3359375 0.01328125
4 0.89765625 0.5609375 0.1265625 0.16953125
0 0.89765625 0.5609375 0.1265625 0.16953125
2 0.7359375 0.4953125 0.14453125 0.0796875
0 0.7390625 0.4953125 0.15 0.08203125
7 0.7390625 0.58203125 0.15 0.0703125
7 0.675 0.65390625 0.02265625 0.02109375
4 0.703125 0.83515625 0.078125 0.10546875
0 0.703125 0.83515625 0.078125 0.10546875
2 0.8546875 0.76953125 0.18671875 0.06796875
0 0.8609375 0.76953125 0.19921875 0.0703125
7 0.8609375 0.85 0.19921875 0.0703125
7 0.77265625 0.921875 0.02265625 0.02109375
4 0.5 0.5 1 1
2 0.5 0.28515625 0.05625 0.0390625
7 0.5 0.41171875 0.4390625 0.0390625
7 0.5 0.4640625 0.2640625 0.02734375
1 0.5 0.54921875 0.225 0.05234375
0 0.5 0.61484375 0.225 0.05234375
0 0.5 0.6796875 0.225 0.05234375
7 0.46328125 0.78671875 0.17265625 0.02578125
6 0.5875 0.78671875 0.0703125 0.02578125
0 0.5875 0.78671875 0.0703125 0.02578125