0 0.153125 0.06015625 0.30546875 0.109375
5 0.1515625 0.146875 0.26640625 0.0234375
1 0.06875 0.2046875 0.09375 0.0375
1 0.16484375 0.2046875 0.0734375 0.03359375
1 0.2515625 0.2046875 0.06640625 0.0453125
6 0.42890625 0.06015625 0.109375 0.02890625
6 0.55234375 0.06015625 0.0578125 0.02890625
6 0.64921875 0.06015625 0.05625 0.02890625
0 0.925 0.06015625 0.15 0.109375
6 0.440625 0.1703125 0.13359375 0.025
6 0.42578125 0.20390625 0.103125 0.025
6 0.58125 0.1703125 0.06953125 0.025
6 0.5640625 0.20390625 0.034375 0.025
6 0.68515625 0.1703125 0.059375 0.025
6 0.69140625 0.20390625 0.071875 0.025
1 0.91328125 0.1875 0.1734375 0.06796875
4 0.275 0.46953125 0.55 0.4078125
4 0.775 0.46953125 0.45 0.4078125
4 0.775 0.46953125 0.45 0.4078125
2 0.775 0.4125 0.35234375 0.13046875
0 0.6875 0.553125 0.178125 0.07421875
4 0.89765625 0.553125 0.2046875 0.046875
2 0.20703125 0.77890625 0.21875 0.05703125
4 0.4375 0.784375 0.203125 0.040625
4 0.27109375 0.91875 0.2859375 0.1625
0 0.25546875 0.91875 0.3171875 0.1625
2 0.31171875 0.9453125 0.1671875 0.109375
4 0.1515625 0.9390625 0.10859375 0.12109375
4 0.62265625 0.91875 0.2859375 0.1625
0 0.6078125 0.91875 0.31875 0.1625
2 0.66328125 0.9453125 0.1671875 0.109375
4 0.503125 0.9390625 0.109375 0.12109375
4 0.91484375 0.91875 0.1671875 0.1625
0 0.89921875 0.91875 0.1984375 0.1625
2 0.965625 0.9453125 0.06875 0.109375
4 0.8546875 0.9390625 0.10859375 0.12109375