4 0.87421875 0.0390625 0.0296875 0.0390625
0 0.9375 0.0390625 0.06875 0.0390625
1 0.4859375 0.0375 0.55546875 0.0234375
4 0.80078125 0.0390625 0.0296875 0.0390625
0 0.80078125 0.0390625 0.05859375 0.0390625
2 0.06171875 0.11484375 0.0640625 0.02890625
7 0.25078125 0.115625 0.0859375 0.015625
0 0.25078125 0.11640625 0.103125 0.0375
4 0.8625 0.1171875 0.0078125 0.00546875
0 0.85 0.11640625 0.0703125 0.0375
4 0.94921875 0.1171875 0.0078125 0.00546875
0 0.9359375 0.11640625 0.0703125 0.0375
4 0.1859375 0.18203125 0.0046875 0.01015625
7 0.04609375 0.190625 0.034375 0.01953125
0 0.09453125 0.19140625 0.1625 0.03125
7 0.09453125 0.27734375 0.146875 0.078125
6 0.0734375 0.3703125 0.03984375 0.01953125
7 0.09453125 0.4015625 0.12109375 0.08203125
6 0.0515625 0.50625 0.0359375 0.015625
7 0.075 0.50625 0.0078125 0.015625
6 0.11796875 0.50625 0.08125 0.015625
2 0.6 0.32578125 0.7578125 0.03125
7 0.6 0.35078125 0.7578125 0.01953125
2 0.6 0.40234375 0.7578125 0.03125
7 0.6 0.428125 0.7578125 0.01953125
2 0.6 0.47890625 0.7578125 0.03125
7 0.6 0.5046875 0.7578125 0.01953125
2 0.6 0.55625 0.7578125 0.03125
7 0.6 0.59140625 0.7578125 0.0390625
2 0.6 0.65234375 0.7578125 0.03125
7 0.43359375 0.678125 0.42578125 0.01953125
6 0.65703125 0.678125 0.021875 0.01953125
7 0.66796875 0.678125 0.00390625 0.01953125