6 0.0171875 0.0140625 0.015625 0.02734375
0 0.04765625 0.0140625 0.0328125 0.01953125
6 0.04765625 0.0140625 0.034375 0.01953125
6 0.10703125 0.0140625 0.02421875 0.01953125
6 0.16953125 0.0140625 0.03984375 0.01953125
6 0.2359375 0.0140625 0.03203125 0.01953125
6 0.30234375 0.0140625 0.03828125 0.01953125
6 0.3734375 0.0140625 0.04609375 0.01953125
6 0.4671875 0.0140625 0.0796875 0.01953125
6 0.5609375 0.0140625 0.046875 0.01953125
6 0.63984375 0.0140625 0.05 0.01953125
6 0.7171875 0.0140625 0.04296875 0.01953125
6 0.78671875 0.0140625 0.03828125 0.01953125
6 0.84765625 0.0140625 0.0296875 0.028125
0 0.85546875 0.0140625 0.0453125 0.028125
6 0.87109375 0.01484375 0.015625 0.01953125
0 0.09296875 0.06640625 0.134375 0.04453125
1 0.3078125 0.06640625 0.2453125 0.04453125
1 0.49296875 0.06484375 0.1171875 0.04140625
1 0.6140625 0.06484375 0.1171875 0.04140625
6 0.8140625 0.06640625 0.02265625 0.02890625
0 0.83671875 0.06640625 0.06875 0.02890625
6 0.85078125 0.0703125 0.03984375 0.02890625
6 0.9046875 0.06640625 0.03046875 0.02890625
0 0.9203125 0.06640625 0.0796875 0.0546875
6 0.93828125 0.0703125 0.02421875 0.02890625
6 0.9796875 0.06640625 0.040625 0.0546875
0 0.9796875 0.06640625 0.021875 0.02890625
4 0.5046875 0.49375 0.990625 0.1953125
2 0.21171875 0.44765625 0.38125 0.046875
7 0.24296875 0.4890625 0.44140625 0.021875
7 0.509375 0.4890625 0.0828125 0.021875
6 0.57890625 0.4890625 0.059375 0.021875
0 0.09140625 0.55859375 0.05 0.0234375
7 0.1765625 0.56015625 0.01953125 0.02109375
7 0.29375 0.55859375 0.1296875 0.0234375
0 0.29375 0.55859375 0.1296875 0.0234375
7 0.49140625 0.5578125 0.18046875 0.0453125
6 0.5453125 0.5703125 0.053125 0.02109375
0 0.05390625 0.6453125 0.0875 0.021875
6 0.02421875 0.6953125 0.0296875 0.02578125
6 0.11015625 0.6953125 0.03515625 0.02578125
6 0.03515625 0.7203125 0.05078125 0.02578125
6 0.11640625 0.7203125 0.046875 0.02578125
6 0.02109375 0.74453125 0.02265625 0.02578125
6 0.103125 0.74453125 0.021875 0.02578125
6 0.04375 0.7796875 0.06875 0.0453125
4 0.0390625 0.78125 0.015625 0.02109375
6 0.2546875 0.6546875 0.1125 0.02109375
6 0.25859375 0.68125 0.12109375 0.02109375
6 0.26171875 0.70703125 0.1265625 0.02109375
6 0.25625 0.7328125 0.11640625 0.02109375
6 0.24140625 0.759375 0.08671875 0.02109375
6 0.21875 0.78515625 0.040625 0.02109375
6 0.2609375 0.8109375 0.12578125 0.02109375
6 0.25 0.8375 0.103125 0.02109375
6 0.24609375 0.86328125 0.0953125 0.02109375
6 0.44453125 0.6546875 0.034375 0.02109375
6 0.48515625 0.68125 0.115625 0.02109375
6 0.45390625 0.70703125 0.0515625 0.02109375
6 0.478125 0.7328125 0.10078125 0.02109375
6 0.5015625 0.759375 0.14765625 0.02109375
6 0.48671875 0.78515625 0.11796875 0.02109375
6 0.4515625 0.8109375 0.046875 0.02109375
2 0.27265625 0.9203125 0.1484375 0.025
0 0.365625 0.9078125 0.00078125 0.0015625
4 0.35625 0.92109375 0.0203125 0.02734375
7 0.3671875 0.95625 0.3375 0.0453125
7 0.24375 0.98828125 0.0921875 0.02109375
7 0.2953125 0.98828125 0.0046875 0.02109375