4 0.10078125 0.0421875 0.1484375 0.0328125
6 0.9265625 0.1265625 0.10078125 0.0234375
7 0.0578125 0.12421875 0.06953125 0.03515625
7 0.15546875 0.1234375 0.05546875 0.021875
4 0.1984375 0.1234375 0.02421875 0.03125
0 0.16953125 0.125 0.0828125 0.08359375
6 0.26796875 0.1234375 0.04375 0.0625
6 0.35859375 0.1234375 0.06640625 0.0625
6 0.453125 0.1234375 0.053125 0.0625
7 0.5484375 0.1234375 0.0671875 0.021875
4 0.596875 0.1234375 0.02421875 0.03125
0 0.56171875 0.125 0.09453125 0.08359375
0 0.7640625 0.04140625 0.1421875 0.05703125
0 0.91328125 0.04140625 0.12578125 0.05703125
7 0.440625 0.19375 0.7265625 0.02109375
0 0.5 0.19375 1 0.0546875
7 0.86875 0.19375 0.1078125 0.02890625
4 0.5 0.3453125 0.1625 0.040625
2 0.2984375 0.46171875 0.1703125 0.12109375
2 0.41484375 0.46171875 0.028125 0.12109375
2 0.440625 0.46171875 0.0265625 0.12109375
2 0.47421875 0.46171875 0.0421875 0.12109375
2 0.52734375 0.46171875 0.0640625 0.12109375
2 0.5953125 0.46171875 0.040625 0.12109375
2 0.63671875 0.46171875 0.04296875 0.12109375
2 0.6890625 0.46171875 0.0640625 0.12109375
2 0.74140625 0.46171875 0.040625 0.12109375
2 0.77109375 0.46171875 0.01875 0.12109375
7 0.5 0.55625 0.4671875 0.03515625
0 0.5 0.6453125 0.15234375 0.06640625
4 0.5 0.890625 0.94140625 0.21875