7 0.071875 0.0140625 0.0765625 0.01953125
3 0.5 0.19375 0.946875 0.32578125
4 0.81484375 0.45 0.28828125 0.1234375
0 0.81484375 0.45 0.28828125 0.1234375
7 0.184375 0.403125 0.2859375 0.03515625
7 0.184375 0.43671875 0.2859375 0.025
7 0.090625 0.4796875 0.0765625 0.025
0 0.1015625 0.48203125 0.12109375 0.04140625
4 0.1453125 0.48203125 0.03125 0.04140625
7 0.21796875 0.4796875 0.06875 0.025
0 0.228125 0.48203125 0.11328125 0.04140625
4 0.26875 0.48203125 0.03125 0.04140625
0 0.48984375 0.40390625 0.09296875 0.04453125
4 0.5609375 0.40390625 0.01875 0.0234375
0 0.5859375 0.4046875 0.08203125 0.0453125
7 0.596875 0.403125 0.04765625 0.025
4 0.6421875 0.40390625 0.01875 0.0234375
0 0.67265625 0.4046875 0.09375 0.0453125
7 0.68046875 0.403125 0.0515625 0.025
7 0.90546875 0.403125 0.0765625 0.025
0 0.909375 0.40390625 0.0953125 0.04453125
0 0.0921875 0.5625 0.140625 0.0546875
0 0.22734375 0.5625 0.13125 0.0546875
0 0.35859375 0.5625 0.13125 0.0546875
0 0.4890625 0.5625 0.13125 0.0546875
0 0.6203125 0.5625 0.13125 0.0546875
7 0.721875 0.5578125 0.053125 0.03515625
0 0.7234375 0.5625 0.0765625 0.0546875
0 0.05078125 0.6171875 0.02734375 0.0546875
0 0.121875 0.6171875 0.1140625 0.0546875
0 0.20390625 0.6171875 0.05 0.0546875
0 0.2765625 0.6171875 0.096875 0.0546875
0 0.35234375 0.6171875 0.0546875 0.0546875
0 0.42109375 0.6171875 0.08203125 0.0546875
0 0.4953125 0.6171875 0.0671875 0.0546875
0 0.54921875 0.6171875 0.03984375 0.0546875
0 0.6 0.6171875 0.0609375 0.0546875
2 0.5 0.83046875 1 0.33828125
2 0.109375 0.69375 0.13671875 0.03125
0 0.1109375 0.69375 0.140625 0.0390625
7 0.07890625 0.7296875 0.0765625 0.02734375
7 0.128125 0.7296875 0.01640625 0.02734375
7 0.15703125 0.7296875 0.034375 0.02734375
7 0.19609375 0.7296875 0.0390625 0.02734375
2 0.1765625 0.80390625 0.2703125 0.0453125
2 0.33515625 0.825 0.5890625 0.0875
4 0.3828125 0.94765625 0.68359375 0.10390625
4 0.8515625 0.8609375 0.21484375 0.171875
2 0.7671875 0.9625 0.0359375 0.0328125
2 0.84765625 0.9734375 0.196875 0.053125
2 0.3828125 0.625 0.68359375 0.0546875
7 0.0859375 0.66875 0.08984375 0.02734375
0 0.16875 0.66953125 0.0671875 0.03359375
7 0.3625 0.7015625 0.6421875 0.09375
7 0.153125 0.778125 0.225 0.02734375
0 0.325 0.77890625 0.11015625 0.02890625
7 0.39921875 0.778125 0.03046875 0.02734375
0 0.46875 0.77890625 0.1015625 0.02890625
7 0.353125 0.79453125 0.62421875 0.06015625
7 0.178125 0.853125 0.23515625 0.02734375
0 0.16640625 0.853125 0.25859375 0.0328125
7 0.4 0.8859375 0.6484375 0.0328125
7 0.4 0.91875 0.6484375 0.0328125
7 0.4 0.9515625 0.6484375 0.0328125
7 0.4 0.98359375 0.6484375 0.0328125
7 0.096875 0.8859375 0.071875 0.02734375
0 0.08515625 0.8859375 0.0953125 0.0328125
7 0.4 0.91875 0.6484375 0.0328125
7 0.4 0.9515625 0.6484375 0.0328125
7 0.4 0.98359375 0.6484375 0.0328125
7 0.1515625 0.95703125 0.125 0.03359375
0 0.13828125 0.95703125 0.19453125 0.05703125
4 0.06796875 0.95703125 0.02265625 0.02890625
0 0.2984375 0.95703125 0.1046875 0.05703125