4 0.02734375 0.03671875 0.04296875 0.05703125
4 0.9703125 0.0234375 0.0203125 0.00546875
0 0.9703125 0.03515625 0.059375 0.0703125
4 0.9703125 0.03515625 0.0203125 0.00546875
4 0.9703125 0.046875 0.0203125 0.00546875
0 0.9109375 0.03515625 0.05859375 0.0703125
0 0.85234375 0.03515625 0.05859375 0.0703125
7 0.7921875 0.03671875 0.01875 0.01796875
0 0.79375 0.03515625 0.05859375 0.0703125
6 0.5 0.13359375 0.40625 0.021875
3 0.5 0.446875 1 0.48671875
0 0.5 0.446875 1 0.48671875
4 0.5 0.82734375 0.946875 0.14453125
7 0.43125 0.9515625 0.809375 0.0703125
7 0.9421875 0.93203125 0.053125 0.015625
0 0.93671875 0.93203125 0.084375 0.03125