0 0.08515625 0.0234375 0.1 0.046875
0 0.1765625 0.0234375 0.08125 0.046875
7 0.2421875 0.02421875 0.03515625 0.01953125
0 0.24921875 0.0234375 0.065625 0.046875
7 0.2390625 0.053125 0.028125 0.01953125
0 0.31875 0.0234375 0.07421875 0.046875
0 0.39609375 0.0234375 0.0828125 0.046875
0 0.50078125 0.0234375 0.12890625 0.046875
0 0.79375 0.0234375 0.08515625 0.046875
4 0.85625 0.0265625 0.0234375 0.0296875
0 0.85625 0.0234375 0.0390625 0.046875
4 0.9046875 0.0265625 0.0234375 0.0296875
0 0.9046875 0.0234375 0.0390625 0.046875
4 0.94453125 0.0265625 0.0234375 0.0296875
0 0.94453125 0.0234375 0.0390625 0.046875
7 0.1515625 0.11875 0.2328125 0.1234375
4 0.5234375 0.1 0.36328125 0.0859375
7 0.5 0.1671875 0.36328125 0.02734375
3 0.88671875 0.115625 0.15625 0.1171875
0 0.0578125 0.2171875 0.04609375 0.04453125
0 0.13203125 0.2171875 0.10234375 0.04453125
0 0.2234375 0.2171875 0.07890625 0.04453125
0 0.2921875 0.2171875 0.05859375 0.04453125
0 0.3578125 0.2171875 0.0734375 0.04453125
0 0.421875 0.2171875 0.0546875 0.04453125
0 0.51015625 0.2171875 0.121875 0.04453125
0 0.6296875 0.2171875 0.1171875 0.04453125
0 0.72109375 0.2171875 0.065625 0.04453125
0 0.071875 0.26171875 0.07421875 0.04453125
0 0.16484375 0.26171875 0.11015625 0.04453125
0 0.2453125 0.26171875 0.05078125 0.04453125
0 0.31328125 0.26171875 0.0859375 0.04453125
0 0.38046875 0.26171875 0.04765625 0.04453125
0 0.42890625 0.26171875 0.0484375 0.04453125
0 0.48671875 0.26171875 0.0671875 0.04453125
0 0.55234375 0.26171875 0.06328125 0.04453125
0 0.61015625 0.26171875 0.0515625 0.04453125
0 0.66484375 0.26171875 0.05859375 0.04453125
0 0.74140625 0.26171875 0.09375 0.04453125
4 0.85703125 0.215625 0.0125 0.0171875
0 0.9015625 0.21796875 0.12578125 0.0375
7 0.909375 0.2171875 0.08671875 0.0234375
7 0.065625 0.2703125 0.053125 0.01953125
0 0.0734375 0.27109375 0.0765625 0.04921875
4 0.1 0.26796875 0.01171875 0.015625
0 0.17265625 0.27109375 0.121875 0.04921875
0 0.28515625 0.27109375 0.103125 0.04921875
0 0.39609375 0.27109375 0.1203125 0.04921875
0 0.51796875 0.27109375 0.12578125 0.04921875
0 0.0671875 0.3203125 0.0640625 0.04921875
7 0.66953125 0.2671875 0.04609375 0.0234375
7 0.7234375 0.2671875 0.06328125 0.0234375
7 0.80390625 0.2671875 0.06953125 0.0234375
7 0.86953125 0.2671875 0.06328125 0.0234375
6 0.93359375 0.2671875 0.03515625 0.02109375
3 0.50859375 0.52109375 0.946875 0.32578125
2 0.13828125 0.74609375 0.20625 0.01796875
4 0.065625 0.81328125 0.06171875 0.0609375
0 0.065625 0.81484375 0.06171875 0.06484375
2 0.1765625 0.81796875 0.1390625 0.0703125
4 0.30546875 0.81328125 0.06171875 0.0609375
0 0.30546875 0.81484375 0.06171875 0.06484375
7 0.37421875 0.7984375 0.04765625 0.015625
2 0.409375 0.8515625 0.12578125 0.0703125
4 0.5453125 0.81328125 0.06171875 0.0609375
0 0.5453125 0.81484375 0.06171875 0.06484375
7 0.61484375 0.7984375 0.04765625 0.015625
2 0.6421875 0.86328125 0.1109375 0.09375
4 0.784375 0.81328125 0.06171875 0.0609375
0 0.784375 0.81484375 0.06171875 0.06484375
2 0.8921875 0.8296875 0.1328125 0.09375
7 0.08046875 0.97890625 0.06328125 0.01796875
2 0.50078125 0.98203125 0.2109375 0.0359375
3 0.8015625 0.9984375 0.29375 0.00234375
7 0.4171875 0.9421875 0.7625 0.06875
6 0.2140625 0.9671875 0.08671875 0.01953125
7 0.259375 0.9671875 0.003125 0.01953125
0 0.89921875 0.925 0.11796875 0.040625