4 0.5 0.5 1 1
4 0.040625 0.0453125 0.0234375 0.03359375
0 0.040625 0.0453125 0.0234375 0.03359375
6 0.58828125 0.0453125 0.028125 0.02890625
6 0.6578125 0.0453125 0.0546875 0.02890625
6 0.7359375 0.0453125 0.04375 0.02890625
0 0.8453125 0.0453125 0.0890625 0.03359375
0 0.9296875 0.0453125 0.053125 0.03359375
1 0.30625 0.0453125 0.44921875 0.05234375
0 0.128125 0.0453125 0.08984375 0.04921875
4 0.77265625 0.378125 0.45390625 0.41796875
2 0.275 0.27109375 0.46875 0.203125
2 0.22578125 0.4734375 0.3703125 0.03515625
2 0.4359375 0.4734375 0.05 0.03515625
2 0.4828125 0.4734375 0.046875 0.03515625
2 0.08203125 0.51875 0.08203125 0.03515625
2 0.14921875 0.51875 0.053125 0.03515625
2 0.20625 0.51875 0.0625 0.03515625
2 0.26328125 0.51875 0.05390625 0.03515625
2 0.31953125 0.51875 0.06328125 0.03515625
2 0.2515625 0.54140625 0.421875 0.08046875
2 0.5 0.771875 0.70703125 0.05703125
4 0.5625 0.95859375 0.69375 0.0828125