2 0.609375 0.04453125 0.75 0.046875
6 0.28984375 0.12734375 0.078125 0.0234375
7 0.334375 0.12734375 0.0125 0.0234375
6 0.390625 0.12734375 0.1015625 0.0234375
7 0.44765625 0.12734375 0.0125 0.0234375
6 0.5015625 0.12734375 0.09765625 0.0234375
7 0.55625 0.12734375 0.0125 0.0234375
6 0.59765625 0.12734375 0.071875 0.0234375
7 0.63828125 0.12734375 0.0125 0.0234375
6 0.68515625 0.12734375 0.0828125 0.0234375
7 0.7328125 0.12734375 0.0125 0.0234375
6 0.7796875 0.12734375 0.08203125 0.0234375
2 0.3609375 0.2203125 0.253125 0.03515625
3 0.609375 0.3453125 0.75 0.1578125
2 0.278125 0.478125 0.0875 0.03515625
4 0.9140625 0.6359375 0.12890625 0.1734375
6 0.903125 0.75234375 0.10078125 0.046875
7 0.29609375 0.5390625 0.12421875 0.0234375
7 0.51640625 0.6015625 0.56328125 0.1484375
7 0.3390625 0.70546875 0.21015625 0.0234375
7 0.509375 0.73671875 0.55 0.0859375
6 0.6265625 0.76796875 0.08125 0.0234375
7 0.5140625 0.78359375 0.559375 0.0546875
7 0.3453125 0.84140625 0.22265625 0.0234375
7 0.475 0.84140625 0.03828125 0.0234375
0 0.57890625 0.84140625 0.171875 0.0234375
7 0.67734375 0.84140625 0.0265625 0.0234375
0 0.771875 0.84140625 0.16328125 0.0234375
7 0.60078125 0.85703125 0.7328125 0.0546875
0 0.71640625 0.87265625 0.09453125 0.0234375
7 0.6078125 0.90390625 0.74609375 0.0859375
0 0.44140625 0.93515625 0.178125 0.0234375
7 0.565625 0.93515625 0.07421875 0.0234375
7 0.3078125 0.9765625 0.14765625 0.0234375
7 0.59921875 0.98203125 0.7296875 0.0359375
6 0.6296875 0.99765625 0.05625 0.0046875
7 0.59609375 0.99765625 0.7234375 0.0046875
4 0.07109375 0.0625 0.12578125 0.10390625
2 0.0546875 0.1484375 0.09375 0.02109375
1 0.1 0.1859375 0.18359375 0.02734375
6 0.08125 0.23046875 0.10078125 0.0234375
6 0.07109375 0.26171875 0.0796875 0.0234375
6 0.06484375 0.29296875 0.0671875 0.0234375
6 0.0640625 0.32421875 0.06640625 0.0234375
6 0.0703125 0.35546875 0.078125 0.0234375
7 0.10234375 0.41796875 0.18828125 0.046875
1 0.04375 0.46484375 0.071875 0.02890625
6 0.07265625 0.50234375 0.0828125 0.0234375
2 0.06015625 0.55234375 0.1046875 0.02109375
6 0.0625 0.5859375 0.0625 0.0234375
6 0.05625 0.6171875 0.05078125 0.0234375
6 0.0578125 0.6484375 0.053125 0.0234375
4 0.06171875 0.709375 0.1078125 0.04296875