4 0.1390625 0.0640625 0.1953125 0.08203125
0 0.1390625 0.0640625 0.1953125 0.08203125
7 0.6890625 0.0640625 0.059375 0.0234375
0 0.6890625 0.0640625 0.09453125 0.06640625
7 0.77421875 0.0640625 0.040625 0.0234375
0 0.77421875 0.0640625 0.0765625 0.06640625
7 0.89453125 0.0640625 0.0609375 0.021875
0 0.89453125 0.0640625 0.12890625 0.0609375
2 0.284375 0.36796875 0.4875 0.275
7 0.284375 0.6046875 0.4875 0.11875
0 0.11328125 0.740625 0.14453125 0.071875
4 0.74375 0.50390625 0.4328125 0.59140625
7 0.303125 0.95859375 0.52421875 0.02578125
6 0.61484375 0.95859375 0.0984375 0.02578125
0 0.909375 0.95859375 0.0984375 0.04140625