4 0.140625 0.0390625 0.2421875 0.05234375
0 0.140625 0.0390625 0.2421875 0.05234375
4 0.64140625 0.0390625 0.01875 0.02578125
4 0.6796875 0.0390625 0.01953125 0.02578125
0 0.6796875 0.0390625 0.01953125 0.02578125
4 0.71875 0.0390625 0.01953125 0.02578125
0 0.71875 0.0390625 0.01953125 0.02578125
0 0.85 0.0390625 0.1640625 0.04921875
4 0.9703125 0.0390625 0.046875 0.07578125
0 0.03515625 0.10625 0.0546875 0.0296875
0 0.1078125 0.10625 0.03125 0.0296875
0 0.16015625 0.10625 0.015625 0.0296875
0 0.2203125 0.10625 0.046875 0.0296875
0 0.296875 0.10625 0.046875 0.0296875
0 0.38125 0.10625 0.0625 0.0296875
0 0.484375 0.10625 0.0859375 0.0296875
0 0.5765625 0.10625 0.0390625 0.0296875
0 0.6484375 0.10625 0.046875 0.0296875
0 0.7203125 0.10625 0.0390625 0.0296875
0 0.796875 0.10625 0.0546875 0.0296875
0 0.88125 0.10625 0.0546875 0.0296875
0 0.96484375 0.10625 0.0546875 0.0296875
4 0.36796875 0.1640625 0.025 0.03359375
0 0.5 0.1640625 1 0.06015625
7 0.5171875 0.1640625 0.2546875 0.03359375
2 0.25 0.28984375 0.5 0.1890625
4 0.25 0.5796875 0.5 0.390625
0 0.25 0.5796875 0.5 0.390625
0 0.4390625 0.7265625 0.0828125 0.04453125
4 0.04375 0.83359375 0.0484375 0.06484375
0 0.04375 0.83359375 0.0484375 0.06484375
2 0.146875 0.81875 0.1171875 0.02578125
2 0.146875 0.85078125 0.1171875 0.021875
7 0.44453125 0.81875 0.07109375 0.0296875
7 0.44453125 0.8484375 0.07109375 0.0296875
2 0.75 0.2671875 0.5 0.14296875
4 0.75 0.5796875 0.5 0.390625
0 0.75 0.5796875 0.5 0.390625
0 0.9078125 0.7265625 0.1453125 0.04453125
4 0.54453125 0.83359375 0.05 0.06484375
0 0.54453125 0.83359375 0.05 0.06484375
2 0.61796875 0.81875 0.059375 0.02578125
2 0.61796875 0.85078125 0.059375 0.021875
7 0.94921875 0.81875 0.0625 0.0296875
7 0.94921875 0.8484375 0.0625 0.0296875
2 0.16640625 0.946875 0.3328125 0.1015625
2 0.5 0.946875 0.334375 0.1015625
2 0.83359375 0.94609375 0.3328125 0.1078125
7 0.21875 0.7453125 0.359375 0.025
7 0.2140625 0.790625 0.35 0.02109375
7 0.2109375 0.82734375 0.34375 0.0453125
6 0.27890625 0.83984375 0.221875 0.02109375
7 0.39453125 0.83984375 0.009375 0.02109375
7 0.20234375 0.8890625 0.3265625 0.0703125
6 0.34453125 0.9140625 0.08203125 0.02109375
7 0.38671875 0.9140625 0.00390625 0.02109375
0 0.421875 0.740625 0.046875 0.0625