4 0.5 0.071875 0.7109375 0.1171875
4 0.07734375 0.23359375 0.084375 0.103125
2 0.50234375 0.2390625 0.63203125 0.1546875
0 0.0640625 0.35703125 0.0578125 0.04140625
0 0.140625 0.35703125 0.05078125 0.04140625
0 0.253125 0.35703125 0.1296875 0.04140625
0 0.3734375 0.35703125 0.0640625 0.04140625
0 0.5109375 0.35703125 0.165625 0.04140625
0 0.65234375 0.35703125 0.07421875 0.04140625
0 0.74609375 0.35703125 0.06875 0.04140625
5 0.9078125 0.36015625 0.11328125 0.0375
4 0.0078125 0.5875 0.015625 0.32578125
0 0.0078125 0.65625 0.015625 0.46328125
2 0.0078125 0.82578125 0.015625 0.125
7 0.00546875 0.9578125 0.0109375 0.084375
4 0.3390625 0.5875 0.6078125 0.32578125
0 0.3390625 0.63515625 0.6078125 0.421875
2 0.3390625 0.8046875 0.6078125 0.08359375
6 0.3375 0.93671875 0.6046875 0.1265625
4 0.83125 0.5875 0.3375 0.32578125
0 0.83125 0.63515625 0.3375 0.421875
2 0.83125 0.8046875 0.3375 0.08359375
6 0.83125 0.93671875 0.3375 0.1265625
4 0.8125 0.5875 0.29296875 0.32578125
3 0.8125 0.90625 0.29296875 0.1875
7 0.4328125 0.92890625 0.8296875 0.025
6 0.45078125 0.94140625 0.86640625 0.04921875
0 0.9390625 0.9546875 0.0390625 0.053125