7 0.33203125 0.04296875 0.61328125 0.0234375
0 0.67890625 0.04375 0.08203125 0.040625
0 0.9421875 0.04453125 0.096875 0.06796875
4 0.0765625 0.16484375 0.1328125 0.17578125
2 0.2484375 0.1578125 0.19453125 0.0546875
2 0.27734375 0.19765625 0.2515625 0.02578125
6 0.24921875 0.28203125 0.0375 0.025
6 0.32734375 0.28203125 0.0578125 0.025
6 0.42421875 0.28203125 0.0734375 0.025
6 0.565625 0.28203125 0.146875 0.025
6 0.6859375 0.28203125 0.03203125 0.025
6 0.75703125 0.28203125 0.046875 0.025
7 0.2328125 0.3796875 0.4046875 0.053125
7 0.1359375 0.4359375 0.21171875 0.02578125
7 0.2328125 0.47890625 0.4046875 0.0234375
7 0.2328125 0.509375 0.4046875 0.0234375
7 0.2328125 0.5390625 0.4046875 0.0234375
6 0.23203125 0.61796875 0.22578125 0.0296875
0 0.2328125 0.62734375 0.2890625 0.07578125
7 0.2328125 0.6375 0.08203125 0.01953125
7 0.178125 0.696875 0.0046875 0.02734375
6 0.2328125 0.69765625 0.10546875 0.02578125
7 0.28671875 0.696875 0.0046875 0.02734375
7 0.2328125 0.76796875 0.4046875 0.03671875
4 0.71953125 0.59296875 0.49375 0.475
7 0.4796875 0.36875 0.0140625 0.02578125
7 0.490625 0.36875 0.009375 0.02578125
7 0.01796875 0.87734375 0.01640625 0.02578125
6 0.0984375 0.878125 0.1453125 0.025
7 0.178125 0.87734375 0.01640625 0.02578125
6 0.2296875 0.878125 0.0875 0.025
7 0.28046875 0.87734375 0.01640625 0.02578125
6 0.33984375 0.878125 0.103125 0.025
7 0.88203125 0.87734375 0.0703125 0.02578125
6 0.9546875 0.878125 0.0703125 0.025
7 0.5 0.93203125 0.11875 0.02578125
3 0.5046875 0.9796875 0.7109375 0.040625