4 0.8734375 0.0390625 0.03046875 0.0390625
0 0.93671875 0.0390625 0.06953125 0.0390625
4 0.03515625 0.03671875 0.0234375 0.03125
0 0.03515625 0.03671875 0.046875 0.0625
4 0.5 0.38515625 1 0.7703125
4 0.5 0.38515625 1 0.7703125
4 0.76328125 0.71875 0.03203125 0.04140625
7 0.88515625 0.71875 0.1828125 0.02109375
7 0.3125 0.34140625 0.4375 0.13515625
7 0.3125 0.45546875 0.4375 0.07265625
4 0.134375 0.62734375 0.02421875 0.03125
0 0.134375 0.62734375 0.07890625 0.10390625
7 0.134375 0.7265625 0.08125 0.02109375
4 0.2640625 0.62734375 0.02421875 0.03125
0 0.2640625 0.62734375 0.07890625 0.10390625
7 0.26484375 0.7265625 0.0875 0.02109375
4 0.39375 0.62734375 0.02421875 0.03125
0 0.39375 0.62734375 0.07890625 0.10390625
7 0.39375 0.7265625 0.07890625 0.02109375
4 0.92578125 0.85390625 0.0234375 0.03125
7 0.1359375 0.8125 0.084375 0.02109375
4 0.20390625 0.8140625 0.02421875 0.0328125
7 0.246875 0.8125 0.05546875 0.02109375
4 0.3078125 0.8140625 0.02421875 0.0328125
7 0.3578125 0.8125 0.06875 0.02109375
4 0.4265625 0.8140625 0.02421875 0.0328125
7 0.46796875 0.8125 0.05390625 0.02109375
7 0.509375 0.8125 0.01171875 0.02109375
7 0.6 0.8125 0.1484375 0.02109375
4 0.69765625 0.8140625 0.02421875 0.0328125
7 0.73828125 0.8125 0.05078125 0.02109375
4 0.21484375 0.9890625 0.4296875 0.021875