7 0.5 0.1546875 0.625 0.05234375
4 0.840625 0.15703125 0.02265625 0.0296875
3 0.5 0.50625 0.625 0.625
3 0.5 0.0796875 0.946875 0.1171875
4 0.0515625 0.22578125 0.025 0.040625
0 0.0515625 0.2203125 0.025 0.05234375
4 0.159375 0.2203125 0.0703125 0.05234375
0 0.15859375 0.23125 0.06953125 0.053125
6 0.76640625 0.225 0.0671875 0.053125
7 0.8453125 0.2359375 0.04609375 0.0296875
0 0.86328125 0.2203125 0.08203125 0.05234375
4 0.953125 0.23046875 0.0234375 0.03125
0 0.94140625 0.2203125 0.0390625 0.05234375
2 0.3328125 0.4609375 0.3828125 0.25234375
7 0.33359375 0.634375 0.45234375 0.05234375
7 0.33359375 0.69296875 0.17109375 0.0234375
4 0.33359375 0.87578125 0.6203125 0.2484375
0 0.33359375 0.87578125 0.6203125 0.2484375
2 0.825 0.38046875 0.2484375 0.09375
6 0.7546875 0.4546875 0.10625 0.01953125
7 0.859375 0.4546875 0.09765625 0.01953125
7 0.82421875 0.465625 0.24609375 0.0453125
7 0.84296875 0.4765625 0.10078125 0.0234375
7 0.8234375 0.4875 0.2453125 0.0453125
2 0.80546875 0.66328125 0.209375 0.0640625
6 0.77890625 0.7234375 0.15546875 0.01953125
7 0.9078125 0.7234375 0.09765625 0.01953125
7 0.740625 0.74453125 0.078125 0.0234375
2 0.80390625 0.92421875 0.20625 0.09375
6 0.77265625 0.99453125 0.14375 0.01015625
7 0.8953125 0.99453125 0.09765625 0.01015625
7 0.83125 0.99296875 0.2625 0.0140625