7 0.63125 0.009375 0.253125 0.01875
0 0.2703125 0.02109375 0.46875 0.04140625
6 0.628125 0.02109375 0.0828125 0.02109375
6 0.709375 0.02109375 0.03828125 0.02109375
1 0.83515625 0.021875 0.1875 0.03515625
0 0.94140625 0.02109375 0.025 0.03359375
4 0.14140625 0.0796875 0.2015625 0.04453125
7 0.303125 0.065625 0.1015625 0.01953125
6 0.37890625 0.065625 0.05078125 0.01953125
6 0.27734375 0.08515625 0.05078125 0.01953125
6 0.4375 0.08515625 0.25390625 0.01953125
1 0.18359375 0.1484375 0.275 0.03359375
4 0.33671875 0.146875 0.03046875 0.03125
0 0.3734375 0.1484375 0.0234375 0.03125
6 0.78046875 0.1484375 0.08203125 0.0546875
6 0.875 0.1484375 0.046875 0.0546875
0 0.94140625 0.1484375 0.0453125 0.0546875
0 0.0765625 0.20078125 0.0796875 0.04921875
0 0.15 0.20078125 0.06640625 0.04921875
0 0.21796875 0.20078125 0.06640625 0.04921875
0 0.28515625 0.20078125 0.06640625 0.04921875
0 0.35234375 0.20078125 0.06640625 0.04921875
0 0.446875 0.20078125 0.12109375 0.04921875
0 0.5625 0.20078125 0.1078125 0.04921875
0 0.65 0.20078125 0.06640625 0.04921875
0 0.0703125 0.2515625 0.04296875 0.05234375
6 0.12890625 0.2515625 0.02734375 0.05234375
6 0.1875 0.2515625 0.02734375 0.05234375
6 0.24609375 0.2515625 0.02734375 0.05234375
6 0.31875 0.2515625 0.0546875 0.05234375
6 0.4046875 0.2515625 0.0546875 0.05234375
6 0.4765625 0.2515625 0.02734375 0.05234375
6 0.53515625 0.2515625 0.02734375 0.05234375
6 0.60078125 0.2515625 0.040625 0.05234375
6 0.665625 0.2515625 0.02734375 0.05234375
6 0.9 0.2515625 0.0953125 0.05234375
7 0.165625 0.3078125 0.19609375 0.021875
0 0.22421875 0.3078125 0.34296875 0.0375
4 0.28125 0.3109375 0.02734375 0.0171875
0 0.22421875 0.346875 0.34296875 0.0375
0 0.22421875 0.3859375 0.34296875 0.0375
0 0.22421875 0.425 0.34296875 0.0375
7 0.16171875 0.4640625 0.18828125 0.021875
0 0.22421875 0.46640625 0.34296875 0.04140625
4 0.29609375 0.4671875 0.02734375 0.0171875
0 0.22421875 0.50625 0.34296875 0.0390625
7 0.16484375 0.5453125 0.19453125 0.0234375
0 0.22421875 0.5453125 0.34296875 0.0390625
4 0.28046875 0.54765625 0.02734375 0.0171875
7 0.16484375 0.584375 0.19453125 0.0234375
0 0.22421875 0.584375 0.34296875 0.0390625
4 0.28046875 0.58671875 0.02734375 0.0171875
0 0.08671875 0.62578125 0.06875 0.04296875
0 0.30625 0.62578125 0.178125 0.04296875
4 0.53125 0.43203125 0.21484375 0.28671875
0 0.53125 0.45 0.21484375 0.321875
7 0.51484375 0.59765625 0.1828125 0.02109375
2 0.3453125 0.6984375 0.5859375 0.0296875
3 0.346875 0.8640625 0.5875 0.271875
3 0.8171875 0.45703125 0.29296875 0.32578125
2 0.7359375 0.6578125 0.1234375 0.02109375
7 0.6859375 0.7265625 0.0296875 0.078125
0 0.8171875 0.7265625 0.29296875 0.09921875
6 0.7984375 0.7109375 0.196875 0.046875
7 0.7234375 0.74375 0.046875 0.01953125
7 0.77265625 0.74375 0.04296875 0.01953125
7 0.80859375 0.74375 0.0234375 0.01953125
4 0.934375 0.7265625 0.05859375 0.078125
7 0.6859375 0.8421875 0.0296875 0.1078125
0 0.8171875 0.8421875 0.29296875 0.12890625
6 0.7984375 0.83203125 0.196875 0.08828125
7 0.73515625 0.8859375 0.0703125 0.01953125
7 0.79609375 0.8859375 0.04296875 0.01953125
7 0.83515625 0.8859375 0.03046875 0.01953125
4 0.934375 0.8265625 0.05859375 0.078125
7 0.68515625 0.95859375 0.0296875 0.0828125
0 0.8171875 0.95390625 0.29296875 0.0921875
6 0.7984375 0.9515625 0.196875 0.06796875
7 0.74375 0.99296875 0.0875 0.0140625
7 0.81328125 0.99296875 0.04296875 0.0140625
7 0.853125 0.99296875 0.03046875 0.0140625
4 0.934375 0.95703125 0.05859375 0.078125