4 0.1046875 0.0375 0.16328125 0.025
7 0.24140625 0.03828125 0.02734375 0.021875
0 0.2359375 0.0421875 0.046875 0.05859375
0 0.2703125 0.0421875 0.01953125 0.05859375
0 0.29296875 0.0421875 0.0234375 0.05859375
0 0.315625 0.0421875 0.0203125 0.05859375
0 0.3390625 0.0421875 0.0234375 0.05859375
0 0.36015625 0.0421875 0.01640625 0.05859375
0 0.38046875 0.0421875 0.02265625 0.05859375
0 0.4046875 0.0421875 0.02421875 0.05859375
1 0.53671875 0.0375 0.175 0.0390625
0 0.784375 0.0390625 0.071875 0.04453125
7 0.88359375 0.03828125 0.0796875 0.025
0 0.878125 0.0390625 0.1171875 0.04453125
0 0.7078125 0.0390625 0.0703125 0.04453125
4 0.784375 0.97109375 0.0375 0.0078125
4 0.7984375 0.97109375 0.015625 0.02109375
2 0.30390625 0.63359375 0.5109375 0.0796875
2 0.2921875 0.7328125 0.4859375 0.09609375
7 0.2140625 0.8546875 0.3296875 0.025
7 0.25 0.8859375 0.40234375 0.025
7 0.29375 0.9171875 0.490625 0.025
7 0.23515625 0.9484375 0.371875 0.025
7 0.19609375 0.9796875 0.2953125 0.025
7 0.1203125 0.99921875 0.1421875 0.0015625
6 0.92734375 0.10703125 0.096875 0.01796875
7 0.346875 0.12265625 0.1765625 0.05234375
0 0.6171875 0.128125 0.7171875 0.06640625
6 0.46484375 0.13359375 0.0390625 0.0171875
7 0.953125 0.40703125 0.0453125 0.01953125
4 0.09765625 0.1953125 0.146875 0.1953125
4 0.5 0.49140625 0.9515625 0.00625
4 0.9734375 0.03984375 0.034375 0.0453125