0 0.0515625 0.0515625 0.040625 0.05625
4 0.503125 0.0515625 0.1 0.0453125
0 0.503125 0.0515625 0.1 0.0453125
0 0.4328125 0.159375 0.0390625 0.053125
0 0.4796875 0.159375 0.0390625 0.053125
0 0.5265625 0.159375 0.0390625 0.053125
0 0.5734375 0.159375 0.0390625 0.053125
0 0.95078125 0.053125 0.0984375 0.10625
1 0.5 0.053125 0.390625 0.10546875
7 0.5 0.1953125 0.0859375 0.02578125
0 0.5 0.27890625 1 0.34375
2 0.5 0.29453125 0.9375 0.11484375
7 0.45625 0.36875 0.040625 0.01796875
6 0.53046875 0.36875 0.0671875 0.01796875
2 0.103125 0.51796875 0.12421875 0.02578125
2 0.5 0.58046875 0.9375 0.02890625
0 0.5 0.59296875 0.9375 0.1390625
7 0.0515625 0.609375 0.03984375 0.01796875
6 0.1296875 0.609375 0.07421875 0.01796875
2 0.5 0.7203125 0.9375 0.02890625
0 0.5 0.7328125 0.9375 0.1390625
7 0.0515625 0.7484375 0.03984375 0.01796875
6 0.1296875 0.7484375 0.07421875 0.01796875
2 0.5 0.859375 0.9375 0.02890625
0 0.5 0.871875 0.9375 0.1390625
7 0.0515625 0.88828125 0.03984375 0.01796875
6 0.1203125 0.88828125 0.05546875 0.01796875
2 0.5 0.9921875 0.9375 0.015625
0 0.5 0.9703125 0.9375 0.05859375