4 0.11875 0.04375 0.19921875 0.053125
0 0.11875 0.04375 0.19921875 0.053125
4 0.2890625 0.04375 0.078125 0.0328125
0 0.2890625 0.04375 0.078125 0.0328125
4 0.58125 0.04375 0.01953125 0.02734375
6 0.62890625 0.04375 0.0609375 0.02734375
1 0.78828125 0.04375 0.1953125 0.05625
4 0.86796875 0.0453125 0.0078125 0.0234375
7 0.9328125 0.04375 0.03203125 0.02734375
0 0.946875 0.04375 0.059375 0.02734375
4 0.9671875 0.04375 0.01953125 0.02734375
3 0.35546875 0.146875 0.7109375 0.1171875
0 0.03203125 0.24453125 0.01640625 0.046875
0 0.0953125 0.24453125 0.0640625 0.046875
0 0.21171875 0.24453125 0.12109375 0.046875
0 0.325 0.24453125 0.05859375 0.046875
0 0.4234375 0.24453125 0.090625 0.046875
0 0.534375 0.24453125 0.08515625 0.046875
0 0.63203125 0.24453125 0.06328125 0.046875
7 0.8578125 0.2390625 0.09453125 0.0328125
7 0.95234375 0.2390625 0.04765625 0.0328125
7 0.06875 0.30234375 0.08984375 0.02578125
0 0.1703125 0.30234375 0.10859375 0.03359375
0 0.27734375 0.30234375 0.1 0.03359375
0 0.3890625 0.30234375 0.1171875 0.03359375
0 0.4828125 0.30234375 0.065625 0.03359375
0 0.56875 0.30234375 0.1 0.03359375
0 0.6546875 0.30234375 0.06640625 0.03359375
7 0.81796875 0.30234375 0.065625 0.02578125
0 0.915625 0.30234375 0.12421875 0.03359375
4 0.175 0.475 0.303125 0.228125
0 0.175 0.64140625 0.303125 0.5609375
2 0.175 0.6234375 0.303125 0.0328125
2 0.15234375 0.69296875 0.2578125 0.10703125
6 0.175 0.82109375 0.303125 0.1265625
7 0.04921875 0.9078125 0.0515625 0.02734375
7 0.1171875 0.9078125 0.0234375 0.025
7 0.17265625 0.9078125 0.05859375 0.02734375
4 0.5 0.475 0.303125 0.228125
0 0.5 0.6234375 0.303125 0.525
2 0.5 0.6234375 0.303125 0.0328125
2 0.4890625 0.67421875 0.28046875 0.0703125
6 0.5 0.784375 0.303125 0.1265625
7 0.3796875 0.871875 0.03125 0.025
4 0.3375 0.99140625 0.628125 0.0171875
0 0.3375 0.99140625 0.628125 0.0171875
7 0.825 0.3765625 0.303125 0.03125
3 0.82578125 0.5546875 0.29375 0.32578125
2 0.715625 0.8078125 0.084375 0.03515625
0 0.825 0.85390625 0.303125 0.12734375
2 0.80546875 0.88125 0.2640625 0.07421875
7 0.95625 0.9015625 0.03984375 0.0328125
4 0.825 0.98203125 0.303125 0.0359375
0 0.825 0.98203125 0.303125 0.0359375
4 0.5 0.5 1 1
7 0.49765625 0.37421875 0.346875 0.1390625
6 0.64140625 0.42890625 0.02421875 0.0296875
7 0.4984375 0.55625 0.3484375 0.2125
6 0.46875 0.64765625 0.16796875 0.0296875
7 0.5546875 0.64765625 0.00390625 0.0296875
7 0.5875 0.7796875 0.0921875 0.0296875
0 0.5875 0.7796875 0.165625 0.05703125
0 0.4125 0.7796875 0.165625 0.05703125