2 0.14453125 0.05 0.171875 0.0453125
1 0.4890625 0.05234375 0.21015625 0.03359375
7 0.08203125 0.21875 0.08984375 0.0234375
7 0.0859375 0.29375 0.09765625 0.01953125
0 0.1484375 0.29375 0.25390625 0.06875
4 0.259375 0.29375 0.01171875 0.0171875
7 0.11015625 0.3625 0.146875 0.01953125
0 0.1484375 0.3625 0.25390625 0.06875
4 0.259375 0.3625 0.01171875 0.0171875
7 0.1375 0.43125 0.2015625 0.01953125
0 0.1484375 0.43125 0.25390625 0.06875
4 0.259375 0.43125 0.01171875 0.0171875
7 0.11796875 0.50078125 0.1609375 0.01953125
0 0.1484375 0.50078125 0.25390625 0.06875
4 0.259375 0.50078125 0.01171875 0.0171875
7 0.115625 0.56953125 0.15625 0.01953125
0 0.1484375 0.56953125 0.25390625 0.06875
4 0.259375 0.56953125 0.01171875 0.0171875
2 0.6203125 0.3140625 0.625 0.02734375
6 0.4375 0.3671875 0.19921875 0.02109375
6 0.434375 0.40390625 0.19375 0.02109375
6 0.4375 0.43984375 0.19921875 0.02109375
6 0.44453125 0.478125 0.2140625 0.02109375
6 0.43984375 0.5140625 0.20390625 0.02109375
2 0.35234375 0.58671875 0.0890625 0.021875
7 0.4546875 0.634375 0.29375 0.02109375
6 0.63359375 0.634375 0.0640625 0.02109375
7 0.61484375 0.646875 0.6140625 0.0453125
2 0.35625 0.72578125 0.096875 0.021875
6 0.403125 0.7796875 0.1296875 0.02109375
6 0.4328125 0.81640625 0.190625 0.02109375
6 0.403125 0.853125 0.13125 0.02109375
6 0.40859375 0.8890625 0.14140625 0.02109375
6 0.43359375 0.92578125 0.19140625 0.02109375
6 0.384375 0.9625 0.09375 0.02109375