4 0.02890625 0.02421875 0.0578125 0.0484375
4 0.14765625 0.02421875 0.171875 0.0484375
0 0.146875 0.02421875 0.18046875 0.0484375
4 0.97109375 0.02421875 0.0578125 0.0484375
7 0.05 0.07578125 0.08671875 0.0546875
0 0.16875 0.07578125 0.1421875 0.0546875
0 0.31953125 0.07578125 0.1515625 0.0546875
0 0.45390625 0.07578125 0.109375 0.0546875
0 0.55546875 0.07578125 0.0859375 0.0546875
0 0.63828125 0.07578125 0.07109375 0.0546875
3 0.5 0.2875 0.946875 0.32578125
4 0.33125 0.66015625 0.4203125 0.31484375
0 0.33125 0.66015625 0.4203125 0.31484375
6 0.14375 0.834375 0.04609375 0.0234375
2 0.33125 0.9015625 0.4203125 0.103125
0 0.33125 0.9015625 0.4203125 0.103125
6 0.33125 0.97578125 0.4203125 0.0484375
0 0.33125 0.97578125 0.4203125 0.0484375
2 0.7328125 0.5171875 0.29296875 0.0296875
4 0.7328125 0.66484375 0.29296875 0.2203125
0 0.7328125 0.66484375 0.29296875 0.2203125
4 0.60546875 0.9046875 0.0390625 0.05234375
6 0.70234375 0.8078125 0.075 0.021875
2 0.75546875 0.9140625 0.18046875 0.171875