6 0.3984375 0.021875 0.05859375 0.0171875
6 0.49453125 0.021875 0.090625 0.0171875
6 0.5875 0.021875 0.053125 0.0171875
6 0.66015625 0.021875 0.0484375 0.0171875
6 0.74296875 0.021875 0.07421875 0.0171875
6 0.8234375 0.021875 0.04375 0.0171875
6 0.89609375 0.021875 0.0578125 0.0171875
6 0.9578125 0.021875 0.02265625 0.0171875
4 0.034375 0.0703125 0.0484375 0.06484375
4 0.0890625 0.05625 0.021875 0.03671875
7 0.1546875 0.08125 0.1 0.0765625
7 0.1546875 0.0671875 0.10078125 0.021875
0 0.14140625 0.0671875 0.1265625 0.06640625
4 0.1078125 0.09140625 0.00625 0.0078125
7 0.1375 0.09140625 0.0453125 0.01796875
7 0.1828125 0.0921875 0.0453125 0.0171875
1 0.434375 0.08125 0.346875 0.0484375
1 0.434375 0.08125 0.346875 0.0484375
4 0.64140625 0.08046875 0.0203125 0.02578125
0 0.64140625 0.08125 0.03046875 0.0484375
7 0.73671875 0.08125 0.07890625 0.021875
0 0.7546875 0.08125 0.1140625 0.03515625
4 0.7984375 0.08125 0.0265625 0.03515625
7 0.87265625 0.08125 0.0359375 0.021875
7 0.89765625 0.08125 0.00859375 0.021875
7 0.92265625 0.08125 0.034375 0.021875
4 0.95625 0.08125 0.0265625 0.03515625
0 0.9125 0.08125 0.115625 0.03515625
0 0.059375 0.15 0.0984375 0.0609375
0 0.2234375 0.15 0.1515625 0.0609375
0 0.4015625 0.15 0.128125 0.0609375
0 0.5640625 0.15 0.11796875 0.0609375
0 0.73046875 0.15 0.13671875 0.0609375
0 0.89140625 0.15 0.1078125 0.0609375
0 0.0375 0.21171875 0.0546875 0.0609375
4 0.07109375 0.10703125 0.025 0.03359375
0 0.2046875 0.10703125 0.33203125 0.06015625
7 0.1375 0.10078125 0.078125 0.021875
4 0.07109375 0.16796875 0.025 0.03359375
7 0.1515625 0.16796875 0.10625 0.03359375
0 0.2046875 0.16796875 0.33203125 0.06015625
4 0.07109375 0.22265625 0.025 0.0234375
7 0.17734375 0.228125 0.15703125 0.03359375
0 0.2046875 0.228125 0.33203125 0.06015625
4 0.07109375 0.2859375 0.025 0.0296875
7 0.165625 0.2875 0.134375 0.03359375
0 0.2046875 0.2875 0.33203125 0.06015625
4 0.06875 0.3484375 0.01953125 0.03515625
7 0.16171875 0.34765625 0.12578125 0.03359375
0 0.2046875 0.34765625 0.33203125 0.06015625
4 0.07109375 0.4 0.025 0.0171875
7 0.171875 0.4078125 0.146875 0.03359375
0 0.2046875 0.4078125 0.33203125 0.06015625
4 0.07109375 0.46328125 0.025 0.02578125
7 0.15625 0.4671875 0.115625 0.03359375
0 0.2046875 0.4671875 0.33203125 0.06015625
4 0.07109375 0.5234375 0.025 0.02578125
7 0.128125 0.52734375 0.05859375 0.03359375
0 0.2046875 0.52734375 0.33203125 0.06015625
6 0.2046875 0.5828125 0.29296875 0.021875
6 0.2046875 0.63125 0.29296875 0.021875
6 0.2046875 0.67890625 0.29296875 0.021875
6 0.2046875 0.72734375 0.29296875 0.021875
6 0.2046875 0.775 0.29296875 0.021875
6 0.2046875 0.8234375 0.29296875 0.021875
6 0.2046875 0.871875 0.29296875 0.021875
6 0.2046875 0.9203125 0.29296875 0.021875
4 0.3953125 0.1078125 0.00859375 0.01796875
0 0.415625 0.1078125 0.05 0.021875
7 0.42265625 0.1078125 0.0359375 0.021875
7 0.5375 0.1734375 0.29296875 0.02890625
6 0.5375 0.2328125 0.29296875 0.021875
6 0.5375 0.28046875 0.29296875 0.021875
6 0.5375 0.32890625 0.29296875 0.021875
6 0.5375 0.3765625 0.29296875 0.021875
6 0.5375 0.425 0.29296875 0.021875
6 0.5375 0.4734375 0.29296875 0.021875
6 0.5375 0.521875 0.29296875 0.021875
6 0.5375 0.56953125 0.29296875 0.021875
6 0.5375 0.61796875 0.29296875 0.021875
6 0.5375 0.665625 0.29296875 0.021875
6 0.5375 0.7140625 0.29296875 0.021875
6 0.5375 0.7625 0.29296875 0.021875
6 0.5375 0.8109375 0.29296875 0.021875
6 0.5375 0.85859375 0.29296875 0.021875
6 0.5375 0.90703125 0.29296875 0.021875
6 0.5375 0.9546875 0.29296875 0.021875
6 0.5375 0.99609375 0.29296875 0.0078125
4 0.72734375 0.1078125 0.00859375 0.01796875
0 0.74765625 0.1078125 0.05 0.021875
7 0.7546875 0.1078125 0.0359375 0.021875
7 0.5 0.24765625 1 0.00546875
7 0.97578125 0.54453125 0.0296875 0.51015625
7 0.02421875 0.54453125 0.0296875 0.51015625
4 0.509375 0.54453125 0.98046875 0.484375
4 0.03125 0.55546875 0.01171875 0.0296875
0 0.03125 0.55703125 0.04296875 0.11484375
4 0.96875 0.55546875 0.01171875 0.0296875
0 0.96875 0.55703125 0.04296875 0.11484375
4 0.46484375 0.81171875 0.009375 0.0140625
4 0.48828125 0.81171875 0.009375 0.0140625
4 0.51171875 0.81171875 0.009375 0.0140625
4 0.53515625 0.81171875 0.009375 0.0140625
4 0.125 0.925 0.23046875 0.15
4 0.375 0.925 0.23046875 0.15
4 0.625 0.925 0.23046875 0.15
4 0.875 0.925 0.23046875 0.15