2 0.07265625 0.040625 0.121875 0.040625
4 0.978125 0.03828125 0.01953125 0.02734375
0 0.978125 0.03828125 0.01953125 0.02734375
2 0.6078125 0.18984375 0.1921875 0.08828125
2 0.71953125 0.26796875 0.41484375 0.08828125
7 0.734375 0.37734375 0.4453125 0.078125
0 0.6484375 0.4921875 0.2734375 0.06796875
6 0.56328125 0.584375 0.10234375 0.02578125
4 0.2328125 0.3859375 0.3796875 0.6
2 0.38671875 0.81796875 0.625 0.06484375
2 0.8125 0.81796875 0.2265625 0.06484375
4 0.21796875 0.96875 0.2328125 0.04140625
4 0.43359375 0.95859375 0.0765625 0.0828125
4 0.61953125 0.9671875 0.17109375 0.06484375
4 0.8328125 0.96875 0.13203125 0.04140625
2 0.14765625 0.72265625 0.178125 0.0703125
7 0.91953125 0.7328125 0.04375 0.0390625
0 0.91953125 0.72265625 0.04375 0.06015625
4 0.91953125 0.703125 0.01640625 0.02109375
7 0.49921875 0.846875 0.88125 0.1109375
6 0.24765625 0.8859375 0.11015625 0.0328125
7 0.30546875 0.8859375 0.0046875 0.0328125