4 0.0921875 0.06875 0.12109375 0.05234375
0 0.0921875 0.06875 0.12109375 0.05234375
7 0.20703125 0.07578125 0.071875 0.02890625
7 0.3046875 0.07578125 0.0625 0.02890625
7 0.39921875 0.07578125 0.06640625 0.02890625
7 0.5203125 0.07578125 0.115625 0.02890625
7 0.81875 0.07578125 0.04765625 0.02890625
7 0.92109375 0.07578125 0.06171875 0.02890625
0 0.92109375 0.07578125 0.09453125 0.07265625
2 0.34375 0.290625 0.625 0.2203125
7 0.34375 0.53046875 0.625 0.19921875
7 0.109375 0.7046875 0.1234375 0.0296875
0 0.1234375 0.7046875 0.18359375 0.06796875
7 0.1203125 0.7828125 0.17890625 0.0296875
7 0.27890625 0.7828125 0.1375 0.0296875
7 0.35 0.7828125 0.00390625 0.0296875
4 0.796875 0.47421875 0.40625 0.65078125