4 0.390625 0.4515625 0.72265625 0.6421875
2 0.390625 0.6109375 0.69375 0.04296875
0 0.390625 0.44921875 0.72265625 0.02109375
7 0.390625 0.65625 0.69375 0.02890625
4 0.1453125 0.809375 0.23125 0.2046875
6 0.0453125 0.93125 0.03203125 0.01953125
6 0.1453125 0.97265625 0.23125 0.04921875
4 0.390625 0.809375 0.2328125 0.2046875
6 0.2921875 0.93125 0.0359375 0.01953125
6 0.390625 0.97265625 0.2328125 0.04921875
4 0.6359375 0.809375 0.23125 0.2046875
6 0.5328125 0.93125 0.025 0.01953125
6 0.6359375 0.97265625 0.23125 0.04921875
7 0.890625 0.52109375 0.21875 0.78125
2 0.0640625 0.053125 0.0703125 0.046875
0 0.07734375 0.053125 0.096875 0.09140625
7 0.153125 0.046875 0.0359375 0.02578125
0 0.16015625 0.046875 0.06875 0.09140625
6 0.2328125 0.046875 0.059375 0.09140625
6 0.30234375 0.046875 0.04375 0.09140625
6 0.37265625 0.046875 0.059375 0.09140625
6 0.44453125 0.046875 0.046875 0.09140625
6 0.5109375 0.046875 0.05 0.09140625
6 0.6 0.046875 0.08984375 0.09140625
7 0.93046875 0.046875 0.0515625 0.02578125
0 0.93828125 0.046875 0.08671875 0.09140625
7 0.303125 0.97421875 0.340625 0.0234375
6 0.5140625 0.97421875 0.0796875 0.0234375
7 0.5734375 0.97421875 0.03984375 0.0234375
6 0.64140625 0.97421875 0.09453125 0.0234375
7 0.68984375 0.97421875 0.003125 0.0234375
7 0.7453125 0.97421875 0.06875 0.03125
7 0.8328125 0.97421875 0.06875 0.03125