1 0.38984375 0.03828125 0.4828125 0.0484375
1 0.38984375 0.03828125 0.4828125 0.0484375
4 0.6578125 0.0390625 0.0078125 0.01015625
0 0.6796875 0.0375 0.05078125 0.0234375
7 0.68359375 0.0390625 0.04296875 0.03125
7 0.74375 0.03046875 0.01640625 0.021875
0 0.7375 0.0390625 0.0453125 0.078125
7 0.81875 0.040625 0.04765625 0.02734375
0 0.80625 0.0390625 0.09296875 0.078125
7 0.9328125 0.0421875 0.090625 0.02734375
0 0.9203125 0.0390625 0.1359375 0.078125
7 0.1734375 0.103125 0.07734375 0.02734375
0 0.1625 0.103125 0.17890625 0.05078125
7 0.39453125 0.103125 0.1640625 0.02734375
0 0.38359375 0.103125 0.265625 0.05078125
7 0.6625 0.103125 0.17109375 0.02734375
0 0.6515625 0.103125 0.27265625 0.05078125
7 0.86796875 0.103125 0.03828125 0.02734375
0 0.85703125 0.103125 0.13984375 0.05078125
6 0.503125 0.78828125 0.1390625 0.021875
7 0.225 0.36640625 0.42109375 0.11328125
7 0.225 0.478125 0.42109375 0.11328125
7 0.225 0.590625 0.42109375 0.11328125
1 0.81328125 0.32890625 0.28125 0.053125
1 0.81328125 0.39140625 0.28125 0.053125
7 0.81328125 0.4546875 0.13125 0.02734375
0 0.81328125 0.45390625 0.28125 0.053125
7 0.81328125 0.5046875 0.28125 0.0296875
4 0.696875 0.55546875 0.02421875 0.0328125
0 0.81328125 0.55546875 0.28125 0.053125
7 0.825 0.55390625 0.18671875 0.025
3 0.81328125 0.55546875 0.28125 0.053125
4 0.6984375 0.61875 0.0203125 0.02734375
0 0.81328125 0.61796875 0.28125 0.053125
7 0.8328125 0.61875 0.15 0.02734375
7 0.81328125 0.678125 0.259375 0.0453125
6 0.78515625 0.6890625 0.071875 0.021875
7 0.834375 0.6890625 0.02734375 0.021875
6 0.88359375 0.6890625 0.07421875 0.021875
7 0.921875 0.6890625 0.00390625 0.021875
2 0.321875 0.89609375 0.62109375 0.078125
2 0.321875 0.9671875 0.62109375 0.06484375
0 0.71796875 0.93515625 0.1703125 0.05234375
0 0.903125 0.93515625 0.1703125 0.05234375
4 0.5 0.5 1 1
4 0.5 0.5 1 1
4 0.5 0.5 1 1