4 0.98046875 0.9265625 0.01953125 0.0296875
7 0.29765625 0.9015625 0.4984375 0.0796875
6 0.27890625 0.940625 0.46015625 0.053125
7 0.3046875 0.9671875 0.51171875 0.053125
0 0.8765625 0.928125 0.09296875 0.0234375
0 0.73203125 0.93125 0.08125 0.02578125
0 0.86953125 0.053125 0.03203125 0.04140625
0 0.91640625 0.0484375 0.034375 0.04453125
7 0.25078125 0.12109375 0.1859375 0.04921875
0 0.25 0.11953125 0.209375 0.05234375
7 0.75078125 0.12109375 0.2375 0.04921875
0 0.75 0.11953125 0.259375 0.05234375
2 0.26953125 0.846875 0.478125 0.040625
7 0.26484375 0.8890625 0.46875 0.0328125
7 0.0859375 0.9734375 0.046875 0.053125
0 0.0859375 0.971875 0.1109375 0.053125
4 0.38515625 0.7734375 0.7703125 0.00546875