7 0.89453125 0.01875 0.01953125 0.01953125
0 0.884375 0.0203125 0.07421875 0.01953125
6 0.9109375 0.01875 0.0140625 0.01953125
7 0.9203125 0.01875 0.00390625 0.01953125
4 0.14140625 0.09765625 0.125 0.0703125
0 0.14140625 0.09765625 0.1265625 0.07265625
7 0.49609375 0.1078125 0.3046875 0.13671875
4 0.75625 0.0953125 0.01953125 0.02578125
0 0.75625 0.09453125 0.01953125 0.1109375
4 0.7984375 0.0953125 0.01953125 0.02578125
0 0.7984375 0.09453125 0.01953125 0.1109375
7 0.90078125 0.09453125 0.0421875 0.0296875
0 0.884375 0.09453125 0.07421875 0.1109375
2 0.2890625 0.35546875 0.421875 0.14609375
7 0.2890625 0.4671875 0.421875 0.053125
7 0.16875 0.540625 0.18125 0.02890625
7 0.27734375 0.540625 0.03515625 0.02890625
4 0.309375 0.54140625 0.01875 0.02578125
0 0.20078125 0.540625 0.2453125 0.02890625
7 0.20078125 0.59765625 0.2453125 0.02890625
7 0.35625 0.59765625 0.065625 0.02890625
4 0.403125 0.59921875 0.01875 0.02578125
0 0.24765625 0.59765625 0.3390625 0.02890625
7 0.5 0.396875 1 0.71640625
4 0.5 0.10390625 1 0.13046875
0 0.0703125 0.78359375 0.1015625 0.02890625
4 0.159375 0.78359375 0.01640625 0.02109375
4 0.18046875 0.78359375 0.01640625 0.02109375
7 0.59921875 0.7828125 0.8015625 0.05625
2 0.209375 0.99375 0.26171875 0.01171875
6 0.5 0.9453125 0.26171875 0.109375
0 0.5 0.9453125 0.26171875 0.109375
6 0.790625 0.9453125 0.26171875 0.109375
0 0.790625 0.9453125 0.26171875 0.109375
4 0.959375 0.90703125 0.01875 0.025
7 0.984375 0.91015625 0.03125 0.02578125