0 0.07109375 0.0421875 0.14140625 0.084375
0 0.721875 0.04296875 0.0875 0.08359375
0 0.81875 0.04296875 0.10625 0.08359375
7 0.90234375 0.0421875 0.0609375 0.084375
7 0.96640625 0.0421875 0.0671875 0.084375
2 0.478125 0.37578125 0.87421875 0.4078125
0 0.1296875 0.6515625 0.1765625 0.071875
7 0.24375 0.90390625 0.4875 0.1890625
7 0.5875 0.87890625 0.09296875 0.04140625
2 0.75546875 0.96171875 0.4296875 0.0765625
7 0.4125 0.9546875 0.5578125 0.02734375
0 0.7890625 0.9546875 0.1546875 0.05859375
0 0.92734375 0.0609375 0.02421875 0.0328125
3 0.5 0.49375 0.87890625 0.8984375