7 0.41484375 0.940625 0.775 0.05859375
0 0.446875 0.959375 0.08671875 0.04140625
0 0.890625 0.94375 0.1640625 0.05234375
4 0.315625 0.0328125 0.390625 0.04453125
7 0.5 0.0703125 0.759375 0.03125
7 0.1625 0.09765625 0.0828125 0.02109375
6 0.27265625 0.09765625 0.065625 0.02109375
6 0.3921875 0.09765625 0.04765625 0.02109375
6 0.4890625 0.09765625 0.04375 0.02109375
6 0.56640625 0.09765625 0.03125 0.02109375
6 0.67890625 0.09765625 0.075 0.02109375
6 0.81875 0.09765625 0.05625 0.02109375
2 0.5 0.15 0.73828125 0.0296875
7 0.31875 0.1796875 0.375 0.02109375
7 0.1921875 0.228125 0.121875 0.02109375
7 0.2859375 0.228125 0.065625 0.02109375
6 0.36953125 0.228125 0.10625 0.02109375
7 0.43828125 0.228125 0.0328125 0.02109375
7 0.20859375 0.2578125 0.15546875 0.02109375
6 0.3328125 0.2578125 0.0875 0.02109375
7 0.38046875 0.2578125 0.00859375 0.02109375
6 0.45859375 0.2578125 0.14921875 0.02109375
7 0.5375 0.2578125 0.00859375 0.02109375
6 0.5875 0.2578125 0.09453125 0.02109375
7 0.6375 0.2578125 0.0078125 0.02109375
6 0.70234375 0.2578125 0.12109375 0.02109375
4 0.72265625 0.4671875 0.29296875 0.303125
2 0.5 0.3296875 0.73828125 0.0296875
7 0.17109375 0.37734375 0.08125 0.02109375
6 0.2234375 0.37734375 0.02421875 0.02109375
7 0.2390625 0.37734375 0.00859375 0.02109375
6 0.25703125 0.37734375 0.028125 0.02109375
7 0.3328125 0.3921875 0.403125 0.05078125
7 0.5 0.5609375 0.73828125 0.23984375
7 0.4921875 0.728125 0.72265625 0.05078125
6 0.3796875 0.74375 0.09375 0.02109375
7 0.428125 0.74375 0.0046875 0.02109375
7 0.2953125 0.840625 0.35 0.0171875
4 0.83515625 0.840625 0.0890625 0.021875