7 0.43125 0.025 0.240625 0.0234375
6 0.60625 0.025 0.1015625 0.0234375
7 0.975 0.025 0.01171875 0.02890625
4 0.07890625 0.10390625 0.134375 0.03359375
0 0.07890625 0.10390625 0.134375 0.0625
1 0.33984375 0.10390625 0.35546875 0.046875
4 0.1796875 0.10390625 0.0171875 0.0234375
6 0.6453125 0.10390625 0.05078125 0.0625
7 0.709375 0.10390625 0.04609375 0.0625
7 0.7703125 0.10390625 0.0453125 0.0625
0 0.89453125 0.10390625 0.17578125 0.046875
0 0.89453125 0.10390625 0.1875 0.0625
7 0.2484375 0.31796875 0.47265625 0.13828125
7 0.20703125 0.43984375 0.390625 0.05234375
7 0.76171875 0.32421875 0.35546875 0.0390625
7 0.6734375 0.3625 0.17890625 0.025
6 0.7859375 0.3625 0.04609375 0.025
1 0.759375 0.415625 0.35625 0.046875
1 0.759375 0.4828125 0.35625 0.046875
1 0.759375 0.55078125 0.35625 0.046875
4 0.91640625 0.55234375 0.01875 0.0234375
4 0.590625 0.63125 0.0140625 0.01953125
7 0.76796875 0.63125 0.3171875 0.021875
3 0.73125 0.7171875 0.29765625 0.103125
0 0.759375 0.7734375 0.35625 0.046875
7 0.68671875 0.821875 0.20625 0.01953125
6 0.83125 0.821875 0.08203125 0.01953125
7 0.875 0.821875 0.00625 0.01953125
6 0.61875 0.8421875 0.06953125 0.01953125
7 0.6671875 0.8421875 0.028125 0.01953125
6 0.73828125 0.8421875 0.11328125 0.01953125
7 0.79609375 0.8421875 0.003125 0.01953125