7 0.0734375 0.034375 0.0296875 0.04296875
4 0.49375 0.03671875 0.128125 0.04140625
0 0.49375 0.03828125 0.128125 0.0453125
6 0.74765625 0.03828125 0.0515625 0.025
0 0.8765625 0.03828125 0.1 0.0375
4 0.9625 0.0390625 0.015625 0.02109375
4 0.5 0.215625 0.3671875 0.0796875
7 0.5 0.28203125 0.4390625 0.0484375
0 0.4953125 0.35859375 0.1546875 0.05625
4 0.16484375 0.58984375 0.12421875 0.0546875
4 0.16484375 0.7125 0.28828125 0.09765625
2 0.18671875 0.696875 0.16484375 0.0640625
7 0.1125 0.7515625 0.015625 0.0171875
7 0.1625 0.7515625 0.0859375 0.0171875
4 0.28828125 0.746875 0.0125 0.0171875
7 0.30390625 0.746875 0.0109375 0.0140625
4 0.16484375 0.8359375 0.28828125 0.09921875
2 0.1859375 0.8203125 0.16328125 0.06484375
7 0.1125 0.87421875 0.015625 0.0171875
7 0.14140625 0.87421875 0.04375 0.0171875
4 0.28828125 0.86875 0.0125 0.0171875
7 0.30390625 0.86875 0.0109375 0.0140625
4 0.05703125 0.9546875 0.0734375 0.08984375
2 0.18203125 0.94375 0.15546875 0.06484375
7 0.1125 0.99453125 0.015625 0.01015625
7 0.15703125 0.99453125 0.0765625 0.01015625
4 0.29375 0.9921875 0.0125 0.015625
7 0.30625 0.99296875 0.00625 0.0140625
4 0.4921875 0.58984375 0.16796875 0.0546875
4 0.49140625 0.7125 0.28828125 0.09765625
2 0.5140625 0.696875 0.16484375 0.0640625
7 0.4390625 0.7515625 0.015625 0.0171875
7 0.49296875 0.7515625 0.09296875 0.0171875
4 0.615625 0.746875 0.0125 0.0171875
7 0.63125 0.746875 0.0109375 0.0140625
4 0.49140625 0.8359375 0.28828125 0.09921875
2 0.50859375 0.8203125 0.153125 0.06484375
7 0.4390625 0.87421875 0.01484375 0.0171875
7 0.4890625 0.87421875 0.0875 0.0171875
4 0.615625 0.86875 0.0125 0.0171875
7 0.63125 0.86875 0.0109375 0.0140625
4 0.384375 0.9546875 0.0734375 0.08984375
2 0.5140625 0.94375 0.1640625 0.06484375
7 0.4390625 0.99453125 0.015625 0.01015625
7 0.490625 0.99453125 0.0890625 0.01015625
4 0.615625 0.9921875 0.0125 0.015625
7 0.63125 0.99296875 0.0109375 0.0140625
4 0.81875 0.58984375 0.22578125 0.0546875
4 0.81875 0.7125 0.28828125 0.09765625
2 0.8359375 0.6859375 0.1546875 0.04140625
7 0.76640625 0.7296875 0.015625 0.0171875
7 0.8265625 0.7296875 0.10546875 0.0171875
4 0.94296875 0.725 0.0125 0.0171875
7 0.95859375 0.725 0.0109375 0.0140625
4 0.81875 0.8359375 0.28828125 0.09921875
2 0.83359375 0.83125 0.14921875 0.0875
7 0.76640625 0.896875 0.015625 0.0171875
7 0.80625 0.896875 0.06640625 0.0171875
4 0.94765625 0.89140625 0.0125 0.0171875
7 0.9609375 0.89140625 0.00625 0.0140625
4 0.81875 0.9609375 0.28828125 0.078125
2 0.83515625 0.94453125 0.15234375 0.04296875
7 0.76640625 0.9875 0.015625 0.0171875
7 0.80546875 0.9875 0.0640625 0.0171875
4 0.93828125 0.9828125 0.0125 0.0171875
7 0.95546875 0.9828125 0.01484375 0.0140625
4 0.0328125 0.953125 0.046875 0.0625