7 0.34609375 0.953125 0.6375 0.0234375
0 0.7078125 0.95390625 0.08671875 0.040625
0 0.93125 0.953125 0.08203125 0.05234375
4 0.0546875 0.03515625 0.109375 0.0625
0 0.0546875 0.03515625 0.109375 0.0625
7 0.35546875 0.03515625 0.1109375 0.0703125
7 0.475 0.03515625 0.109375 0.0703125
7 0.5890625 0.03515625 0.10234375 0.0703125
0 0.7078125 0.03515625 0.11640625 0.0703125
0 0.840625 0.03515625 0.103125 0.05234375
0 0.94609375 0.03515625 0.09375 0.05234375
7 0.25 0.14453125 0.4375 0.0234375
2 0.25 0.209375 0.4375 0.06484375
7 0.25 0.396875 0.4375 0.24609375
7 0.25 0.62109375 0.4375 0.140625
4 0.075 0.771875 0.10234375 0.09765625
7 0.25 0.83671875 0.4375 0.03515625
7 0.75 0.3890625 0.3125 0.0234375
0 0.75 0.46328125 0.3125 0.08359375
0 0.75 0.55703125 0.3125 0.08359375