4 0.5 0.078125 1 0.15625
3 0.5 0.078125 0.7109375 0.1171875
4 0.03125 0.1890625 0.0234375 0.03125
0 0.03125 0.1890625 0.0234375 0.03125
4 0.06875 0.18828125 0.021875 0.0296875
4 0.5 0.1890625 0.1640625 0.02890625
0 0.5 0.1890625 0.1640625 0.02890625
0 0.1390625 0.2484375 0.040625 0.02109375
0 0.246875 0.2484375 0.0984375 0.02109375
0 0.36484375 0.2484375 0.06171875 0.02109375
0 0.465625 0.2484375 0.06640625 0.02109375
0 0.55078125 0.2484375 0.0296875 0.02109375
0 0.63359375 0.2484375 0.06171875 0.02109375
0 0.7515625 0.2484375 0.1 0.02109375
0 0.86015625 0.2484375 0.04296875 0.02109375
0 0.9390625 0.24921875 0.08203125 0.0171875
4 0.3375 0.7734375 0.61328125 0.453125
0 0.3375 0.7734375 0.61328125 0.453125
6 0.3375 0.4359375 0.52421875 0.15625
2 0.821875 0.33203125 0.16875 0.03125
2 0.821875 0.41015625 0.29375 0.0625
0 0.821875 0.41015625 0.29375 0.0625
2 0.821875 0.53671875 0.29375 0.0625
0 0.821875 0.53671875 0.29375 0.0625
2 0.821875 0.678125 0.29375 0.09375
0 0.821875 0.678125 0.29375 0.09375
2 0.821875 0.8359375 0.29375 0.09375
0 0.821875 0.8359375 0.29375 0.09375
2 0.821875 0.9734375 0.29375 0.053125
0 0.821875 0.9734375 0.29375 0.053125