4 0.49296875 0.3265625 0.1390625 0.0234375
0 0.49296875 0.3265625 0.1390625 0.0234375
2 0.5 0.4515625 0.52734375 0.03515625
7 0.3578125 0.515625 0.2421875 0.02109375
7 0.50078125 0.515625 0.0453125 0.02109375
7 0.49609375 0.578125 0.51953125 0.14609375
6 0.56796875 0.640625 0.090625 0.02109375
7 0.496875 0.65625 0.521875 0.05234375
6 0.4796875 0.6875 0.4859375 0.05234375
7 0.303125 0.703125 0.0046875 0.02109375
7 0.2546875 0.75234375 0.0359375 0.02109375
7 0.309375 0.75234375 0.075 0.02109375
7 0.496875 0.76796875 0.5203125 0.05234375
0 0.36015625 0.90234375 0.2484375 0.06484375
0 0.63984375 0.90234375 0.24921875 0.06484375