4 0.5 0.090625 1 0.18125
3 0.5 0.078125 0.7109375 0.1171875
4 0.81796875 0.1515625 0.075 0.01953125
0 0.81796875 0.1515625 0.075 0.01953125
4 0.03125 0.21328125 0.0234375 0.03125
0 0.03125 0.21328125 0.0234375 0.03125
4 0.06875 0.2125 0.021875 0.0296875
4 0.5 0.21328125 0.1640625 0.02890625
0 0.5 0.21328125 0.1640625 0.02890625
0 0.8078125 0.21328125 0.03828125 0.01796875
6 0.921875 0.21328125 0.1171875 0.01796875
0 0.1390625 0.2734375 0.040625 0.02109375
0 0.225 0.2734375 0.1 0.02109375
0 0.32109375 0.2734375 0.06171875 0.02109375
0 0.42109375 0.2734375 0.10859375 0.02109375
0 0.546875 0.2734375 0.1109375 0.02109375
0 0.6328125 0.2734375 0.0296875 0.02109375
0 0.7 0.2734375 0.0734375 0.02109375
0 0.7734375 0.2734375 0.04296875 0.02109375
0 0.84609375 0.2734375 0.07109375 0.02109375
0 0.95 0.27421875 0.06171875 0.0171875
2 0.10546875 0.33984375 0.01171875 0.015625
2 0.146875 0.34140625 0.06953125 0.02109375
6 0.33125 0.34296875 0.2375 0.0171875
6 0.55859375 0.34296875 0.1875 0.0171875
6 0.7796875 0.34296875 0.22578125 0.0171875
6 0.5 0.3703125 0.115625 0.0171875
4 0.3375 0.75390625 0.61328125 0.45859375
0 0.3375 0.75390625 0.61328125 0.45859375
6 0.3375 0.43984375 0.3859375 0.10390625
2 0.821875 0.40390625 0.11796875 0.03125
2 0.821875 0.49765625 0.29375 0.09375
0 0.821875 0.49765625 0.29375 0.09375
2 0.821875 0.6546875 0.29375 0.09375
0 0.821875 0.6546875 0.29375 0.09375
2 0.821875 0.8125 0.29375 0.09375
0 0.821875 0.8125 0.29375 0.09375
2 0.821875 0.96171875 0.29375 0.0765625
0 0.821875 0.96171875 0.29375 0.0765625