4 0.06875 0.05078125 0.05859375 0.03125
0 0.93359375 0.0484375 0.0546875 0.07265625
4 0.5 0.4359375 1 0.87109375
2 0.5 0.22421875 0.6546875 0.08359375
7 0.5 0.32578125 0.6546875 0.078125
7 0.5 0.4078125 0.6546875 0.03359375
0 0.5 0.49375 0.25625 0.07421875
7 0.5 0.56171875 0.5234375 0.021875
4 0.1546875 0.76015625 0.23046875 0.0703125
7 0.54921875 0.696875 0.50078125 0.02890625
7 0.48359375 0.7578125 0.3703125 0.09140625
6 0.33984375 0.8234375 0.08203125 0.0296875
0 0.8953125 0.75859375 0.11640625 0.07421875
6 0.8953125 0.8140625 0.05859375 0.021875
4 0.5 0.934375 1 0.13125