6 0.5 0.08125 0.4703125 0.03515625
4 0.0375 0.20546875 0.0296875 0.0390625
0 0.03828125 0.2046875 0.0765625 0.084375
1 0.53046875 0.2046875 0.91015625 0.05625
7 0.103125 0.975 0.05546875 0.01953125
0 0.103125 0.9546875 0.07109375 0.0796875
7 0.30546875 0.975 0.04765625 0.01953125
0 0.30546875 0.9546875 0.06328125 0.0796875
7 0.50234375 0.975 0.04765625 0.01953125
0 0.50234375 0.9546875 0.06328125 0.0796875
7 0.70078125 0.975 0.04765625 0.01953125
0 0.70078125 0.9546875 0.06328125 0.0796875
7 0.9 0.97734375 0.0484375 0.01953125
0 0.9 0.9546875 0.0640625 0.0796875
4 0.5 0.5953125 1 0.69375
2 0.29296875 0.37734375 0.5078125 0.1796875
7 0.5109375 0.51171875 0.9 0.04140625
7 0.5109375 0.553125 0.9 0.04140625
7 0.5109375 0.5953125 0.9 0.04140625
7 0.81171875 0.5703125 0.1453125 0.03671875
0 0.81171875 0.64765625 0.253125 0.1625
4 0.81171875 0.65546875 0.2 0.12109375
0 0.14140625 0.68046875 0.2046875 0.084375
4 0.25625 0.90078125 0.4640625 0.19765625
0 0.25625 0.90078125 0.4640625 0.19765625
4 0.74375 0.90078125 0.4640625 0.19765625
0 0.74375 0.90078125 0.4640625 0.19765625
4 0.57734375 0.8890625 0.084375 0.11171875
4 0.78828125 0.8890625 0.31328125 0.11171875