7 0.4359375 0.015625 0.36328125 0.015625
7 0.6515625 0.015625 0.06953125 0.01796875
0 0.725 0.01640625 0.0421875 0.0328125
7 0.26875 0.05859375 0.38359375 0.05234375
0 0.76875 0.05859375 0.38359375 0.05234375
7 0.05078125 0.12109375 0.025 0.0234375
0 0.0578125 0.12109375 0.07890625 0.0546875
7 0.65390625 0.11796875 0.08125 0.021875
0 0.63984375 0.1203125 0.1484375 0.06640625
7 0.79453125 0.11796875 0.0515625 0.021875
0 0.7765625 0.1203125 0.12578125 0.06640625
7 0.91796875 0.11796875 0.053125 0.021875
0 0.9015625 0.1203125 0.12421875 0.06640625
4 0.13984375 0.2453125 0.20703125 0.06875
0 0.13984375 0.2484375 0.24609375 0.0796875
7 0.32890625 0.2515625 0.05859375 0.03125
0 0.32890625 0.2484375 0.07421875 0.0796875
7 0.434375 0.2515625 0.08671875 0.03125
0 0.434375 0.2484375 0.10234375 0.0796875
7 0.53046875 0.2515625 0.040625 0.03125
0 0.53046875 0.2484375 0.05625 0.0796875
7 0.61171875 0.2515625 0.090625 0.03125
0 0.61171875 0.2484375 0.10625 0.0796875
7 0.7140625 0.2515625 0.05 0.03125
0 0.7140625 0.2484375 0.065625 0.0796875
7 0.7859375 0.2515625 0.0296875 0.03125
0 0.7859375 0.2484375 0.0453125 0.0796875
7 0.934375 0.2515625 0.04375 0.03125
0 0.91640625 0.2484375 0.09453125 0.0796875
7 0.12890625 0.98046875 0.1859375 0.0390625
7 0.3140625 0.98046875 0.1859375 0.0390625
7 0.5 0.98046875 0.1859375 0.0390625
7 0.6859375 0.98046875 0.1859375 0.0390625
7 0.87109375 0.98046875 0.1859375 0.0390625
7 0.3375 0.48203125 0.56328125 0.15859375
7 0.36015625 0.61796875 0.6484375 0.084375
7 0.146875 0.7421875 0.1953125 0.02890625
0 0.1609375 0.7421875 0.25 0.0625
7 0.01484375 0.72578125 0.0296875 0.1890625