2 0.5109375 0.2328125 0.2359375 0.0375
4 0.471875 0.62265625 0.20859375 0.24765625
4 0.4734375 0.90703125 0.20703125 0.1859375
3 0.49921875 0.9578125 0.9828125 0.0625
0 0.94375 0.959375 0.09140625 0.04921875
0 0.25625 0.0234375 0.12109375 0.03671875
0 0.35859375 0.0203125 0.05234375 0.028125
2 0.278125 0.08046875 0.2453125 0.0625
7 0.28203125 0.12890625 0.253125 0.02890625
2 0.4546875 0.31328125 0.18125 0.02421875
7 0.47109375 0.41484375 0.0875 0.0140625
7 0.43359375 0.45859375 0.13671875 0.02421875
7 0.4359375 0.78203125 0.140625 0.02734375
7 0.23203125 0.84609375 0.1765625 0.1015625
2 0.20078125 0.76484375 0.11015625 0.03125
0 0.1671875 0.92265625 0.0359375 0.0234375
2 0.20390625 0.26796875 0.04453125 0.02578125
7 0.19609375 0.2984375 0.04140625 0.01875
7 0.246875 0.325 0.13828125 0.01875
7 0.2359375 0.34921875 0.11484375 0.01953125
7 0.24140625 0.375 0.1234375 0.0203125
7 0.225 0.3984375 0.09140625 0.01953125
7 0.2546875 0.4328125 0.15 0.034375
7 0.2453125 0.465625 0.13203125 0.0234375
7 0.23203125 0.49765625 0.1046875 0.0359375
7 0.2296875 0.5328125 0.10390625 0.0140625
7 0.23671875 0.5609375 0.11171875 0.0296875
7 0.23828125 0.59765625 0.1203125 0.01796875
7 0.24140625 0.62109375 0.12578125 0.0203125
7 0.24609375 0.64609375 0.13515625 0.0234375
7 0.2390625 0.675 0.11796875 0.0234375
7 0.71015625 0.09453125 0.0890625 0.02421875