0 0.8359375 0.0484375 0.0484375 0.01953125
0 0.91484375 0.0484375 0.03828125 0.01953125
4 0.9703125 0.0484375 0.01484375 0.01953125
0 0.9703125 0.0484375 0.01484375 0.01953125
4 0.075 0.1234375 0.14921875 0.06015625
0 0.075 0.1171875 0.14921875 0.046875
0 0.50625 0.115625 0.07421875 0.11484375
0 0.64375 0.115625 0.103125 0.11484375
0 0.7765625 0.115625 0.065625 0.11484375
0 0.9125 0.11875 0.13125 0.05859375
2 0.5 0.290625 0.56875 0.09375
7 0.5 0.38359375 0.55859375 0.0328125
7 0.5 0.42265625 0.171875 0.0328125
7 0.390625 0.4890625 0.35 0.0328125
6 0.5984375 0.4890625 0.065625 0.0328125
7 0.6375 0.4890625 0.0125 0.0328125
6 0.66875 0.4890625 0.05 0.0328125
7 0.7 0.4890625 0.0125 0.0328125
6 0.7453125 0.4890625 0.078125 0.0328125
4 0.11875 0.828125 0.14921875 0.06015625
4 0.05546875 0.89765625 0.0234375 0.0296875
7 0.09921875 0.9046875 0.06328125 0.04140625
7 0.1140625 0.94921875 0.09296875 0.04140625
2 0.2125 0.81015625 0.02421875 0.01796875
0 0.28046875 0.86875 0.16015625 0.06640625
2 0.2125 0.9609375 0.025 0.01796875
0 0.2796875 0.99296875 0.159375 0.0140625
2 0.42890625 0.81015625 0.0796875 0.01796875
0 0.43671875 0.846875 0.096875 0.021875
0 0.43671875 0.8765625 0.096875 0.021875
2 0.5390625 0.81015625 0.05078125 0.01796875
0 0.578125 0.846875 0.12890625 0.021875
0 0.578125 0.8765625 0.12890625 0.021875
0 0.578125 0.90703125 0.12890625 0.021875
0 0.578125 0.94765625 0.12890625 0.04453125
2 0.73515625 0.8109375 0.12890625 0.025
0 0.73515625 0.846875 0.12890625 0.021875
0 0.73515625 0.88828125 0.12890625 0.04453125
0 0.73515625 0.92890625 0.12890625 0.021875
0 0.73515625 0.959375 0.12890625 0.021875
0 0.73515625 0.9890625 0.12890625 0.021875
2 0.853125 0.81015625 0.05 0.01796875
0 0.8921875 0.846875 0.128125 0.021875
0 0.8921875 0.8765625 0.128125 0.021875
0 0.8921875 0.90703125 0.128125 0.021875
0 0.8921875 0.93671875 0.128125 0.021875
0 0.8921875 0.9671875 0.128125 0.021875
0 0.8921875 0.99296875 0.128125 0.0140625