4 0.5 0.034375 0.115625 0.0328125
0 0.5 0.034375 0.115625 0.0328125
7 0.03203125 0.0328125 0.0453125 0.02890625
7 0.096875 0.0328125 0.0203125 0.02890625
7 0.7375 0.0328125 0.05390625 0.02890625
7 0.80859375 0.0328125 0.0484375 0.02890625
0 0.80859375 0.0328125 0.0484375 0.06484375
7 0.92109375 0.0328125 0.1125 0.02890625
0 0.92109375 0.02890625 0.1375 0.03359375
3 0.50078125 0.1890625 0.73515625 0.1171875
2 0.5 0.3234375 0.8125 0.07421875
7 0.49921875 0.42578125 0.77265625 0.078125
0 0.5 0.53671875 0.23046875 0.06484375
3 0.50078125 0.8296875 0.69609375 0.33984375