0 0.0484375 0.03125 0.05859375 0.0625
0 0.13984375 0.03125 0.08515625 0.0625
0 0.24765625 0.03125 0.08125 0.0625
0 0.3484375 0.03125 0.071875 0.0625
0 0.46015625 0.03125 0.1015625 0.0625
0 0.56328125 0.03125 0.05546875 0.0625
1 0.78828125 0.03125 0.21484375 0.0625
0 0.8734375 0.03125 0.0421875 0.0625
0 0.92890625 0.03125 0.0171875 0.0625
0 0.97109375 0.03125 0.01875 0.0625
7 0.5 0.0125 1 0.025
6 0.3921875 0.10546875 0.72265625 0.02578125
0 0.5 0.10546875 0.9375 0.03125
7 0.7640625 0.10546875 0.01953125 0.02578125
4 0.5 0.48046875 1 0.66640625
2 0.48671875 0.88203125 0.9109375 0.0640625
7 0.32421875 0.97734375 0.5859375 0.0453125