0 0.240625 0.028125 0.06640625 0.0484375
0 0.31796875 0.028125 0.075 0.0484375
0 0.39765625 0.028125 0.07109375 0.0484375
0 0.47734375 0.028125 0.07421875 0.0484375
0 0.5578125 0.028125 0.0734375 0.0484375
0 0.62578125 0.0296875 0.04765625 0.05234375
1 0.75703125 0.02890625 0.1796875 0.03125
1 0.85859375 0.02890625 0.025 0.02109375
6 0.9 0.02890625 0.03984375 0.02109375
6 0.9546875 0.02890625 0.0515625 0.02109375
4 0.0453125 0.09609375 0.059375 0.0625
0 0.0453125 0.1 0.059375 0.06796875
0 0.2265625 0.0875 0.078125 0.09765625
0 0.3046875 0.0875 0.078125 0.09765625
0 0.378125 0.09921875 0.06875 0.07578125
0 0.45703125 0.0875 0.08984375 0.09765625
0 0.55078125 0.09921875 0.09765625 0.07578125
0 0.65234375 0.09921875 0.10546875 0.07578125
7 0.78984375 0.090625 0.13125 0.01953125
0 0.78125 0.0984375 0.15234375 0.0765625
7 0.7875 0.1125 0.12578125 0.01953125
2 0.2578125 0.196875 0.2578125 0.0453125
2 0.1609375 0.24765625 0.0640625 0.04140625
7 0.15390625 0.30234375 0.05 0.0234375
7 0.22890625 0.3015625 0.10234375 0.021875
7 0.2953125 0.30234375 0.0328125 0.0234375
7 0.26484375 0.3328125 0.271875 0.084375
7 0.15390625 0.39609375 0.05 0.0234375
7 0.25859375 0.4265625 0.25859375 0.084375
0 0.26640625 0.53515625 0.27421875 0.06015625
2 0.8171875 0.73515625 0.28828125 0.0328125
0 0.8171875 0.7953125 0.28828125 0.05078125
0 0.8171875 0.8515625 0.28828125 0.05234375
6 0.73515625 0.9078125 0.10078125 0.025
0 0.8171875 0.90859375 0.28828125 0.05234375
7 0.8265625 0.9078125 0.08515625 0.0234375
0 0.8171875 0.96640625 0.28828125 0.05234375
0 0.8171875 0.9984375 0.28828125 0.00234375
2 0.346875 0.7390625 0.615625 0.040625
2 0.346875 0.8015625 0.615625 0.0328125
0 0.346875 0.8015625 0.615625 0.0328125
4 0.146875 0.91875 0.215625 0.1625
7 0.4234375 0.89375 0.3078125 0.1078125
7 0.44921875 0.9375 0.0484375 0.0234375
7 0.41953125 0.9625 0.3 0.07421875
2 0.5 0.8390625 0.9609375 0.04296875
7 0.484375 0.896875 0.9296875 0.05078125
6 0.4640625 0.9109375 0.08125 0.021875
7 0.50546875 0.9109375 0.0046875 0.021875
7 0.36875 0.95 0.69921875 0.021875
6 0.75859375 0.95 0.08125 0.021875
7 0.80078125 0.95 0.00625 0.021875
7 0.834375 0.9515625 0.015625 0.015625