4 0.025 0.02890625 0.015625 0.05703125
4 0.49453125 0.490625 0.03203125 0.04296875
4 0.5 0.21953125 0.08984375 0.11875
4 0.5 0.3203125 0.296875 0.04140625
4 0.5 0.36875 0.1390625 0.0234375
4 0.1828125 0.58828125 0.0234375 0.02109375
4 0.309375 0.58828125 0.05078125 0.02109375
4 0.43671875 0.58828125 0.0515625 0.02109375
4 0.56328125 0.58828125 0.03984375 0.02109375
4 0.68984375 0.58828125 0.06953125 0.02109375
4 0.8171875 0.58828125 0.034375 0.02109375
4 0.1828125 0.76796875 0.06171875 0.02109375
4 0.31015625 0.76796875 0.0359375 0.02109375
4 0.43671875 0.76796875 0.0515625 0.02109375
4 0.56328125 0.76796875 0.046875 0.02109375
4 0.68984375 0.76796875 0.07109375 0.02109375
4 0.8171875 0.76796875 0.06875 0.02109375
4 0.2609375 0.1140625 0.05859375 0.0796875
4 0.275 0.1140625 0.05859375 0.0796875
4 0.28984375 0.1140625 0.05859375 0.0796875
7 0.53203125 0.0984375 0.39453125 0.025
7 0.4984375 0.128125 0.32734375 0.025
0 0.53203125 0.12890625 0.39453125 0.03125
4 0.67421875 0.13203125 0.02421875 0.025
4 0.97265625 0.1140625 0.0234375 0.05859375
0 0.97265625 0.1140625 0.0234375 0.05859375
3 0.5 0.503125 0.625 0.6265625
6 0.2234375 0.96796875 0.0796875 0.0171875
7 0.27109375 0.96796875 0.01640625 0.0171875
6 0.315625 0.96796875 0.07421875 0.0171875
7 0.36015625 0.96796875 0.01640625 0.0171875
6 0.403125 0.96796875 0.071875 0.0171875
7 0.446875 0.96796875 0.01640625 0.0171875
6 0.5046875 0.96796875 0.1015625 0.0171875
7 0.56328125 0.96796875 0.01640625 0.0171875
7 0.69375 0.96796875 0.24609375 0.0171875
4 0.025 0.02890625 0.015625 0.05703125
4 0.97265625 0.02890625 0.0234375 0.03125