7 0.13515625 0.0390625 0.034375 0.02890625
4 0.0828125 0.0390625 0.0234375 0.03125
2 0.115625 0.28671875 0.19140625 0.1015625
2 0.31484375 0.28671875 0.2078125 0.1015625
2 0.434375 0.28671875 0.03515625 0.1015625
2 0.5890625 0.28671875 0.2765625 0.1015625
2 0.73671875 0.28671875 0.01875 0.1015625
2 0.17734375 0.390625 0.315625 0.1015625
2 0.35234375 0.390625 0.03515625 0.1015625
2 0.475 0.390625 0.21171875 0.1015625
2 0.66640625 0.390625 0.175 0.1015625
2 0.13203125 0.49453125 0.225 0.1015625
1 0.28515625 0.68046875 0.53125 0.10546875
7 0.603125 0.68046875 0.046875 0.053125
4 0.64296875 0.68125 0.01484375 0.01953125
0 0.853125 0.68046875 0.25390625 0.10546875
4 0.946875 0.93515625 0.05859375 0.078125
7 0.4515625 0.9421875 0.20625 0.02734375
7 0.59453125 0.9421875 0.06640625 0.02734375
7 0.64921875 0.9390625 0.0203125 0.04140625