0 0.0609375 0.0328125 0.09296875 0.0390625
0 0.15703125 0.0328125 0.10078125 0.0390625
0 0.2546875 0.0328125 0.09765625 0.0390625
0 0.3296875 0.0328125 0.0546875 0.0390625
4 0.853125 0.0328125 0.01640625 0.02109375
0 0.85234375 0.0328125 0.03125 0.04140625
0 0.89375 0.03203125 0.053125 0.040625
0 0.95234375 0.03203125 0.06640625 0.040625
4 0.5 0.16953125 0.4125 0.09140625
4 0.228125 0.27421875 0.0234375 0.0328125
1 0.51875 0.2734375 0.55859375 0.06015625
2 0.5 0.37578125 0.9078125 0.0296875
2 0.4734375 0.4234375 0.28203125 0.0234375
2 0.640625 0.42578125 0.0546875 0.02109375
0 0.50078125 0.4234375 0.33671875 0.0234375
7 0.2546875 0.61328125 0.0921875 0.0234375
7 0.5484375 0.61328125 0.496875 0.0234375
7 0.2828125 0.6984375 0.03125 0.01953125
7 0.30546875 0.72734375 0.03125 0.01953125
2 0.1875 0.73515625 0.2484375 0.0484375
7 0.1875 0.78203125 0.2484375 0.0296875
7 0.1875 0.8109375 0.2484375 0.0296875
7 0.17890625 0.83828125 0.1140625 0.0234375
4 0.24453125 0.8390625 0.01640625 0.021875
7 0.1875 0.92421875 0.2484375 0.08359375
7 0.18828125 0.97734375 0.10078125 0.01953125
7 0.18828125 0.9953125 0.10078125 0.009375
7 0.5953125 0.67890625 0.03125 0.01953125
7 0.61796875 0.7078125 0.03125 0.01953125
2 0.5 0.73515625 0.2484375 0.0484375
7 0.5 0.78203125 0.2484375 0.0296875
7 0.5 0.8109375 0.2484375 0.0296875
7 0.49140625 0.83828125 0.1203125 0.0234375
4 0.56015625 0.8390625 0.01640625 0.021875
7 0.5 0.92421875 0.2484375 0.08359375
7 0.50078125 0.97734375 0.10078125 0.01953125
7 0.49921875 0.9953125 0.10625 0.009375
7 0.90703125 0.69453125 0.03203125 0.01953125
7 0.93125 0.725 0.03828125 0.01953125
2 0.8125 0.73515625 0.2484375 0.0484375
7 0.8125 0.78203125 0.2484375 0.0296875
7 0.8125 0.8109375 0.2484375 0.0296875
7 0.80546875 0.83828125 0.1296875 0.0234375
4 0.8765625 0.8390625 0.01640625 0.021875
7 0.8125 0.92421875 0.2484375 0.08359375
7 0.81328125 0.97734375 0.10078125 0.01953125
7 0.81171875 0.9953125 0.10625 0.009375