4 0.1078125 0.0921875 0.0953125 0.02109375
0 0.25078125 0.0296875 0.0984375 0.0328125
0 0.35078125 0.0296875 0.0625 0.0328125
7 0.45 0.0296875 0.053125 0.0328125
0 0.4390625 0.03125 0.075 0.03671875
0 0.51796875 0.0296875 0.03984375 0.0328125
6 0.228125 0.09453125 0.053125 0.01953125
6 0.35234375 0.09453125 0.15625 0.01953125
6 0.51171875 0.09453125 0.1234375 0.01953125
6 0.6796875 0.09453125 0.1734375 0.01953125
2 0.390625 0.3578125 0.703125 0.14296875
7 0.390625 0.49453125 0.703125 0.109375
0 0.3078125 0.60625 0.53828125 0.05625
2 0.26484375 0.87421875 0.45234375 0.0375
4 0.11796875 0.9640625 0.1578125 0.071875
2 0.29140625 0.98203125 0.14375 0.02890625
2 0.73515625 0.87421875 0.45234375 0.0375
2 0.63515625 0.96484375 0.221875 0.02890625
7 0.73515625 0.996875 0.42109375 0.00625