4 0.09375 0.03984375 0.15625 0.0328125
0 0.09375 0.03828125 0.15625 0.025
7 0.2234375 0.03828125 0.05546875 0.025
4 0.2578125 0.03984375 0.009375 0.0140625
0 0.22890625 0.03828125 0.0671875 0.025
6 0.3265625 0.03828125 0.08125 0.025
4 0.3984375 0.03984375 0.015625 0.021875
0 0.3984375 0.03828125 0.015625 0.025
6 0.61328125 0.03984375 0.1234375 0.025
6 0.7578125 0.03984375 0.11875 0.025
6 0.8859375 0.03984375 0.04296875 0.025
6 0.9578125 0.03984375 0.05390625 0.025
7 0.75703125 0.28671875 0.40703125 0.0703125
7 0.75703125 0.3890625 0.40703125 0.09375
0 0.615625 0.50390625 0.12421875 0.05234375
0 0.75625 0.50390625 0.11796875 0.05234375
4 0.5 0.384375 1 0.609375
0 0.5 0.384375 1 0.609375
7 0.05625 0.3609375 0.0671875 0.025
7 0.5 0.41015625 0.9546875 0.03125
7 0.21796875 0.4625 0.390625 0.0625
7 0.5 0.52109375 0.9546875 0.0234375
4 0.0421875 0.5796875 0.015625 0.02109375
4 0.0984375 0.5796875 0.01640625 0.02109375
7 0.1515625 0.5796875 0.034375 0.02890625
7 0.11015625 0.76171875 0.175 0.03125
4 0.89921875 0.76015625 0.015625 0.02109375
4 0.9578125 0.76015625 0.015625 0.02109375
4 0.15625 0.91171875 0.265625 0.1765625
0 0.15625 0.91171875 0.265625 0.1765625
4 0.46328125 0.91171875 0.2671875 0.1765625
0 0.46328125 0.91171875 0.2671875 0.1765625
4 0.77109375 0.91171875 0.2671875 0.1765625
0 0.77109375 0.91171875 0.2671875 0.1765625
4 0.97265625 0.91171875 0.0546875 0.1765625
0 0.97265625 0.91171875 0.0546875 0.1765625