0 0.00078125 0.1 0.00078125 0.05703125
0 0.00078125 0.1578125 0.00078125 0.05703125
0 0.00078125 0.21484375 0.00078125 0.05703125
0 0.00078125 0.271875 0.00078125 0.05703125
0 0.00078125 0.3296875 0.00078125 0.05703125
0 0.00078125 0.38671875 0.00078125 0.05703125
0 0.00078125 0.44375 0.00078125 0.05703125
0 0.00078125 0.5015625 0.00078125 0.05703125
0 0.00078125 0.55859375 0.00078125 0.05703125
0 0.00078125 0.615625 0.00078125 0.05703125
4 0.10234375 0.0359375 0.17578125 0.05078125
0 0.10234375 0.03671875 0.17578125 0.05234375
7 0.2484375 0.03671875 0.053125 0.02109375
0 0.2484375 0.03671875 0.0953125 0.03671875
6 0.375 0.034375 0.0546875 0.021875
6 0.4734375 0.034375 0.08515625 0.021875
6 0.58125 0.034375 0.07421875 0.021875
7 0.66484375 0.03359375 0.0375 0.02890625
4 0.69375 0.03359375 0.0125 0.03125
4 0.7734375 0.0390625 0.0234375 0.03125
1 0.846875 0.0375 0.190625 0.04140625
4 0.9734375 0.03359375 0.0234375 0.03125
0 0.05 0.6671875 0.1 0.040625
2 0.2078125 0.228125 0.26875 0.15
7 0.13984375 0.353125 0.0796875 0.025
0 0.13984375 0.353125 0.1328125 0.05859375
7 0.27421875 0.353125 0.084375 0.025
0 0.27421875 0.353125 0.134375 0.05859375
4 0.66328125 0.29921875 0.5859375 0.52109375
4 0.66328125 0.31171875 0.01875 0.02734375
4 0.18046875 0.57109375 0.02421875 0.0328125
2 0.1796875 0.61875 0.1 0.03515625
0 0.18046875 0.5984375 0.2140625 0.1578125
4 0.39296875 0.57109375 0.02421875 0.0328125
2 0.39375 0.61875 0.0875 0.03515625
0 0.39296875 0.5984375 0.2140625 0.1578125
4 0.60703125 0.57109375 0.02421875 0.0328125
2 0.60625 0.61875 0.0796875 0.03515625
0 0.60703125 0.5984375 0.2140625 0.1578125
4 0.81953125 0.57109375 0.02421875 0.0328125
2 0.81953125 0.61875 0.0515625 0.03515625
0 0.81953125 0.5984375 0.2140625 0.1578125
2 0.5 0.784375 0.853125 0.0609375
7 0.5 0.84140625 0.853125 0.02890625
7 0.153125 0.88984375 0.15703125 0.04296875
4 0.21015625 0.97734375 0.2453125 0.0453125
0 0.21171875 0.96796875 0.2765625 0.0640625
4 0.21171875 0.96796875 0.2765625 0.0640625
4 0.49921875 0.97734375 0.2453125 0.0453125
0 0.50078125 0.96796875 0.2765625 0.0640625
4 0.50078125 0.96796875 0.2765625 0.0640625
4 0.78828125 0.97734375 0.2453125 0.0453125
0 0.78984375 0.96796875 0.2765625 0.0640625
4 0.78984375 0.96796875 0.2765625 0.0640625