4 0.1078125 0.03671875 0.0234375 0.03125
7 0.14140625 0.03671875 0.0375 0.03125
4 0.046875 0.03671875 0.0625 0.04140625
0 0.046875 0.03671875 0.0625 0.04140625
4 0.215625 0.03671875 0.05078125 0.01796875
0 0.215625 0.03671875 0.08203125 0.046875
7 0.28046875 0.03671875 0.0171875 0.03125
4 0.3 0.03671875 0.02421875 0.03125
1 0.4703125 0.03671875 0.31640625 0.04140625
4 0.66171875 0.0375 0.02421875 0.0328125
0 0.66171875 0.03671875 0.03203125 0.03359375
4 0.73359375 0.03671875 0.05546875 0.01796875
4 0.815625 0.03671875 0.02421875 0.03125
0 0.8515625 0.03671875 0.115625 0.046875
7 0.8625 0.03671875 0.0625 0.03125
7 0.946875 0.03671875 0.04609375 0.03125
0 0.946875 0.03671875 0.07734375 0.046875
4 0.04296875 0.44609375 0.0390625 0.07421875
0 0.04296875 0.44453125 0.0390625 0.071875
4 0.04296875 0.43828125 0.03125 0.04296875
4 0.0875 0.53671875 0.12890625 0.25546875
4 0.33359375 0.328125 0.6515625 0.48984375
4 0.33359375 0.3734375 0.6515625 0.58046875
0 0.33359375 0.3734375 0.6515625 0.58046875
4 0.203125 0.61640625 0.0703125 0.0953125
7 0.39140625 0.590625 0.275 0.04296875
7 0.57890625 0.59296875 0.0390625 0.0375
7 0.4484375 0.6328125 0.38984375 0.03359375
4 0.69453125 0.44609375 0.0390625 0.07421875
0 0.69453125 0.44453125 0.0390625 0.071875
4 0.69453125 0.43828125 0.03125 0.04296875
4 0.7390625 0.5359375 0.12890625 0.1734375
4 0.8296875 0.328125 0.340625 0.48984375
4 0.8296875 0.3734375 0.340625 0.58046875
0 0.8296875 0.3734375 0.340625 0.58046875
4 0.8546875 0.5890625 0.0703125 0.0953125
7 0.95234375 0.584375 0.09453125 0.084375
7 0.95234375 0.646875 0.09453125 0.03359375
4 0.03203125 0.3484375 0.0234375 0.0328125
4 0.634375 0.3484375 0.02421875 0.0328125
0 0.65859375 0.30546875 0.00078125 0.0015625
7 0.83125 0.1046875 0.321875 0.04296875
4 0.71796875 0.0015625 0.0671875 0.003125
4 0.71875 0.0875 0.06640625 0.1265625
4 0.775 0.0453125 0.03203125 0.04140625
0 0.871875 0.071875 0.24140625 0.13671875
7 0.8125 0.053125 0.0296875 0.02578125
7 0.871875 0.0921875 0.22578125 0.02578125
7 0.871875 0.11875 0.22578125 0.02578125
4 0.71875 0.23515625 0.06640625 0.1265625
4 0.775 0.19296875 0.03203125 0.04140625
0 0.871875 0.2328125 0.24140625 0.1625
7 0.8125 0.20078125 0.0296875 0.02578125
7 0.871875 0.25234375 0.22578125 0.05234375
7 0.871875 0.29140625 0.22578125 0.02578125
4 0.71875 0.38203125 0.06640625 0.1265625
4 0.775 0.33984375 0.03203125 0.04140625
0 0.871875 0.36640625 0.24140625 0.13671875
7 0.8125 0.34765625 0.0296875 0.02578125
7 0.871875 0.38671875 0.22578125 0.02578125
7 0.871875 0.4125 0.22578125 0.02578125
4 0.71875 0.5296875 0.06640625 0.1265625
4 0.775 0.48671875 0.03203125 0.04140625
0 0.871875 0.5265625 0.24140625 0.1625
7 0.8125 0.49453125 0.0296875 0.02578125
7 0.871875 0.546875 0.22578125 0.05234375
7 0.871875 0.5859375 0.22578125 0.02578125
4 0.71875 0.6765625 0.06640625 0.1265625
4 0.775 0.634375 0.03203125 0.04140625
0 0.871875 0.6609375 0.24140625 0.13671875
7 0.8125 0.6421875 0.0296875 0.02578125
7 0.871875 0.68125 0.22578125 0.02578125
7 0.871875 0.70703125 0.22578125 0.02578125
7 0.75625 0.6453125 0.140625 0.0328125
4 0.8375 0.64765625 0.02421875 0.0328125
2 0.5 0.72578125 0.96875 0.053125
4 0.171875 0.89140625 0.3125 0.2171875
4 0.171875 0.89140625 0.3125 0.2171875
0 0.171875 0.89140625 0.3125 0.2171875
4 0.0390625 0.98203125 0.03125 0.0359375
7 0.08515625 0.9859375 0.04609375 0.02734375
4 0.49921875 0.89140625 0.31328125 0.2171875
4 0.49921875 0.89140625 0.31328125 0.2171875
0 0.49921875 0.89140625 0.31328125 0.2171875
4 0.365625 0.98203125 0.03125 0.0359375
7 0.40390625 0.9859375 0.028125 0.02734375
4 0.82734375 0.89140625 0.31328125 0.2171875
4 0.82734375 0.89140625 0.31328125 0.2171875
0 0.82734375 0.89140625 0.31328125 0.2171875
4 0.69375 0.98203125 0.03125 0.0359375
7 0.74140625 0.9859375 0.046875 0.02734375
4 0.99921875 0.89140625 0.00078125 0.2171875
4 0.99921875 0.89140625 0.00078125 0.2171875
0 0.99921875 0.89140625 0.00078125 0.2171875
4 0.975 0.9046875 0.02421875 0.0328125