4 0.5 0.1171875 1 0.234375
4 0.5 0.1171875 0.80078125 0.125
4 0.05546875 0.27578125 0.0921875 0.04453125
0 0.05546875 0.27578125 0.0921875 0.04453125
4 0.140625 0.2765625 0.021875 0.0296875
0 0.18125 0.27578125 0.1203125 0.046875
7 0.19609375 0.27578125 0.06328125 0.02109375
1 0.5046875 0.27578125 0.4234375 0.046875
4 0.6984375 0.27578125 0.0203125 0.02578125
0 0.6984375 0.27578125 0.0359375 0.046875
4 0.79609375 0.27890625 0.03125 0.04140625
0 0.79609375 0.290625 0.03125 0.02109375
0 0.85546875 0.27578125 0.04296875 0.0234375
7 0.93515625 0.27578125 0.05 0.02109375
0 0.9375 0.27578125 0.10546875 0.046875
4 0.5 0.36796875 1 0.7359375
7 0.5 0.35 0.5453125 0.04453125
7 0.14921875 0.3921875 0.12109375 0.021875
0 0.85625 0.3921875 0.11015625 0.021875
7 0.20234375 0.5375 0.203125 0.02109375
0 0.20234375 0.50546875 0.2265625 0.16953125
7 0.20234375 0.5640625 0.203125 0.02109375
7 0.38125 0.5375 0.084375 0.02109375
0 0.38125 0.50546875 0.1078125 0.16953125
7 0.38125 0.5640625 0.084375 0.02109375
7 0.5 0.52734375 0.084375 0.04140625
0 0.5 0.50546875 0.1078125 0.16953125
7 0.5 0.5640625 0.084375 0.02109375
7 0.61875 0.52734375 0.084375 0.04140625
0 0.61875 0.50546875 0.1078125 0.16953125
7 0.61875 0.5640625 0.084375 0.02109375
7 0.73828125 0.52734375 0.084375 0.04140625
0 0.73828125 0.50546875 0.1078125 0.16953125
7 0.73828125 0.5640625 0.084375 0.02109375
7 0.8578125 0.52734375 0.084375 0.04140625
0 0.8578125 0.50546875 0.1078125 0.16953125
7 0.8578125 0.5640625 0.084375 0.02109375
7 0.1921875 0.65078125 0.11796875 0.0234375
7 0.6890625 0.65078125 0.0703125 0.02109375
4 0.78046875 0.65078125 0.02265625 0.0234375
4 0.8296875 0.65078125 0.01640625 0.0234375
4 0.85859375 0.65078125 0.01640625 0.0234375
4 0.25 0.76640625 0.234375 0.165625
0 0.25 0.81015625 0.234375 0.25234375
7 0.196875 0.871875 0.1 0.01953125
7 0.17265625 0.90859375 0.01875 0.0234375
4 0.24140625 0.9078125 0.01484375 0.01796875
7 0.25859375 0.90859375 0.0140625 0.0234375
4 0.3265625 0.9078125 0.01875 0.015625
7 0.34609375 0.90859375 0.01484375 0.0234375
4 0.25 0.978125 0.234375 0.04296875
0 0.25 0.978125 0.234375 0.04296875
4 0.5 0.84140625 0.234375 0.3171875
0 0.5 0.84140625 0.234375 0.3171875
4 0.75 0.84140625 0.234375 0.3171875
0 0.75 0.84140625 0.234375 0.3171875
7 0.8421875 0.715625 0.0203125 0.025
7 0.0984375 0.9671875 0.1109375 0.06484375
6 0.21171875 0.9671875 0.03828125 0.0171875
6 0.2953125 0.9671875 0.05078125 0.0171875
6 0.37578125 0.9671875 0.03515625 0.0171875
6 0.446875 0.9671875 0.028125 0.0171875
6 0.521875 0.9671875 0.04296875 0.0171875
6 0.5984375 0.9671875 0.03515625 0.0171875
6 0.67421875 0.9671875 0.03984375 0.0171875
4 0.7953125 0.96640625 0.03125 0.04140625
0 0.91796875 0.9671875 0.0765625 0.06484375