7 0.4078125 0.040625 0.7765625 0.0453125
0 0.4078125 0.04140625 0.77734375 0.046875
0 0.840625 0.04140625 0.0875 0.0546875
0 0.93671875 0.04140625 0.0875 0.0546875
0 0.9328125 0.04140625 0.0953125 0.0546875
4 0.03515625 0.13515625 0.03125 0.04140625
2 0.096875 0.13515625 0.084375 0.03125
7 0.75234375 0.13515625 0.04609375 0.0234375
0 0.75234375 0.13515625 0.04609375 0.0234375
7 0.840625 0.13515625 0.0703125 0.0234375
0 0.840625 0.13515625 0.0703125 0.0234375
7 0.92421875 0.13515625 0.0359375 0.0234375
0 0.92421875 0.13515625 0.0359375 0.0234375
7 0.5 0.33828125 0.353125 0.09140625
7 0.5015625 0.4375 0.5703125 0.09140625
4 0.065625 0.8171875 0.13125 0.365625
4 0.2609375 0.86875 0.23046875 0.26171875
4 0.5046875 0.9734375 0.23046875 0.053125
4 0.74921875 0.86875 0.23046875 0.26171875
4 0.9390625 0.8171875 0.121875 0.365625
7 0.4515625 0.5921875 0.04765625 0.025
0 0.4515625 0.5921875 0.07109375 0.053125
7 0.54296875 0.5921875 0.05859375 0.025
0 0.54296875 0.5921875 0.08203125 0.053125
4 0.5 0.9265625 0.0234375 0.0328125
0 0.5 0.9265625 0.0484375 0.06640625
4 0.5 0.89921875 1 0.2015625