2 0.21953125 0.08203125 0.3546875 0.1640625
4 0.390625 0.38671875 0.690625 0.52578125
4 0.88671875 0.0484375 0.01484375 0.028125
4 0.9390625 0.05078125 0.0265625 0.03671875
2 0.36953125 0.8234375 0.64453125 0.1703125
2 0.834375 0.29921875 0.11171875 0.07421875
3 0.4984375 0.95390625 0.996875 0.0921875
7 0.49921875 0.95234375 0.734375 0.03359375
6 0.84609375 0.953125 0.0390625 0.0265625
0 0.96484375 0.95390625 0.02890625 0.05
2 0.83125 0.5484375 0.10703125 0.01640625
2 0.79453125 0.7734375 0.0359375 0.02734375
7 0.8640625 0.63828125 0.17265625 0.12578125
7 0.85078125 0.828125 0.14921875 0.059375
7 0.1125 0.70390625 0.1265625 0.01875
2 0.82265625 0.2109375 0.0828125 0.02109375
7 0.85703125 0.365625 0.153125 0.0203125
0 0.865625 0.4265625 0.1734375 0.06171875