4 0.0703125 0.02265625 0.078125 0.02734375
0 0.0703125 0.02578125 0.078125 0.03359375
7 0.1625 0.0296875 0.059375 0.02734375
0 0.1625 0.03046875 0.059375 0.05625
7 0.2734375 0.028125 0.115625 0.02734375
0 0.2734375 0.0296875 0.115625 0.05859375
7 0.39609375 0.028125 0.0828125 0.02734375
0 0.39609375 0.0296875 0.0828125 0.05859375
7 0.64609375 0.028125 0.13359375 0.02734375
0 0.64609375 0.0296875 0.13359375 0.05859375
7 0.759375 0.02890625 0.04609375 0.02578125
0 0.759375 0.02890625 0.04609375 0.02578125
7 0.80859375 0.02890625 0.021875 0.05234375
7 0.9015625 0.028125 0.13359375 0.02734375
0 0.9015625 0.0296875 0.13359375 0.05859375
4 0.30625 0.08828125 0.04765625 0.0625
7 0.39296875 0.08828125 0.1203125 0.03125
0 0.5734375 0.08828125 0.2421875 0.02890625
4 0.97265625 0.08828125 0.01171875 0.02890625
5 0.1109375 0.23203125 0.0359375 0.0234375
1 0.2796875 0.23203125 0.27265625 0.05703125
5 0.478125 0.23203125 0.04375 0.0234375
1 0.6484375 0.23203125 0.265625 0.05703125
0 0.86875 0.23203125 0.11015625 0.05703125
7 0.39453125 0.30859375 0.13671875 0.02890625
7 0.46875 0.3109375 0.01171875 0.021875
7 0.57421875 0.30859375 0.19921875 0.02890625
7 0.3546875 0.36328125 0.17578125 0.02890625
7 0.4484375 0.365625 0.01171875 0.021875
7 0.59375 0.36328125 0.2796875 0.02890625
7 0.5 0.49453125 1 0.03671875
7 0.1625 0.56484375 0.01640625 0.02109375
0 0.2 0.56484375 0.1234375 0.0625
7 0.21171875 0.56484375 0.06875 0.02578125
7 0.2921875 0.56484375 0.01640625 0.02109375
0 0.36015625 0.56484375 0.1828125 0.0625
7 0.371875 0.56484375 0.128125 0.02578125
7 0.48203125 0.56484375 0.01640625 0.02109375
0 0.5421875 0.56484375 0.16796875 0.0625
7 0.55390625 0.56484375 0.11328125 0.02578125
7 0.65703125 0.56484375 0.01640625 0.02109375
0 0.6859375 0.56484375 0.10546875 0.0625
7 0.696875 0.56484375 0.05078125 0.02578125
7 0.76875 0.56484375 0.01640625 0.02109375
0 0.79921875 0.56484375 0.10859375 0.0625
7 0.8109375 0.56484375 0.05390625 0.02578125
7 0.159375 0.64296875 0.015625 0.02109375
0 0.1953125 0.64296875 0.11875 0.0625
7 0.20703125 0.64296875 0.0640625 0.02578125
7 0.2859375 0.64296875 0.015625 0.02109375
0 0.31015625 0.64296875 0.09453125 0.0625
7 0.321875 0.64296875 0.03984375 0.02578125
7 0.3890625 0.64296875 0.015625 0.02109375
0 0.4703125 0.64296875 0.21015625 0.0625
7 0.48203125 0.64296875 0.15546875 0.02578125
7 0.60625 0.64296875 0.015625 0.02109375
0 0.6671875 0.64296875 0.16875 0.0625
7 0.67890625 0.64296875 0.1140625 0.02578125
7 0.7828125 0.64296875 0.015625 0.02109375
0 0.81171875 0.64296875 0.1046875 0.0625
7 0.8234375 0.64296875 0.05 0.02578125
7 0.4015625 0.76640625 0.2015625 0.025
6 0.6 0.76640625 0.1984375 0.025
7 0.47421875 0.80390625 0.23515625 0.025
6 0.6171875 0.80390625 0.053125 0.025
6 0.04375 0.8734375 0.05546875 0.021875
6 0.12265625 0.8734375 0.07734375 0.021875
6 0.20703125 0.8734375 0.06640625 0.021875
6 0.30546875 0.8734375 0.10546875 0.021875
6 0.39296875 0.8734375 0.04375 0.021875
6 0.4765625 0.8734375 0.09765625 0.021875
6 0.58359375 0.8734375 0.090625 0.021875
6 0.6828125 0.8734375 0.0828125 0.021875
6 0.7640625 0.8734375 0.053125 0.021875
6 0.81875 0.8734375 0.03203125 0.021875
6 0.88046875 0.8734375 0.065625 0.021875
7 0.06171875 0.9328125 0.09296875 0.02734375
6 0.2078125 0.9328125 0.1984375 0.021875
6 0.35859375 0.9328125 0.07890625 0.021875
0 0.4859375 0.9328125 0.14921875 0.02734375
7 0.5 0.9890625 0.96875 0.021875