2 0.3171875 0.63359375 0.51640625 0.053125
7 0.3171875 0.7875 0.51640625 0.19140625
0 0.7875 0.68125 0.3078125 0.071875
0 0.7875 0.77265625 0.3078125 0.071875
0 0.7875 0.8421875 0.278125 0.02734375
0 0.7875 0.86875 0.278125 0.02734375
7 0.871875 0.946875 0.0515625 0.02109375
4 0.93671875 0.946875 0.06875 0.01796875
0 0.93671875 0.94921875 0.06875 0.0234375
0 0.5 0.12734375 0.4046875 0.08046875
1 0.065625 0.03359375 0.0484375 0.03125
7 0.1046875 0.0328125 0.0171875 0.025
0 0.1046875 0.03359375 0.01953125 0.03125
7 0.46015625 0.0328125 0.1375 0.021875
7 0.53515625 0.0328125 0.0078125 0.021875
7 0.55234375 0.0328125 0.028125 0.021875
0 0.58671875 0.0328125 0.0421875 0.021875
7 0.8171875 0.03359375 0.0609375 0.02578125
0 0.8171875 0.03359375 0.08984375 0.04140625
7 0.90234375 0.03359375 0.0390625 0.02578125
0 0.91328125 0.03359375 0.090625 0.04140625
7 0.93515625 0.03359375 0.01875 0.02578125
7 0.16953125 0.2125 0.0421875 0.02734375
0 0.16953125 0.21328125 0.0421875 0.0625
7 0.24296875 0.2125 0.0609375 0.02734375
0 0.24296875 0.21328125 0.0609375 0.0625
7 0.32890625 0.2125 0.065625 0.02734375
0 0.32890625 0.21328125 0.065625 0.0625
7 0.4046875 0.2125 0.0421875 0.02734375
0 0.4046875 0.21328125 0.0421875 0.0625
7 0.46328125 0.2125 0.03046875 0.02734375
0 0.46328125 0.21328125 0.03046875 0.0625
7 0.5203125 0.2125 0.03828125 0.02734375
0 0.5203125 0.21328125 0.03828125 0.0625
7 0.61796875 0.2125 0.1125 0.02734375
0 0.61796875 0.21328125 0.1125 0.0625
7 0.7203125 0.2125 0.0484375 0.02734375
0 0.7203125 0.21328125 0.0484375 0.0625
6 0.77421875 0.21328125 0.01953125 0.0234375
0 0.8078125 0.21328125 0.08671875 0.0625
7 0.8203125 0.21328125 0.0625 0.0234375
7 0.31171875 0.27265625 0.08203125 0.025
7 0.41640625 0.27265625 0.08125 0.025
0 0.41640625 0.2734375 0.08125 0.05234375
7 0.521875 0.27265625 0.08203125 0.025
0 0.521875 0.2734375 0.08203125 0.05234375
7 0.62578125 0.27265625 0.07890625 0.025
0 0.62578125 0.2734375 0.07890625 0.05234375
7 0.709375 0.27265625 0.040625 0.025
0 0.709375 0.2734375 0.040625 0.05234375
0 0.10078125 0.03515625 0.1625 0.03359375
7 0.23125 0.03203125 0.04296875 0.02734375
0 0.23125 0.0328125 0.04296875 0.06484375
7 0.30546875 0.03203125 0.06171875 0.02734375
0 0.30546875 0.0328125 0.06171875 0.06484375
7 0.390625 0.03203125 0.06640625 0.02734375
0 0.390625 0.0328125 0.06640625 0.06484375
7 0.4671875 0.03203125 0.04296875 0.02734375
0 0.4671875 0.0328125 0.04296875 0.06484375
7 0.525 0.03203125 0.03125 0.02734375
0 0.525 0.0328125 0.03125 0.06484375
7 0.58203125 0.03203125 0.0390625 0.02734375
0 0.58203125 0.0328125 0.0390625 0.06484375
7 0.6796875 0.03203125 0.11328125 0.02734375
0 0.6796875 0.0328125 0.11328125 0.06484375
7 0.7828125 0.03203125 0.05 0.02734375
0 0.7828125 0.0328125 0.05 0.06484375
4 0.34375 0.646875 0.60546875 0.45546875
0 0.34375 0.646875 0.60546875 0.45546875
7 0.06875 0.90234375 0.0546875 0.02109375
0 0.34375 0.9453125 0.60546875 0.109375
7 0.1375 0.90234375 0.05625 0.01796875
2 0.3234375 0.96015625 0.5640625 0.0796875
4 0.8125 0.52890625 0.29296875 0.21875
0 0.8125 0.52890625 0.29296875 0.21875
7 0.684375 0.66328125 0.0375 0.01953125
0 0.8125 0.796875 0.29296875 0.28671875
2 0.8109375 0.72890625 0.2890625 0.09609375
6 0.8125 0.865625 0.29296875 0.15