7 0.1234375 0.0921875 0.184375 0.02109375
7 0.384375 0.0921875 0.30546875 0.02109375
7 0.55234375 0.0921875 0.034375 0.02109375
7 0.571875 0.0921875 0.0078125 0.02109375
6 0.6046875 0.0921875 0.059375 0.02109375
7 0.4828125 0.3328125 0.48515625 0.025
4 0.3015625 0.44296875 0.121875 0.1953125
2 0.54375 0.36015625 0.33515625 0.02734375
7 0.54609375 0.4390625 0.340625 0.0703125
6 0.60859375 0.46328125 0.0796875 0.02109375
7 0.48125 0.5375 0.4828125 0.16953125
6 0.475 0.62421875 0.46875 0.0453125
7 0.3484375 0.63671875 0.0046875 0.02109375
2 0.3796875 0.6859375 0.271875 0.02734375
4 0.26484375 0.778125 0.05 0.0953125
6 0.475 0.740625 0.34375 0.02109375
7 0.3109375 0.7640625 0.01640625 0.0171875
6 0.35390625 0.7640625 0.07109375 0.0171875
7 0.3921875 0.7640625 0.00703125 0.0171875
6 0.434375 0.7640625 0.07890625 0.0171875
7 0.5140625 0.790625 0.42265625 0.021875
4 0.26484375 0.88125 0.05 0.08359375
6 0.39921875 0.85 0.19375 0.02109375
7 0.3109375 0.87421875 0.01640625 0.0171875
6 0.35078125 0.87421875 0.065625 0.0171875
7 0.5140625 0.9015625 0.42265625 0.021875
4 0.26484375 0.96953125 0.05 0.0609375
6 0.409375 0.94921875 0.2125 0.02109375
7 0.3109375 0.971875 0.01640625 0.0171875
6 0.36484375 0.971875 0.09296875 0.0171875
7 0.5140625 0.99453125 0.42265625 0.01015625
2 0.12421875 0.33984375 0.1734375 0.0234375
7 0.12421875 0.49140625 0.1640625 0.2484375
6 0.11640625 0.64453125 0.14921875 0.02109375
2 0.12421875 0.68828125 0.1734375 0.025
6 0.1078125 0.71796875 0.14140625 0.0171875
6 0.06875 0.74140625 0.0625 0.0171875
6 0.065625 0.76640625 0.0578125 0.0171875
6 0.059375 0.78984375 0.04375 0.0171875
6 0.075 0.8140625 0.075 0.0171875
6 0.0734375 0.8375 0.0734375 0.0171875
6 0.09375 0.8625 0.11328125 0.0171875
6 0.09921875 0.8859375 0.12421875 0.0171875
6 0.04765625 0.9109375 0.0203125 0.0171875
6 0.07734375 0.9359375 0.08125 0.0171875
4 0.85859375 0.4671875 0.21953125 0.29296875
4 0.86015625 0.78046875 0.22265625 0.259375
0 0.753125 0.65546875 0.00078125 0.0015625
2 0.88515625 0.66875 0.16328125 0.02734375
2 0.89140625 0.6921875 0.1515625 0.021875
4 0.79296875 0.79765625 0.07421875 0.12890625
0 0.83125 0.73359375 0.00078125 0.0015625
6 0.89453125 0.7515625 0.1078125 0.03515625
7 0.90234375 0.78515625 0.1234375 0.0234375
7 0.90234375 0.8140625 0.1234375 0.0296875
0 0.878125 0.84765625 0.075 0.02890625
7 0.8578125 0.8796875 0.015625 0.01953125
0 0.86640625 0.8796875 0.0515625 0.0296875
7 0.87421875 0.8796875 0.0203125 0.0171875
4 0.859375 0.96640625 0.221875 0.0671875
0 0.753125 0.93828125 0.00078125 0.0015625
2 0.88515625 0.9515625 0.16328125 0.02734375
2 0.89140625 0.975 0.1515625 0.021875
4 0.14609375 0.1703125 0.2296875 0.06875
7 0.121875 0.21953125 0.1796875 0.0171875
7 0.88359375 0.14765625 0.0171875 0.021875
7 0.90859375 0.146875 0.028125 0.0171875
7 0.94453125 0.146875 0.04765625 0.0171875
6 0.7875 0.146875 0.021875 0.0171875
7 0.80703125 0.146875 0.0203125 0.0171875
6 0.83515625 0.146875 0.0359375 0.0171875
1 0.7921875 0.2 0.2859375 0.04296875
1 0.95390625 0.19921875 0.03046875 0.04140625
0 0.0515625 0.2609375 0.07890625 0.04296875
0 0.15 0.2609375 0.1015625 0.04296875
0 0.29921875 0.2609375 0.17890625 0.04296875
0 0.45625 0.2609375 0.13671875 0.04296875
0 0.5578125 0.2609375 0.06953125 0.04296875
0 0.6421875 0.2609375 0.1015625 0.04296875
0 0.75078125 0.2609375 0.09765625 0.04296875
0 0.871875 0.2609375 0.1265625 0.04296875
4 0.0734375 0.03515625 0.084375 0.03359375
7 0.09296875 0.03359375 0.0640625 0.03125