4 0.50078125 0.10234375 0.99765625 0.2015625
2 0.1859375 0.1296875 0.21171875 0.07578125
4 0.184375 0.06171875 0.05625 0.0640625
2 0.4984375 0.3421875 0.47578125 0.0625
2 0.50078125 0.465625 0.2515625 0.0484375
2 0.49921875 0.61171875 0.29375 0.0421875
7 0.88125 0.08359375 0.103125 0.03359375
7 0.778125 0.11796875 0.31796875 0.0359375
7 0.5 0.52265625 0.6765625 0.0546875
7 0.50078125 0.66796875 0.63828125 0.05625
0 0.425 0.74609375 0.121875 0.04765625
0 0.5734375 0.746875 0.12734375 0.04375
0 0.36328125 0.23359375 0.07421875 0.0609375
0 0.44453125 0.23515625 0.0875 0.0640625
0 0.5328125 0.23515625 0.09140625 0.0640625
0 0.62421875 0.234375 0.09140625 0.0625
4 0.5 0.9484375 1 0.103125