4 0.0625 0.078125 0.0625 0.08359375
2 0.17890625 0.06328125 0.17109375 0.053125
2 0.17890625 0.10625 0.17109375 0.04296875
0 0.6453125 0.0171875 0.24140625 0.03359375
7 0.80625 0.01875 0.0609375 0.0375
0 0.86875 0.01875 0.0546875 0.0375
0 0.93515625 0.01875 0.0671875 0.0375
1 0.8640625 0.09765625 0.1453125 0.0390625
4 0.95234375 0.096875 0.01484375 0.01953125
0 0.95234375 0.09765625 0.03203125 0.0390625
0 0.20859375 0.17734375 0.06328125 0.06796875
0 0.2875 0.17734375 0.096875 0.06796875
0 0.3625 0.17734375 0.05546875 0.06796875
0 0.43984375 0.17734375 0.10078125 0.06796875
0 0.51953125 0.17734375 0.0609375 0.06796875
0 0.6 0.17734375 0.10234375 0.06796875
0 0.6890625 0.17734375 0.078125 0.06796875
0 0.7765625 0.17734375 0.0984375 0.06796875
6 0.76640625 0.5734375 0.0984375 0.021875
6 0.1671875 0.625 0.20390625 0.02109375
0 0.1671875 0.65546875 0.23359375 0.13125
4 0.08125 0.67421875 0.03125 0.04140625
7 0.1828125 0.67421875 0.14765625 0.04140625
6 0.39375 0.625 0.1859375 0.02109375
0 0.39375 0.65546875 0.21484375 0.13125
4 0.31640625 0.67421875 0.03125 0.04140625
7 0.4109375 0.67421875 0.1328125 0.04140625
6 0.6171875 0.625 0.19921875 0.02109375
0 0.6171875 0.65546875 0.228125 0.13125
4 0.5328125 0.67421875 0.03125 0.04140625
7 0.6359375 0.67421875 0.1484375 0.04140625
6 0.84140625 0.625 0.18671875 0.02109375
0 0.84140625 0.65546875 0.215625 0.13125
4 0.7640625 0.67421875 0.03125 0.04140625
7 0.86015625 0.67421875 0.1359375 0.04140625
2 0.178125 0.78671875 0.25390625 0.05234375
2 0.178125 0.8390625 0.25390625 0.02734375
7 0.178125 0.9203125 0.25390625 0.10546875
7 0.18046875 0.99296875 0.2453125 0.0140625
2 0.45625 0.78671875 0.25390625 0.05234375
2 0.45625 0.8390625 0.25390625 0.02734375
6 0.4015625 0.88671875 0.1453125 0.02578125
7 0.50859375 0.88671875 0.0671875 0.02578125
7 0.54765625 0.88125 0.01171875 0.021875
7 0.45546875 0.9390625 0.253125 0.078125
0 0.45625 0.996875 0.25390625 0.00625
2 0.778125 0.78671875 0.3421875 0.05234375
4 0.93671875 0.83515625 0.015625 0.021875
0 0.93671875 0.8375 0.025 0.040625
4 0.9109375 0.83515625 0.015625 0.021875
0 0.9109375 0.8375 0.025 0.040625
2 0.68203125 0.83828125 0.14921875 0.0234375
7 0.778125 0.8703125 0.3421875 0.02734375
4 0.65859375 0.92421875 0.10234375 0.05234375
7 0.834375 0.9375 0.221875 0.078125
6 0.64765625 0.98828125 0.08125 0.0234375
7 0.7390625 0.98828125 0.1015625 0.0234375