2 0.5 0.5 1 1
7 0.02734375 0.01640625 0.0234375 0.021875
7 0.17421875 0.01640625 0.2546875 0.021875
4 0.0625 0.08828125 0.09765625 0.046875
0 0.0859375 0.08828125 0.14453125 0.046875
0 0.45390625 0.0953125 0.028125 0.05234375
0 0.52265625 0.0953125 0.0328125 0.05234375
7 0.60078125 0.09609375 0.04765625 0.02578125
0 0.61015625 0.096875 0.065625 0.05078125
0 0.76171875 0.0953125 0.1625 0.05234375
0 0.91953125 0.0953125 0.07734375 0.05234375
6 0.046875 0.1859375 0.0234375 0.0640625
6 0.10859375 0.1859375 0.02265625 0.0640625
6 0.18671875 0.1859375 0.0546875 0.0640625
6 0.321875 0.1859375 0.1375 0.0640625
6 0.4984375 0.1859375 0.13671875 0.0640625
1 0.8609375 0.16875 0.24375 0.0328125
0 0.9796875 0.171875 0.0296875 0.03359375
4 0.5 0.3109375 1 0.2171875
4 0.5 0.46328125 1 0.13046875
7 0.23984375 0.37109375 0.29765625 0.03359375
0 0.25703125 0.365625 0.45625 0.0921875
7 0.6421875 0.37109375 0.1328125 0.03359375
0 0.74296875 0.365625 0.45625 0.0921875
7 0.19765625 0.4765625 0.21796875 0.03359375
0 0.25703125 0.4703125 0.45625 0.0921875
7 0.6671875 0.4765625 0.190625 0.03359375
0 0.74296875 0.4703125 0.45625 0.0921875
7 0.1828125 0.58203125 0.184375 0.03359375
0 0.25703125 0.5765625 0.45625 0.0921875
7 0.65234375 0.58203125 0.165625 0.03359375
0 0.74296875 0.5765625 0.45625 0.0921875
7 0.1625 0.6875 0.1515625 0.03359375
0 0.25703125 0.68125 0.45625 0.0921875
7 0.6421875 0.6875 0.1328125 0.03359375
0 0.74296875 0.68125 0.45625 0.0921875
2 0.5 0.796875 0.9703125 0.03359375
7 0.25 0.86484375 0.4296875 0.046875
0 0.25 0.90234375 0.4703125 0.125
7 0.25 0.90078125 0.1390625 0.02578125
7 0.75 0.86484375 0.4296875 0.046875
0 0.75 0.90234375 0.4703125 0.125
7 0.75 0.90078125 0.4 0.02578125