6 0.0046875 0.01015625 0.00625 0.0203125
6 0.040625 0.01015625 0.034375 0.0203125
6 0.08828125 0.01015625 0.0296875 0.0203125
6 0.1453125 0.01015625 0.053125 0.0203125
6 0.22109375 0.01015625 0.0671875 0.0203125
6 0.2953125 0.01015625 0.046875 0.0203125
4 0.5 0.1671875 0.24375 0.24609375
1 0.5 0.3078125 0.43359375 0.03515625
5 0.65625 0.33671875 0.1234375 0.0140625
1 0.5 0.3578125 0.09765625 0.02890625
7 0.45078125 0.39453125 0.05546875 0.01796875
7 0.51171875 0.39453125 0.06875 0.01796875
7 0.5609375 0.39453125 0.03125 0.01796875
7 0.45 0.4140625 0.1203125 0.01796875
7 0.5453125 0.4140625 0.07421875 0.01796875
7 0.5953125 0.4140625 0.0296875 0.01796875
6 0.7296875 0.96484375 0.096875 0.01796875
7 0.78203125 0.96484375 0.00859375 0.01796875
6 0.82109375 0.96484375 0.0703125 0.01796875
7 0.85859375 0.96484375 0.00859375 0.01796875
6 0.8921875 0.96484375 0.0609375 0.01796875
7 0.9265625 0.96484375 0.00859375 0.01796875
6 0.96328125 0.96484375 0.065625 0.01796875
7 0.965625 0.984375 0.05859375 0.01796875