7 0.95078125 0.03671875 0.05 0.0234375
0 0.94375 0.03515625 0.084375 0.05234375
4 0.08515625 0.075 0.0875 0.15
7 0.7296875 0.03359375 0.0359375 0.046875
7 0.83046875 0.03515625 0.02421875 0.0234375
0 0.840625 0.034375 0.0734375 0.06875
0 0.3 0.034375 0.10859375 0.06875
0 0.403125 0.034375 0.0984375 0.06875
0 0.48671875 0.034375 0.07109375 0.06875
0 0.57890625 0.034375 0.1140625 0.06875
0 0.6703125 0.034375 0.07109375 0.06875
7 0.10859375 0.4890625 0.134375 0.053125
2 0.3625 0.5734375 0.64375 0.08984375
2 0.47734375 0.81875 0.8734375 0.0390625
7 0.2375 0.86796875 0.39375 0.025
7 0.51484375 0.86796875 0.16015625 0.025
7 0.49375 0.884375 0.90625 0.05703125
4 0.5 0.9875 0.28515625 0.025
0 0.5 0.9875 0.28515625 0.025
4 0.815625 0.9875 0.28515625 0.025
0 0.815625 0.9875 0.28515625 0.025