4 0.21484375 0.8765625 0.0453125 0.06015625
2 0.53515625 0.85703125 0.546875 0.02109375
7 0.53515625 0.9046875 0.546875 0.05859375
0 0.325 0.96796875 0.125 0.02734375
0 0.7640625 0.96796875 0.0921875 0.02734375
4 0.08671875 0.03359375 0.1265625 0.04140625
0 0.08671875 0.03359375 0.1265625 0.046875
1 0.28828125 0.03359375 0.18125 0.046875
6 0.4546875 0.03359375 0.0703125 0.015625
4 0.503125 0.03359375 0.015625 0.02109375
7 0.58046875 0.03359375 0.09296875 0.046875
4 0.63359375 0.03359375 0.015625 0.02109375
6 0.70390625 0.03359375 0.065625 0.015625
6 0.79609375 0.03359375 0.0484375 0.015625
0 0.91328125 0.03359375 0.1265625 0.046875
2 0.265625 0.246875 0.46875 0.196875
7 0.265625 0.4203125 0.46875 0.1109375
0 0.09453125 0.5609375 0.1265625 0.0484375
4 0.75 0.40390625 0.5 0.546875
4 0.75 0.40390625 0.5 0.546875
6 0.07734375 0.70078125 0.0921875 0.02578125
0 0.24609375 0.70859375 0.09765625 0.04140625
6 0.409375 0.70078125 0.08125 0.02578125
6 0.571875 0.70078125 0.09453125 0.02578125
6 0.7390625 0.70078125 0.0921875 0.02578125
6 0.9140625 0.70078125 0.109375 0.02578125
4 0.265625 0.91015625 0.46875 0.1796875
2 0.77265625 0.903125 0.39140625 0.1078125
7 0.77265625 0.9984375 0.39140625 0.00234375