4 0.05625 0.03671875 0.08203125 0.02890625
0 0.05625 0.03671875 0.08203125 0.02890625
0 0.85234375 0.03671875 0.09296875 0.04140625
0 0.94453125 0.03671875 0.07890625 0.04140625
2 0.84375 0.1484375 0.28125 0.078125
2 0.84375 0.20546875 0.28125 0.02578125
1 0.84375 0.29140625 0.28125 0.0625
5 0.84375 0.29140625 0.28125 0.0625
1 0.8078125 0.36953125 0.209375 0.0625
5 0.84375 0.36953125 0.28125 0.0625
0 0.94765625 0.37109375 0.0734375 0.06484375
0 0.79140625 0.45546875 0.1765625 0.05234375
0 0.9359375 0.45546875 0.0984375 0.0625
4 0.97265625 0.125 0.0234375 0.03125
0 0.97265625 0.125 0.046875 0.0625
2 0.28203125 0.2671875 0.5328125 0.2734375
4 0.73125 0.56328125 0.5375 0.8734375
7 0.14296875 0.50546875 0.2234375 0.03671875
0 0.21484375 0.50546875 0.3984375 0.078125
4 0.38671875 0.50546875 0.0234375 0.03125
7 0.1703125 0.60390625 0.27734375 0.03671875
0 0.21484375 0.60390625 0.3984375 0.078125
4 0.38671875 0.60390625 0.0234375 0.03125
7 0.18046875 0.703125 0.2984375 0.03671875
0 0.21484375 0.703125 0.3984375 0.078125
4 0.38671875 0.703125 0.0234375 0.03125