4 0.5 0.05234375 1 0.10390625
7 0.92109375 0.15078125 0.00390625 0.02109375
0 0.9484375 0.15078125 0.05078125 0.02109375
7 0.975 0.15078125 0.0046875 0.02109375
4 0.29609375 0.16171875 0.03515625 0.046875
7 0.46953125 0.1609375 0.30625 0.02734375
6 0.68515625 0.1609375 0.12578125 0.02734375
7 0.63203125 0.18359375 0.33671875 0.07265625
4 0.5984375 0.20703125 0.03515625 0.046875
6 0.29765625 0.30078125 0.11796875 0.04140625
7 0.378125 0.30078125 0.04375 0.04140625
6 0.4578125 0.30078125 0.1171875 0.04140625
7 0.29453125 0.3453125 0.10859375 0.02578125
6 0.36796875 0.3453125 0.040625 0.02578125
7 0.396875 0.3453125 0.01875 0.02578125
6 0.45234375 0.3453125 0.09296875 0.02578125
4 0.2453125 0.3984375 0.01484375 0.02109375
6 0.30390625 0.396875 0.096875 0.021875
4 0.37109375 0.3984375 0.015625 0.02109375
6 0.44765625 0.396875 0.13984375 0.021875
4 0.5359375 0.3984375 0.015625 0.02109375
6 0.45234375 0.4109375 0.42890625 0.05078125
6 0.8109375 0.3375 0.0625 0.021875
6 0.85625 0.3375 0.025 0.021875
7 0.878125 0.3375 0.01953125 0.021875
6 0.91015625 0.3375 0.0484375 0.021875
6 0.85234375 0.3765625 0.165625 0.02109375
4 0.334375 0.5484375 0.24375 0.03359375
4 0.23515625 0.5484375 0.0375 0.05078125
7 0.28671875 0.5515625 0.07109375 0.0453125
4 0.51796875 0.6390625 0.14765625 0.125
7 0.23203125 0.60078125 0.0109375 0.021875
7 0.2796875 0.60078125 0.0859375 0.021875
7 0.34609375 0.60078125 0.04765625 0.021875
6 0.32421875 0.615625 0.1953125 0.05078125
7 0.3171875 0.6296875 0.1046875 0.021875
6 0.39765625 0.6296875 0.05859375 0.021875
7 0.30390625 0.6578125 0.15546875 0.021875
6 0.253125 0.68671875 0.05390625 0.021875
7 0.34765625 0.68671875 0.134375 0.021875
6 0.25625 0.715625 0.059375 0.021875
6 0.303125 0.7296875 0.15234375 0.05078125
7 0.3265625 0.74375 0.03828125 0.021875
6 0.3859375 0.74375 0.084375 0.021875
7 0.43046875 0.74375 0.0046875 0.021875
7 0.3109375 0.78203125 0.16875 0.021875
6 0.42265625 0.78203125 0.05625 0.021875
7 0.39609375 0.79609375 0.3390625 0.05078125
6 0.3578125 0.8109375 0.0796875 0.021875
7 0.4140625 0.8109375 0.0375 0.021875
6 0.46640625 0.8109375 0.06953125 0.021875
7 0.38671875 0.825 0.3203125 0.05078125
6 0.45234375 0.8390625 0.03125 0.021875
7 0.52421875 0.8390625 0.115625 0.021875
6 0.30390625 0.86796875 0.1546875 0.021875
7 0.428125 0.86796875 0.09375 0.021875
6 0.521875 0.86796875 0.0953125 0.021875
7 0.4 0.896875 0.346875 0.0796875
7 0.275 0.9625 0.09765625 0.021875
6 0.34453125 0.9625 0.0421875 0.021875
7 0.403125 0.97578125 0.35234375 0.0484375
6 0.4578125 0.98984375 0.09375 0.0203125
7 0.5078125 0.98984375 0.009375 0.0203125
6 0.54296875 0.98984375 0.0640625 0.0203125
7 0.57734375 0.98984375 0.0046875 0.0203125
4 0.759375 0.5484375 0.2453125 0.03359375
4 0.6609375 0.5484375 0.03828125 0.05078125
7 0.72265625 0.5515625 0.09375 0.0453125
7 0.68359375 0.60078125 0.0640625 0.021875
7 0.73203125 0.60078125 0.034375 0.021875
6 0.78671875 0.60078125 0.07734375 0.021875
7 0.8484375 0.60078125 0.0484375 0.021875
6 0.8890625 0.60078125 0.034375 0.021875
7 0.784375 0.615625 0.26640625 0.05078125
7 0.8 0.68125 0.29765625 0.05078125
6 0.8484375 0.69609375 0.10859375 0.021875
7 0.9046875 0.69609375 0.0046875 0.021875
6 0.68125 0.725 0.059375 0.021875
7 0.771875 0.725 0.12421875 0.021875
6 0.8453125 0.725 0.025 0.021875
7 0.890625 0.725 0.06640625 0.021875
6 0.703125 0.753125 0.103125 0.021875
7 0.7921875 0.78203125 0.28203125 0.0796875
6 0.753125 0.8109375 0.0703125 0.021875
7 0.7859375 0.825 0.26953125 0.05078125
7 0.75546875 0.8765625 0.2078125 0.021875
6 0.8796875 0.8765625 0.04296875 0.021875
7 0.92265625 0.8765625 0.046875 0.021875
6 0.6921875 0.90546875 0.08125 0.021875
7 0.7421875 0.90546875 0.0234375 0.021875
6 0.8453125 0.90546875 0.184375 0.021875
7 0.796875 0.9203125 0.290625 0.05078125
6 0.8875 0.934375 0.09453125 0.021875
7 0.7984375 0.9484375 0.2953125 0.05078125
6 0.8234375 0.9625 0.17890625 0.021875
7 0.91484375 0.9625 0.0046875 0.021875
4 0.66015625 0.99765625 0.0390625 0.0046875
2 0.1078125 0.5078125 0.215625 0.984375
7 0.70546875 0.02109375 0.1359375 0.02578125
6 0.8109375 0.025 0.05859375 0.01796875
6 0.8703125 0.025 0.04765625 0.01796875
6 0.9265625 0.025 0.04609375 0.01796875
6 0.97109375 0.025 0.028125 0.01796875
0 0.2296875 0.078125 0.11328125 0.05234375
0 0.32734375 0.078125 0.08515625 0.05234375
0 0.5515625 0.078125 0.04765625 0.05234375
0 0.6375 0.078125 0.12578125 0.05234375
0 0.73828125 0.078125 0.078125 0.05234375
1 0.884375 0.08046875 0.2015625 0.03671875
1 0.971875 0.08046875 0.0234375 0.03359375
1 0.971875 0.08046875 0.0234375 0.03359375
4 0.0859375 0.10390625 0.15625 0.2078125
6 0.071875 0.2515625 0.090625 0.01953125
6 0.0703125 0.2765625 0.0875 0.01953125
6 0.07109375 0.3015625 0.0890625 0.01953125
6 0.06640625 0.3265625 0.0796875 0.01953125
6 0.0453125 0.35078125 0.03828125 0.01953125
6 0.040625 0.37578125 0.028125 0.01953125
6 0.08359375 0.4 0.1140625 0.01953125
2 0.090625 0.44453125 0.12890625 0.01953125
6 0.071875 0.47578125 0.0921875 0.01953125
6 0.0359375 0.50078125 0.01953125 0.01953125
6 0.06328125 0.525 0.07421875 0.01953125
6 0.075 0.55 0.09765625 0.01953125
6 0.04765625 0.575 0.0421875 0.01953125
2 0.090625 0.61875 0.12890625 0.01953125
6 0.0578125 0.65 0.06328125 0.01953125
6 0.0765625 0.675 0.10078125 0.01953125
6 0.0796875 0.7 0.1078125 0.01953125
6 0.06640625 0.725 0.0796875 0.01953125
6 0.07109375 0.74921875 0.0890625 0.01953125
6 0.078125 0.77421875 0.103125 0.01953125
6 0.07578125 0.7984375 0.0984375 0.01953125
2 0.090625 0.84296875 0.12890625 0.01953125
6 0.0828125 0.87421875 0.1125 0.01953125
6 0.05390625 0.89921875 0.05546875 0.01953125
6 0.053125 0.9234375 0.05390625 0.01953125
6 0.0578125 0.9484375 0.06328125 0.01953125
6 0.05390625 0.9734375 0.0546875 0.01953125
6 0.04921875 0.99375 0.04609375 0.01171875