7 0.265625 0.0453125 0.48828125 0.046875
4 0.5328125 0.0453125 0.01640625 0.021875
0 0.67265625 0.0453125 0.32734375 0.046875
7 0.659375 0.046875 0.26953125 0.046875
0 0.89765625 0.0453125 0.0921875 0.046875
0 0.0296875 0.11953125 0.03515625 0.05703125
0 0.12421875 0.11953125 0.04609375 0.05703125
0 0.225 0.11953125 0.046875 0.05703125
0 0.33359375 0.11953125 0.06328125 0.05703125
0 0.4484375 0.11953125 0.059375 0.05703125
0 0.5515625 0.11953125 0.03828125 0.05703125
0 0.65234375 0.11953125 0.05625 0.05703125
0 0.7703125 0.11953125 0.07109375 0.05703125
4 0.878125 0.11953125 0.03828125 0.05703125
0 0.96953125 0.11953125 0.0375 0.05703125
4 0.5 0.29140625 0.078125 0.10390625
2 0.5 0.36953125 0.67578125 0.04140625
2 0.5 0.4734375 0.67578125 0.13671875
7 0.5 0.6375 0.67578125 0.15234375
0 0.50078125 0.78828125 0.36015625 0.0484375
7 0.446875 0.8453125 0.18125 0.021875
6 0.5921875 0.8453125 0.103125 0.021875
4 0.49921875 0.96171875 0.6328125 0.0765625