4 0.5 0.03671875 1 0.07265625
4 0.078125 0.03671875 0.05859375 0.07265625
6 0.1921875 0.0359375 0.07890625 0.025
6 0.2734375 0.0359375 0.0453125 0.025
6 0.353125 0.0359375 0.075 0.025
6 0.42890625 0.0359375 0.03828125 0.025
4 0.603125 0.03359375 0.065625 0.0234375
7 0.678125 0.0359375 0.04765625 0.025
6 0.72734375 0.0359375 0.05 0.025
7 0.76796875 0.0359375 0.03203125 0.025
7 0.8359375 0.0375 0.05859375 0.02578125
0 0.85859375 0.0375 0.1046875 0.07421875
4 0.884375 0.0375 0.021875 0.02734375
4 0.9328125 0.03671875 0.02265625 0.03125
0 0.93359375 0.03671875 0.04296875 0.07265625
4 0.5 0.5 1 1
4 0.35859375 0.3109375 0.0515625 0.08046875
2 0.5140625 0.2953125 0.2203125 0.046875
2 0.5046875 0.3375 0.20234375 0.046875
7 0.5 0.41796875 0.334375 0.078125
7 0.475 0.490625 0.284375 0.02578125
6 0.38359375 0.5171875 0.10078125 0.02578125
7 0.428125 0.5640625 0.1890625 0.02578125
6 0.46796875 0.58984375 0.2703125 0.02578125
7 0.5 0.63671875 0.334375 0.02578125
0 0.39921875 0.7015625 0.13203125 0.0625
2 0.090625 0.090625 0.084375 0.025
4 0.19140625 0.0875 0.09765625 0.02890625
4 0.5 0.49609375 1 0.75
4 0.5 0.4921875 1 0.7421875
2 0.2703125 0.409375 0.4515625 0.11875
2 0.5 0.50703125 0.90234375 0.06875
0 0.1109375 0.5828125 0.13203125 0.053125
0 0.1109375 0.5828125 0.13203125 0.02734375
4 0.19921875 0.93671875 0.29296875 0.1265625
0 0.19921875 0.93671875 0.29296875 0.1265625
4 0.49921875 0.93671875 0.29375 0.1265625
0 0.49921875 0.93671875 0.29375 0.1265625
4 0.8 0.93671875 0.29375 0.1265625
0 0.8 0.93671875 0.29375 0.1265625