7 0.371875 0.05546875 0.503125 0.05625
7 0.41484375 0.0734375 0.028125 0.01953125
7 0.365625 0.0828125 0.49140625 0.0375
7 0.70859375 0.0640625 0.06953125 0.01953125
0 0.70859375 0.06484375 0.06953125 0.02890625
7 0.828125 0.06484375 0.0921875 0.04921875
4 0.07109375 0.1921875 0.09765625 0.071875
0 0.07109375 0.190625 0.09765625 0.025
7 0.215625 0.15546875 0.08203125 0.025
0 0.215625 0.15546875 0.11328125 0.05078125
7 0.34375 0.15546875 0.07421875 0.025
0 0.34375 0.15546875 0.10546875 0.05078125
7 0.465625 0.15546875 0.0703125 0.025
0 0.465625 0.15546875 0.1015625 0.05078125
7 0.5796875 0.15546875 0.0578125 0.025
0 0.5796875 0.15546875 0.0890625 0.05078125
7 0.39140625 0.2171875 0.08203125 0.025
0 0.39140625 0.2171875 0.11328125 0.05078125
7 0.7078125 0.15546875 0.053125 0.025
0 0.7078125 0.15546875 0.0921875 0.05078125
7 0.80390625 0.15546875 0.0625 0.025
0 0.80390625 0.15546875 0.1015625 0.05078125
7 0.7453125 0.20625 0.09375 0.025
0 0.7453125 0.20625 0.09375 0.021875
2 0.375 0.38125 0.69140625 0.146875
2 0.375 0.50703125 0.69140625 0.0875
0 0.1453125 0.6453125 0.23125 0.0796875
0 0.1453125 0.7046875 0.0828125 0.0296875
1 0.36875 0.8828125 0.67890625 0.078125
1 0.853125 0.8828125 0.23515625 0.078125
7 0.3921875 0.946875 0.30078125 0.01953125
6 0.59375 0.946875 0.103125 0.01953125
7 0.66015625 0.946875 0.03125 0.01953125
6 0.71640625 0.946875 0.0828125 0.01953125