4 0.5 0.05234375 1 0.10390625
7 0.9328125 0.15078125 0.00390625 0.02109375
0 0.95390625 0.15078125 0.0390625 0.02109375
7 0.975 0.15078125 0.0046875 0.02109375
6 0.3875 0.15078125 0.07734375 0.02109375
7 0.45078125 0.15078125 0.0515625 0.02109375
6 0.5015625 0.15078125 0.0515625 0.02109375
7 0.590625 0.15078125 0.128125 0.02109375
6 0.67265625 0.15078125 0.0390625 0.02109375
7 0.7109375 0.15078125 0.0390625 0.02109375
6 0.37109375 0.17734375 0.16015625 0.02109375
7 0.5140625 0.17734375 0.128125 0.02109375
6 0.63203125 0.17734375 0.109375 0.02109375
7 0.73671875 0.17734375 0.10234375 0.02109375
6 0.45 0.28984375 0.184375 0.0375
7 0.6078125 0.28984375 0.13203125 0.0375
7 0.415625 0.32109375 0.109375 0.021875
6 0.525 0.32109375 0.109375 0.021875
6 0.60078125 0.32109375 0.040625 0.021875
6 0.6484375 0.32109375 0.0546875 0.021875
7 0.6890625 0.32109375 0.02734375 0.021875
6 0.790625 0.2875 0.06640625 0.0234375
7 0.83828125 0.2875 0.03046875 0.0234375
6 0.86796875 0.2875 0.03046875 0.0234375
7 0.91875 0.2875 0.07421875 0.0234375
6 0.91875 0.31875 0.07421875 0.0234375
6 0.846875 0.35 0.21875 0.0234375
4 0.33125 0.44921875 0.24375 0.03359375
4 0.23359375 0.4484375 0.0375 0.05078125
2 0.31328125 0.45 0.10625 0.02734375
4 0.2890625 0.55078125 0.146875 0.1484375
6 0.39921875 0.5015625 0.059375 0.0234375
7 0.44296875 0.5015625 0.03046875 0.0234375
6 0.48125 0.5015625 0.04765625 0.0234375
7 0.5125 0.5015625 0.015625 0.0234375
6 0.54921875 0.5015625 0.059375 0.0234375
7 0.4890625 0.5171875 0.2390625 0.0546875
6 0.48671875 0.5484375 0.23515625 0.0546875
7 0.48671875 0.5796875 0.23515625 0.0546875
7 0.48671875 0.6109375 0.23515625 0.0546875
7 0.45 0.6265625 0.103125 0.0234375
6 0.51640625 0.6265625 0.03046875 0.0234375
7 0.53828125 0.6265625 0.015625 0.0234375
6 0.56015625 0.6265625 0.03046875 0.0234375
7 0.58203125 0.6265625 0.015625 0.0234375
6 0.409375 0.6421875 0.3875 0.0546875
7 0.25234375 0.6578125 0.04375 0.0234375
6 0.2890625 0.6578125 0.0296875 0.0234375
7 0.41328125 0.6734375 0.3953125 0.0546875
6 0.41328125 0.6890625 0.04375 0.0234375
7 0.41328125 0.7046875 0.3953125 0.0546875
6 0.553125 0.7203125 0.05859375 0.0234375
7 0.5890625 0.7203125 0.01484375 0.0234375
7 0.41328125 0.7359375 0.3953125 0.0546875
7 0.29609375 0.7515625 0.01484375 0.0234375
6 0.3328125 0.7515625 0.05859375 0.0234375
7 0.36953125 0.7515625 0.01484375 0.0234375
7 0.42109375 0.7515625 0.0875 0.0234375
7 0.53046875 0.7515625 0.13203125 0.0234375
7 0.2671875 0.79296875 0.10234375 0.0234375
6 0.34765625 0.79296875 0.05859375 0.0234375
7 0.41484375 0.80859375 0.39765625 0.0546875
6 0.553125 0.82421875 0.05859375 0.0234375
7 0.41328125 0.87109375 0.3953125 0.1171875
6 0.471875 0.91796875 0.10234375 0.0234375
7 0.41328125 0.93359375 0.3953125 0.0546875
6 0.35 0.98046875 0.07421875 0.0234375
6 0.4421875 0.98046875 0.0890625 0.0234375
6 0.53515625 0.98046875 0.07421875 0.0234375
6 0.5984375 0.98046875 0.0296875 0.0234375
4 0.7796875 0.44921875 0.24375 0.03359375
4 0.68125 0.4484375 0.0375 0.05078125
2 0.75234375 0.45 0.0890625 0.02734375
4 0.76171875 0.67265625 0.1953125 0.3921875
7 0.7078125 0.8828125 0.0875 0.0234375
6 0.77421875 0.8828125 0.04375 0.0234375
7 0.834375 0.8828125 0.07734375 0.0234375
6 0.8046875 0.8984375 0.28125 0.0546875
7 0.7515625 0.9140625 0.0296875 0.0234375
6 0.83515625 0.9453125 0.07421875 0.0234375
6 0.9203125 0.9453125 0.0734375 0.0234375
4 0.7796875 0.99140625 0.24375 0.0171875
4 0.68125 0.98671875 0.0375 0.02578125
2 0.7609375 0.99296875 0.10625 0.0140625
2 0.85078125 0.99296875 0.0671875 0.0140625
2 0.071875 0.5078125 0.14375 0.984375
7 0.671875 0.02109375 0.1328125 0.02578125
6 0.76484375 0.025 0.03515625 0.01796875
6 0.8140625 0.025 0.046875 0.01796875
6 0.8875 0.025 0.08203125 0.01796875
6 0.9609375 0.025 0.046875 0.01796875
0 0.21875 0.078125 0.0921875 0.05234375
0 0.29140625 0.078125 0.05390625 0.05234375
0 0.5984375 0.078125 0.0421875 0.05234375
0 0.66484375 0.078125 0.09296875 0.05234375
0 0.74375 0.078125 0.0671875 0.05234375
1 0.884375 0.08046875 0.2015625 0.03671875
1 0.971875 0.08046875 0.0234375 0.03359375
1 0.971875 0.08046875 0.0234375 0.03359375
4 0.0859375 0.10390625 0.15625 0.2078125
6 0.06171875 0.2515625 0.07109375 0.01953125
6 0.08515625 0.28515625 0.11796875 0.03671875
6 0.06171875 0.31875 0.07109375 0.01953125
6 0.06171875 0.34296875 0.07109375 0.01953125
6 0.05625 0.36796875 0.059375 0.01953125
6 0.06171875 0.3921875 0.07109375 0.01953125
6 0.06171875 0.4171875 0.07109375 0.01953125
6 0.0890625 0.45078125 0.12578125 0.03671875
2 0.090625 0.50546875 0.12890625 0.0234375
6 0.04453125 0.53828125 0.0359375 0.01953125
6 0.04453125 0.56328125 0.0359375 0.01953125
6 0.05 0.5875 0.04765625 0.01953125
6 0.05625 0.6125 0.059375 0.01953125
6 0.03828125 0.6375 0.02421875 0.01953125
6 0.08515625 0.6703125 0.11796875 0.03671875
2 0.090625 0.725 0.12890625 0.0234375
6 0.05 0.75859375 0.04765625 0.01953125
6 0.08515625 0.7828125 0.11796875 0.01953125
6 0.08515625 0.81640625 0.11796875 0.03671875
6 0.05625 0.85 0.059375 0.01953125
6 0.08515625 0.87421875 0.11796875 0.01953125
6 0.05625 0.89921875 0.059375 0.01953125
6 0.0734375 0.9234375 0.09453125 0.01953125
6 0.0734375 0.9484375 0.09453125 0.01953125
2 0.090625 0.99140625 0.12890625 0.0171875