0 0.0671875 0.02109375 0.134375 0.04140625
4 0.08046875 0.0515625 0.1140625 0.04296875
0 0.08046875 0.0515625 0.1140625 0.04296875
5 0.184375 0.040625 0.04765625 0.02734375
4 0.184375 0.0515625 0.0203125 0.02734375
1 0.28984375 0.0515625 0.259375 0.0484375
1 0.1953125 0.09140625 0.0703125 0.03125
0 0.81015625 0.0515625 0.08125 0.04296875
0 0.9 0.0515625 0.0546875 0.0484375
7 0.090625 0.04765625 0.18046875 0.025
0 0.96484375 0.0515625 0.0234375 0.0328125
4 0.96484375 0.0515625 0.0234375 0.0328125
4 0.5 0.1890625 1 0.08984375
2 0.38046875 0.35859375 0.54765625 0.2484375
7 0.38046875 0.3640625 0.54765625 0.1265625
4 0.5 0.53984375 1 0.11328125
2 0.5 0.621875 0.953125 0.05625
4 0.3390625 0.84453125 0.63125 0.3109375
0 0.3390625 0.84453125 0.63125 0.3109375
2 0.82265625 0.8078125 0.3078125 0.1578125
7 0.82265625 0.953125 0.3078125 0.09375
2 0.5 0.72890625 0.63125 0.05234375
7 0.48828125 0.83046875 0.6078125 0.10390625
6 0.5171875 0.871875 0.09453125 0.021875
7 0.565625 0.871875 0.0046875 0.021875
0 0.225 0.92734375 0.08125 0.04140625
0 0.33125 0.92734375 0.0921875 0.04140625