7 0.48359375 0.0140625 0.275 0.01953125
6 0.63671875 0.0140625 0.0296875 0.01953125
4 0.5 0.10625 0.2640625 0.13125
4 0.93671875 0.08828125 0.06328125 0.08359375
4 0.89453125 0.15078125 0.0171875 0.0234375
6 0.9484375 0.15078125 0.078125 0.02578125
4 0.140625 0.34453125 0.25 0.2484375
7 0.51484375 0.24296875 0.48125 0.0453125
6 0.3078125 0.278125 0.0671875 0.021875
7 0.521875 0.28984375 0.49375 0.0453125
6 0.378125 0.3015625 0.078125 0.021875
7 0.43828125 0.3015625 0.04375 0.021875
7 0.528125 0.36875 0.50703125 0.06875
6 0.459375 0.3921875 0.0578125 0.021875
7 0.49140625 0.3921875 0.00625 0.021875
7 0.44375 0.43671875 0.3375 0.021875
6 0.63671875 0.43671875 0.05078125 0.021875
7 0.5265625 0.4484375 0.50390625 0.0453125
6 0.38125 0.46015625 0.18828125 0.021875
7 0.47578125 0.46015625 0.0046875 0.021875
7 0.39921875 0.50546875 0.76640625 0.0234375
7 0.41875 0.54921875 0.72734375 0.0234375
7 0.41875 0.57265625 0.72734375 0.0234375
7 0.41875 0.59609375 0.72734375 0.0234375
7 0.19140625 0.61875 0.2734375 0.021875
6 0.4171875 0.61875 0.17890625 0.021875
7 0.50703125 0.61875 0.0046875 0.021875
7 0.41875 0.64296875 0.72734375 0.0234375
7 0.41875 0.66640625 0.72734375 0.0234375
7 0.41875 0.68984375 0.72734375 0.0234375
7 0.41875 0.71328125 0.72734375 0.0234375
7 0.384375 0.7359375 0.66015625 0.021875
6 0.7453125 0.7359375 0.0625 0.021875
7 0.115625 0.759375 0.121875 0.021875
4 0.05859375 0.83359375 0.0859375 0.08046875
7 0.8921875 0.21015625 0.1953125 0.02734375
4 0.80390625 0.23671875 0.01171875 0.015625
6 0.8421875 0.2375 0.053125 0.01953125
4 0.80390625 0.2640625 0.01171875 0.015625
6 0.840625 0.26484375 0.05 0.01953125
4 0.80390625 0.29140625 0.01171875 0.015625
6 0.8515625 0.2921875 0.071875 0.01953125
4 0.80390625 0.31875 0.01171875 0.015625
6 0.85078125 0.31953125 0.0703125 0.01953125
4 0.80390625 0.34609375 0.01171875 0.015625
6 0.865625 0.346875 0.10078125 0.01953125
4 0.80390625 0.3734375 0.01171875 0.015625
6 0.8390625 0.37421875 0.04765625 0.01953125
4 0.80390625 0.40078125 0.01171875 0.015625
6 0.84375 0.4015625 0.05625 0.01953125
4 0.80390625 0.428125 0.01171875 0.015625
6 0.83671875 0.42890625 0.0421875 0.01953125
7 0.8328125 0.45625 0.0703125 0.01953125
4 0.80390625 0.4828125 0.01171875 0.015625
6 0.86171875 0.48359375 0.09296875 0.01953125
4 0.80390625 0.51015625 0.01171875 0.015625
6 0.84140625 0.5109375 0.0515625 0.01953125
7 0.81171875 0.53828125 0.02734375 0.01953125
4 0.80390625 0.56484375 0.01171875 0.015625
6 0.865625 0.565625 0.10078125 0.01953125
4 0.80390625 0.5921875 0.01171875 0.015625
6 0.878125 0.59296875 0.12578125 0.01953125
4 0.80390625 0.61953125 0.01171875 0.015625
6 0.8796875 0.6203125 0.12890625 0.01953125
7 0.85625 0.64765625 0.11640625 0.01953125
4 0.80390625 0.67421875 0.01171875 0.015625
6 0.853125 0.675 0.075 0.01953125
4 0.80390625 0.7015625 0.01171875 0.015625
6 0.8734375 0.70234375 0.11640625 0.01953125
4 0.8921875 0.7296875 0.078125 0.01953125
4 0.8921875 0.76015625 0.09765625 0.02578125
4 0.8921875 0.7984375 0.09765625 0.03359375
7 0.81953125 0.8328125 0.04296875 0.01953125
4 0.8921875 0.86875 0.0703125 0.0375
4 0.5 0.9234375 0.1171875 0.05234375