4 0.0703125 0.046875 0.1 0.09375
0 0.0703125 0.046875 0.1 0.09375
7 0.4125 0.046875 0.06171875 0.09375
7 0.49609375 0.046875 0.1078125 0.09375
7 0.5953125 0.046875 0.09296875 0.09375
7 0.68125 0.046875 0.08203125 0.09375
7 0.76953125 0.046875 0.0953125 0.09375
0 0.84765625 0.046875 0.0625 0.0625
4 0.9 0.0453125 0.0234375 0.03125
0 0.9 0.046875 0.04296875 0.09375
4 0.94375 0.0453125 0.0234375 0.03125
0 0.94375 0.046875 0.04296875 0.09375
4 0.0671875 0.1671875 0.0578125 0.0765625
0 0.259375 0.171875 0.46484375 0.09375
2 0.1671875 0.17109375 0.10546875 0.0484375
2 0.24296875 0.1625 0.0234375 0.025
7 0.259375 0.328125 0.44921875 0.15625
0 0.11484375 0.46875 0.159375 0.0625
7 0.2671875 0.46796875 0.0859375 0.025
4 0.31953125 0.4671875 0.0125 0.015625
4 0.5703125 0.1671875 0.0640625 0.084375
0 0.7515625 0.171875 0.4421875 0.09375
2 0.7640625 0.171875 0.29375 0.05234375
7 0.7515625 0.328125 0.4265625 0.15625
0 0.615625 0.46875 0.15546875 0.0625
7 0.84140625 0.46875 0.23515625 0.02109375
4 0.0671875 0.6671875 0.06328125 0.084375
0 0.259375 0.671875 0.46484375 0.09375
2 0.26953125 0.671875 0.3109375 0.05234375
7 0.259375 0.80234375 0.44921875 0.10390625
0 0.1046875 0.91640625 0.1390625 0.0625
7 0.2859375 0.91640625 0.16328125 0.02109375
4 0.57109375 0.6671875 0.04609375 0.0609375
0 0.7515625 0.671875 0.4421875 0.09375
2 0.66484375 0.671875 0.09453125 0.05234375
7 0.7515625 0.80234375 0.4265625 0.10390625
0 0.659375 0.91640625 0.24296875 0.0625
7 0.76953125 0.63046875 0.396875 0.08359375
7 0.746875 0.74375 0.3234375 0.01796875
7 0.7671875 0.7640625 0.365625 0.01796875
7 0.7359375 0.78515625 0.303125 0.01796875
7 0.91171875 0.78515625 0.05 0.01796875
7 0.60625 0.80625 0.0421875 0.01796875
7 0.659375 0.80625 0.0640625 0.01796875
6 0.7328125 0.80625 0.08515625 0.01796875
7 0.8421875 0.80625 0.134375 0.01796875
6 0.65546875 0.8265625 0.140625 0.01796875
7 0.83515625 0.8265625 0.21875 0.01796875
7 0.721875 0.84765625 0.27421875 0.01796875
6 0.90078125 0.84765625 0.08515625 0.01796875
7 0.946875 0.84765625 0.0078125 0.01796875
7 0.58828125 0.8890625 0.00703125 0.01796875
6 0.5953125 0.8890625 0.0078125 0.01796875
7 0.64140625 0.8890625 0.0859375 0.01796875
7 0.715625 0.8890625 0.0078125 0.01796875
6 0.7234375 0.8890625 0.0078125 0.01796875
7 0.7625 0.8890625 0.07109375 0.01796875
7 0.6 0.96875 0.05625 0.01796875
7 0.56171875 0.58359375 0.01953125 0.02578125
4 0.5 0.92109375 0.5859375 0.13125
4 0.7796875 0.8734375 0.01484375 0.02109375