3 0.5 0.2125 0.946875 0.32578125
4 0.1484375 0.4328125 0.21484375 0.071875
0 0.1484375 0.4328125 0.21484375 0.071875
0 0.33671875 0.43125 0.1171875 0.0328125
0 0.44296875 0.43125 0.0890625 0.0328125
0 0.54375 0.43125 0.10625 0.0328125
0 0.64453125 0.4140625 0.0703125 0.09375
1 0.8140625 0.4328125 0.24375 0.05859375
4 0.91640625 0.4328125 0.01484375 0.01953125
0 0.91640625 0.4328125 0.03984375 0.05859375
0 0.9015625 0.5 0.06953125 0.0390625
0 0.865625 0.41171875 0.0390625 0.05234375
4 0.3546875 0.43515625 0.0203125 0.02578125
1 0.42890625 0.4328125 0.1953125 0.05859375
4 0.54375 0.4328125 0.0203125 0.0328125
1 0.66484375 0.4328125 0.2 0.0375
4 0.78515625 0.434375 0.015625 0.0328125
0 0.78515625 0.434375 0.0375 0.0609375
7 0.090625 0.9171875 0.01953125 0.03515625
4 0.01328125 0.7578125 0.0265625 0.484375
4 0.5 0.7578125 0.946875 0.484375
4 0.98671875 0.7578125 0.0265625 0.484375
7 0.909375 0.9171875 0.01953125 0.03515625
7 0.33203125 0.97421875 0.11875 0.02109375
6 0.4859375 0.97421875 0.19140625 0.02109375
7 0.65390625 0.97421875 0.1453125 0.02109375
7 0.99140625 0.9609375 0.0171875 0.02578125