4 0.9765625 0.053125 0.0328125 0.04296875
4 0.11015625 0.04765625 0.1640625 0.0953125
7 0.353125 0.046875 0.35546875 0.03125
7 0.63359375 0.046875 0.20625 0.03125
4 0.7546875 0.04765625 0.03046875 0.040625
0 0.8859375 0.04765625 0.171875 0.0484375
0 0.284375 0.14140625 0.103125 0.071875
0 0.39296875 0.14140625 0.11640625 0.071875
0 0.49921875 0.14140625 0.0984375 0.071875
0 0.6 0.14140625 0.1046875 0.071875
0 0.7015625 0.14140625 0.1 0.071875
0 0.7921875 0.14140625 0.08203125 0.071875
0 0.86875 0.14140625 0.07109375 0.071875
0 0.86875 0.14140625 0.07109375 0.071875
0 0.9484375 0.14140625 0.0875 0.071875
0 0.9484375 0.14140625 0.0875 0.071875
2 0.35625 0.4625 0.1703125 0.5484375
2 0.584375 0.2125 0.28828125 0.0640625
2 0.5 0.259375 0.259375 0.0640625
2 0.5 0.33125 0.87890625 0.03515625
4 0.3765625 0.45234375 0.0171875 0.025
0 0.5 0.45234375 0.29296875 0.05859375
7 0.5234375 0.45234375 0.24609375 0.05859375
4 0.3765625 0.540625 0.021875 0.04296875
0 0.5 0.540625 0.29296875 0.05859375
7 0.5234375 0.540625 0.24609375 0.05859375
7 0.5 0.59609375 0.05078125 0.0234375
0 0.5 0.65 0.29296875 0.06015625
6 0.5 0.7046875 0.0609375 0.02734375
4 0.2828125 0.9984375 0.0296875 0.00234375
7 0.27265625 0.9984375 0.00859375 0.00234375
4 0.25 0.93828125 0.353125 0.1234375
4 0.06328125 0.93125 0.078125 0.13671875
4 0.115625 0.2515625 0.0890625 0.03359375
4 0.115625 0.2953125 0.0890625 0.03359375
4 0.115625 0.33984375 0.0890625 0.03359375
4 0.415625 0.7203125 0.0890625 0.03359375
4 0.415625 0.80859375 0.0890625 0.03359375
4 0.725 0.92421875 0.0359375 0.04921875
4 0.725 0.928125 0.0359375 0.05625
7 0.71796875 0.81875 0.0953125 0.0171875
5 0.6828125 0.8453125 0.0265625 0.0171875
4 0.7171875 0.8625 0.084375 0.0140625
5 0.68828125 0.8953125 0.0359375 0.0171875
4 0.7171875 0.91796875 0.084375 0.02578125
7 0.71796875 0.959375 0.0953125 0.021875
4 0.75 0.93828125 0.353125 0.1234375
4 0.8703125 0.6703125 0.07890625 0.12109375
4 0.821875 0.3265625 0.05390625 0.13828125
4 0.8828125 0.3265625 0.0546875 0.13828125
4 0.821875 0.47109375 0.05390625 0.13828125
4 0.8828125 0.47109375 0.0546875 0.13828125