0 0.0453125 0.02421875 0.05078125 0.04296875
0 0.090625 0.02265625 0.03984375 0.04296875
0 0.13203125 0.02265625 0.0390625 0.04296875
0 0.17265625 0.02265625 0.0390625 0.04296875
0 0.2140625 0.02265625 0.0390625 0.04296875
0 0.6203125 0.02265625 0.065625 0.04296875
0 0.69609375 0.02265625 0.0828125 0.04296875
0 0.7703125 0.02265625 0.06328125 0.04296875
0 0.8375 0.02265625 0.06953125 0.04296875
0 0.9265625 0.02265625 0.10625 0.04296875
2 0.13828125 0.140625 0.2375 0.0859375
4 0.78515625 0.13671875 0.390625 0.13046875
0 0.08359375 0.265625 0.08671875 0.046875
0 0.20390625 0.265625 0.15 0.046875
0 0.30625 0.265625 0.05 0.046875
0 0.36796875 0.265625 0.0703125 0.046875
0 0.471875 0.265625 0.1328125 0.046875
0 0.93828125 0.2625 0.021875 0.025
1 0.8109375 0.2625 0.215625 0.0328125
4 0.7375 0.3765625 0.04375 0.0484375
0 0.80703125 0.41015625 0.25859375 0.16171875
7 0.83203125 0.37734375 0.1328125 0.0859375
7 0.80703125 0.42421875 0.25859375 0.03125
7 0.80703125 0.45546875 0.25859375 0.03125
0 0.80703125 0.525 0.25859375 0.02890625
0 0.80703125 0.553125 0.25859375 0.02890625
4 0.18203125 0.39921875 0.11796875 0.1390625
2 0.1828125 0.5140625 0.140625 0.05234375
7 0.1828125 0.584375 0.140625 0.0625
4 0.3703125 0.39921875 0.11796875 0.1390625
2 0.37109375 0.5015625 0.140625 0.02578125
7 0.37109375 0.55859375 0.140625 0.0625
4 0.559375 0.39921875 0.11796875 0.1390625
2 0.559375 0.5015625 0.140625 0.02578125
6 0.559375 0.55078125 0.13984375 0.04921875
2 0.33984375 0.709375 0.56875 0.03125
7 0.33984375 0.82265625 0.5921875 0.14296875
2 0.33984375 0.94296875 0.56875 0.03125
0 0.1921875 0.9921875 0.29609375 0.015625
0 0.4875 0.9921875 0.29609375 0.015625
2 0.8375 0.69375 0.2375 0.02578125
6 0.8109375 0.75625 0.10625 0.04921875
6 0.834375 0.80859375 0.153125 0.0234375
6 0.79609375 0.84765625 0.07734375 0.0234375
6 0.8234375 0.88671875 0.13203125 0.0234375
6 0.85234375 0.92578125 0.18828125 0.0234375
6 0.83984375 0.9765625 0.1640625 0.046875