4 0.0265625 0.0953125 0.0234375 0.021875
0 0.04296875 0.0953125 0.05625 0.021875
7 0.05390625 0.09453125 0.03203125 0.01953125
2 0.325 0.03671875 0.3578125 0.02109375
0 0.17421875 0.0875 0.05546875 0.04140625
0 0.23515625 0.0875 0.03984375 0.04140625
0 0.29375 0.0875 0.0515625 0.04140625
0 0.3765625 0.0875 0.08984375 0.04140625
0 0.46171875 0.0875 0.0546875 0.04140625
0 0.1859375 0.1421875 0.078125 0.04140625
0 0.28125 0.1421875 0.0875 0.04140625
0 0.3640625 0.1421875 0.053125 0.04140625
0 0.4390625 0.1421875 0.071875 0.04140625
0 0.1828125 0.196875 0.071875 0.04140625
0 0.26640625 0.196875 0.0703125 0.04140625
4 0.153125 0.2453125 0.0125 0.0171875
6 0.2546875 0.2484375 0.18125 0.01953125
2 0.6328125 0.03671875 0.23828125 0.02109375
7 0.525 0.07734375 0.02265625 0.01953125
6 0.5640625 0.07734375 0.05625 0.01953125
7 0.64296875 0.07734375 0.1046875 0.01953125
7 0.5203125 0.10078125 0.0125 0.01953125
6 0.559375 0.10078125 0.06640625 0.01953125
7 0.5203125 0.12421875 0.0125 0.01953125
6 0.54140625 0.12421875 0.03046875 0.01953125
7 0.5203125 0.14765625 0.0125 0.01953125
6 0.5671875 0.14765625 0.08125 0.01953125
6 0.6296875 0.21875 0.21484375 0.0390625
0 0.6296875 0.23046875 0.2328125 0.08828125
6 0.6296875 0.25390625 0.1875 0.015625
2 0.88046875 0.0359375 0.2390625 0.021875
6 0.81953125 0.07734375 0.0890625 0.01953125
6 0.875 0.1125 0.19921875 0.04296875
6 0.8734375 0.159375 0.1953125 0.04296875
6 0.840625 0.19453125 0.1296875 0.01953125
6 0.83828125 0.21796875 0.12578125 0.01953125
7 0.88046875 0.2671875 0.2390625 0.046875
2 0.046875 0.05234375 0.0546875 0.05234375
0 0.046875 0.05390625 0.0546875 0.05625
4 0.0859375 0.35546875 0.0234375 0.02109375
0 0.0984375 0.35546875 0.0609375 0.078125
7 0.11015625 0.35546875 0.0234375 0.02109375
4 0.146875 0.35546875 0.02421875 0.02109375
0 0.1625 0.35546875 0.0671875 0.078125
7 0.17421875 0.35546875 0.03046875 0.02109375
4 0.2140625 0.35546875 0.02421875 0.02109375
0 0.24765625 0.35546875 0.10234375 0.078125
7 0.259375 0.35546875 0.065625 0.02109375
7 0.34609375 0.35390625 0.04609375 0.0234375
7 0.4625 0.353125 0.178125 0.01953125
4 0.8703125 0.35546875 0.02421875 0.02109375
0 0.89453125 0.35546875 0.084375 0.078125
7 0.90625 0.35546875 0.046875 0.02109375
6 0.9625 0.35546875 0.0390625 0.078125
2 0.10234375 0.41796875 0.184375 0.046875
1 0.10234375 0.46328125 0.184375 0.04453125
1 0.10234375 0.52890625 0.175 0.05234375
4 0.021875 0.5890625 0.0234375 0.01953125
7 0.078125 0.590625 0.0796875 0.01953125
0 0.1390625 0.590625 0.0359375 0.0171875
2 0.034375 0.66015625 0.0484375 0.02109375
2 0.07890625 0.6609375 0.0375 0.0171875
2 0.04453125 0.70703125 0.06953125 0.02109375
2 0.0953125 0.70859375 0.03515625 0.02109375
2 0.13515625 0.70859375 0.03828125 0.02109375
2 0.10234375 0.75390625 0.184375 0.046875
2 0.10234375 0.80078125 0.184375 0.046875
7 0.23125 0.4203125 0.03203125 0.01796875
0 0.2359375 0.4203125 0.0625 0.05234375
4 0.253125 0.4203125 0.00859375 0.01015625
7 0.2375 0.4625 0.0328125 0.021875
7 0.43203125 0.4625 0.340625 0.02109375
4 0.23359375 0.6703125 0.0578125 0.44765625
7 0.30234375 0.88203125 0.175 0.01953125
0 0.3078125 0.88203125 0.2046875 0.053125
4 0.39609375 0.88203125 0.00859375 0.009375
4 0.43203125 0.9234375 0.340625 0.021875
4 0.43203125 0.9234375 0.340625 0.021875
7 0.2375 0.92421875 0.0328125 0.0234375
7 0.43203125 0.9234375 0.340625 0.021875
4 0.23359375 0.95390625 0.0578125 0.0921875
7 0.625 0.4203125 0.025 0.01796875
0 0.63046875 0.4203125 0.05546875 0.05234375
4 0.64375 0.4203125 0.00859375 0.01015625
7 0.63515625 0.4625 0.034375 0.021875
7 0.8296875 0.4625 0.340625 0.02109375
4 0.63125 0.6703125 0.0578125 0.44765625
3 0.80078125 0.92734375 0.3984375 0.1453125
7 0.62421875 0.88203125 0.04375 0.053125