4 0.0390625 0.0140625 0.015625 0.015625
7 0.18515625 0.0140625 0.2609375 0.01796875
7 0.37734375 0.0140625 0.11015625 0.01796875
0 0.38359375 0.0140625 0.1234375 0.01796875
4 0.2203125 0.096875 0.378125 0.11875
0 0.2203125 0.1 0.378125 0.125
1 0.8578125 0.10859375 0.22265625 0.0328125
1 0.95625 0.11015625 0.015625 0.021875
0 0.06953125 0.18203125 0.05859375 0.02890625
0 0.1984375 0.18203125 0.1 0.02890625
0 0.340625 0.18203125 0.0859375 0.02890625
0 0.46015625 0.18203125 0.0515625 0.02890625
0 0.58359375 0.18203125 0.09453125 0.02890625
0 0.71875 0.18203125 0.0765625 0.02890625
0 0.84453125 0.18125 0.0734375 0.02890625
4 0.353125 0.384375 0.64453125 0.33984375
0 0.05390625 0.5796875 0.0453125 0.053125
0 0.0984375 0.5796875 0.04609375 0.053125
0 0.14296875 0.5796875 0.04609375 0.053125
0 0.18828125 0.5796875 0.04609375 0.053125
0 0.2328125 0.5796875 0.0453125 0.053125
0 0.27890625 0.584375 0.0203125 0.02734375
4 0.8265625 0.409375 0.278125 0.3890625
2 0.2609375 0.634375 0.459375 0.025
6 0.2421875 0.6890625 0.421875 0.046875
7 0.09296875 0.728125 0.12421875 0.02109375
6 0.24140625 0.7828125 0.4203125 0.046875
7 0.09296875 0.821875 0.12421875 0.02109375
6 0.19609375 0.86484375 0.32890625 0.0234375
7 0.0984375 0.8921875 0.134375 0.02109375
6 0.259375 0.946875 0.45625 0.046875
7 0.0984375 0.9859375 0.134375 0.02109375
4 0.18203125 0.63203125 0.01484375 0.021875
2 0.753125 0.634375 0.43046875 0.025
4 0.753125 0.82734375 0.43046875 0.32421875
6 0.7328125 0.99921875 0.3890625 0.0015625