4 0.103125 0.04453125 0.0734375 0.03671875
7 0.6375 0.04140625 0.0234375 0.03125
7 0.684375 0.04140625 0.04609375 0.02578125
7 0.8484375 0.04140625 0.0453125 0.0234375
0 0.8484375 0.04140625 0.0625 0.046875
7 0.93984375 0.04140625 0.0578125 0.0234375
0 0.93984375 0.04140625 0.0890625 0.046875
2 0.44375 0.20703125 0.8375 0.05703125
7 0.44375 0.2875 0.8375 0.0625
7 0.0796875 0.3734375 0.0796875 0.0234375
0 0.0796875 0.3734375 0.1109375 0.046875
7 0.225 0.3734375 0.13125 0.0234375
0 0.225 0.3734375 0.146875 0.046875
4 0.93125 0.2875 0.1375 0.2421875
4 0.5 0.2171875 0.2015625 0.2671875
4 0.7 0.2171875 0.2015625 0.2671875
4 0.9 0.2171875 0.2 0.2671875
4 0.7 0.4859375 0.2015625 0.2640625
4 0.9 0.48828125 0.2 0.26796875
4 0.9 0.74921875 0.2 0.24609375
4 0.1 0.94921875 0.2 0.1015625
2 0.18359375 0.54921875 0.3671875 0.11484375
7 0.18359375 0.68984375 0.3671875 0.125
4 0.0234375 0.82578125 0.0234375 0.03125
0 0.13125 0.82578125 0.2625 0.0625
7 0.1453125 0.82578125 0.19609375 0.046875
0 0.18359375 0.90078125 0.3671875 0.02578125
4 0.76953125 0.58984375 0.29296875 0.1953125
0 0.76953125 0.5921875 0.29296875 0.20078125
7 0.76953125 0.59140625 0.05625 0.0234375
0 0.76953125 0.59140625 0.0875 0.046875
7 0.4140625 0.96484375 0.8046875 0.0390625
7 0.8546875 0.96484375 0.05390625 0.03125
7 0.93515625 0.96484375 0.090625 0.03125
0 0.9390625 0.96484375 0.0984375 0.03125