7 0.15234375 0.0171875 0.2578125 0.02109375
7 0.415625 0.0171875 0.26875 0.02578125
0 0.415625 0.0171875 0.26875 0.02578125
7 0.559375 0.0171875 0.01953125 0.02109375
7 0.6609375 0.0171875 0.1828125 0.02578125
0 0.6609375 0.0171875 0.1828125 0.02578125
7 0.4640625 0.0296875 0.88125 0.046875
7 0.428125 0.04296875 0.06171875 0.02578125
0 0.428125 0.04296875 0.06171875 0.02578125
7 0.52734375 0.04296875 0.13671875 0.02109375
4 0.97265625 0.0296875 0.0234375 0.03125
0 0.97265625 0.0296875 0.0390625 0.05234375
7 0.04765625 0.1015625 0.05625 0.02109375
7 0.2109375 0.1015625 0.15625 0.02578125
0 0.2203125 0.1015625 0.1953125 0.05234375
6 0.80390625 0.1015625 0.0515625 0.078125
6 0.8796875 0.1015625 0.0375 0.078125
6 0.9546875 0.1015625 0.05078125 0.078125
2 0.715625 0.3859375 0.3453125 0.06875
2 0.703125 0.4484375 0.3203125 0.06875
2 0.584375 0.5109375 0.0828125 0.06875
2 0.70625 0.5109375 0.140625 0.06875
7 0.74375 0.63046875 0.40234375 0.0703125
7 0.59453125 0.7484375 0.0609375 0.02578125
0 0.59453125 0.7484375 0.103125 0.05234375
7 0.70625 0.7484375 0.0625 0.02578125
0 0.70625 0.7484375 0.103125 0.05234375
7 0.8171875 0.7484375 0.05859375 0.02578125
0 0.8171875 0.7484375 0.103125 0.05234375
7 0.92890625 0.7484375 0.0546875 0.02578125
0 0.92890625 0.7484375 0.103125 0.05234375
4 0.5 0.765625 1 0.46875
4 0.7609375 0.5 0.32421875 1
4 0.78203125 0.0765625 0.0234375 0.0328125
0 0.78203125 0.0765625 0.0390625 0.053125
4 0.5 0.271875 0.61875 0.46640625
0 0.5 0.271875 0.61875 0.46640625
7 0.5 0.5984375 0.51953125 0.0953125
7 0.5 0.690625 0.51953125 0.03515625
6 0.27265625 0.725 0.0640625 0.021875
7 0.3109375 0.725 0.01171875 0.021875
6 0.41484375 0.725 0.196875 0.021875
7 0.5 0.8546875 0.51953125 0.1703125
6 0.31015625 0.95625 0.13984375 0.021875
7 0.3859375 0.95625 0.01171875 0.021875
6 0.46015625 0.95625 0.13671875 0.021875
4 0.80859375 0.671875 0.1578125 0.19765625