4 0.1640625 0.0546875 0.29296875 0.03671875
1 0.8453125 0.05390625 0.2546875 0.0328125
4 0.9828125 0.053125 0.0203125 0.0296875
6 0.92890625 0.08359375 0.1328125 0.01796875
6 0.51875 0.034375 0.0296875 0.0140625
6 0.55703125 0.03359375 0.03046875 0.015625
6 0.59296875 0.034375 0.0234375 0.0140625
6 0.634375 0.034375 0.0421875 0.0140625
6 0.68125 0.034375 0.034375 0.0140625
7 0.5359375 0.07109375 0.0609375 0.01953125
6 0.584375 0.07109375 0.0359375 0.01953125
7 0.61015625 0.07109375 0.01875 0.01953125
6 0.640625 0.07109375 0.04296875 0.01953125
7 0.67578125 0.07109375 0.03125 0.01953125
6 0.03984375 0.1171875 0.040625 0.02109375
6 0.103125 0.1171875 0.05078125 0.02109375
6 0.1921875 0.1171875 0.090625 0.02109375
6 0.27578125 0.1171875 0.0421875 0.02109375
6 0.34140625 0.1171875 0.05390625 0.02109375
6 0.41328125 0.1171875 0.053125 0.02109375
6 0.4859375 0.1171875 0.0609375 0.02109375
6 0.5765625 0.1171875 0.084375 0.02109375
6 0.6703125 0.1171875 0.07109375 0.02109375
6 0.7734375 0.1171875 0.1015625 0.02109375
4 0.10546875 0.21875 0.19375 0.14609375
0 0.10546875 0.21875 0.1953125 0.1484375
4 0.30546875 0.21875 0.19453125 0.14609375
0 0.30546875 0.21875 0.19609375 0.1484375
4 0.50546875 0.21875 0.19453125 0.14609375
0 0.50546875 0.21875 0.19609375 0.1484375
4 0.70546875 0.21875 0.19453125 0.14609375
0 0.70546875 0.21875 0.19609375 0.1484375
4 0.90390625 0.21796875 0.1921875 0.1453125
0 0.90390625 0.21875 0.1921875 0.1484375
2 0.05859375 0.321875 0.08203125 0.03125
6 0.15625 0.321875 0.0921875 0.01796875
6 0.27578125 0.321875 0.1203125 0.01796875
6 0.3796875 0.321875 0.059375 0.01796875
6 0.4546875 0.321875 0.0640625 0.01796875
6 0.58671875 0.321875 0.171875 0.01796875
6 0.7453125 0.321875 0.11875 0.01796875
3 0.5 0.4234375 0.7109375 0.1171875
0 0.52265625 0.5515625 0.12890625 0.04296875
0 0.63359375 0.5515625 0.07421875 0.04296875
2 0.33984375 0.52578125 0.67578125 0.0234375
7 0.21953125 0.5671875 0.434375 0.0375
7 0.0578125 0.609375 0.1125 0.0234375
3 0.353125 0.615625 0.46484375 0.03671875
7 0.65859375 0.66640625 0.00703125 0.01796875
0 0.64921875 0.66796875 0.0265625 0.02109375
2 0.27421875 0.690625 0.54375 0.06640625
4 0.33828125 0.875 0.66484375 0.25
2 0.8515625 0.525 0.29296875 0.02109375
4 0.775 0.615625 0.140625 0.1171875
2 0.75546875 0.6953125 0.10078125 0.01796875
4 0.92578125 0.615625 0.140625 0.1171875
2 0.9046875 0.6953125 0.0984375 0.01796875
4 0.775 0.78359375 0.140625 0.1171875
2 0.7625 0.8734375 0.1140625 0.0375
4 0.92578125 0.78359375 0.140625 0.1171875
2 0.8734375 0.86328125 0.0359375 0.01796875
3 0.8515625 0.95703125 0.29296875 0.0859375
4 0.02421875 0.9671875 0.03515625 0.046875
0 0.02421875 0.9671875 0.0484375 0.06484375
7 0.23515625 0.9671875 0.053125 0.02578125
0 0.228125 0.9671875 0.08671875 0.0390625
7 0.3375 0.9671875 0.0359375 0.02578125
0 0.365625 0.9671875 0.14140625 0.0390625
7 0.390625 0.9671875 0.071875 0.02578125
7 0.51015625 0.9671875 0.0515625 0.02578125
0 0.503125 0.9671875 0.08671875 0.0390625
7 0.96484375 0.921875 0.03125 0.01328125
4 0.9875 0.921875 0.009375 0.02578125
3 0.5 0.5 1 1