4 0.06171875 0.0453125 0.09296875 0.03671875
0 0.5125 0.04921875 0.08515625 0.078125
0 0.60234375 0.04921875 0.0953125 0.078125
0 0.68203125 0.04921875 0.06328125 0.078125
0 0.7453125 0.04921875 0.0625 0.078125
0 0.8140625 0.04921875 0.075 0.078125
0 0.92109375 0.04921875 0.1265625 0.06015625
7 0.2296875 0.22109375 0.3609375 0.15078125
7 0.215625 0.4 0.3328125 0.14453125
7 0.12109375 0.56640625 0.10546875 0.0546875
1 0.2453125 0.56640625 0.14375 0.0546875
1 0.353125 0.56640625 0.07421875 0.06015625
4 0.4984375 0.5515625 0.934375 0.896875
7 0.5 0.978125 0.71484375 0.04296875
7 0.315625 0.95546875 0.08984375 0.02578125
7 0.50546875 0.95546875 0.28984375 0.02578125
6 0.69765625 0.95546875 0.09453125 0.02578125