0 0.0515625 0.01953125 0.0640625 0.0390625
4 0.81875 0.01796875 0.0234375 0.015625
7 0.88359375 0.01953125 0.08515625 0.0390625
0 0.88359375 0.01953125 0.08515625 0.0390625
0 0.96015625 0.01953125 0.0421875 0.0390625
0 0.98125 0.50390625 0.0375 0.04921875
2 0.1 0.08828125 0.1609375 0.07578125
1 0.39765625 0.0875 0.3953125 0.05859375
1 0.56953125 0.0875 0.0453125 0.0484375
4 0.7078125 0.078125 0.03203125 0.03359375
0 0.7078125 0.09140625 0.04765625 0.06015625
7 0.7078125 0.1078125 0.04765625 0.02578125
7 0.77578125 0.08046875 0.03203125 0.0390625
0 0.77578125 0.09140625 0.03203125 0.06015625
7 0.77578125 0.1109375 0.03203125 0.02109375
7 0.9 0.09140625 0.1 0.02109375
0 0.90078125 0.090625 0.1609375 0.05859375
7 0.87578125 0.14453125 0.11015625 0.02109375
0 0.90078125 0.13828125 0.1609375 0.03671875
7 0.9578125 0.14453125 0.046875 0.02109375
0 0.06875 0.2 0.1109375 0.06875
0 0.20390625 0.2 0.15234375 0.06875
0 0.38046875 0.2 0.1921875 0.06875
0 0.56171875 0.2 0.16328125 0.06875
6 0.5 0.24609375 1 0.0234375
6 0.83515625 0.24765625 0.328125 0.0234375
6 0.83515625 0.446875 0.328125 0.025
0 0.67109375 0.4359375 0.00078125 0.0015625
2 0.1734375 0.678125 0.23359375 0.03359375
6 0.9171875 0.68125 0.0546875 0.0234375
0 0.125 0.87578125 0.13671875 0.2484375
0 0.296875 0.86015625 0.1375 0.2796875
0 0.4703125 0.86796875 0.1375 0.2640625
0 0.64296875 0.86796875 0.1375 0.2640625
0 0.815625 0.86015625 0.1375 0.2796875
0 0.96015625 0.86015625 0.0796875 0.2796875
4 0.971875 0.9578125 0.0171875 0.040625