7 0.48515625 0.02578125 0.16796875 0.01796875
7 0.59609375 0.02578125 0.05546875 0.01796875
7 0.625 0.02578125 0.00390625 0.01796875
0 0.059375 0.11328125 0.040625 0.13046875
0 0.184375 0.11875 0.05546875 0.04140625
0 0.26328125 0.11875 0.03984375 0.04140625
0 0.34140625 0.11875 0.05390625 0.04140625
0 0.425 0.11875 0.0515625 0.04140625
0 0.51796875 0.11875 0.07109375 0.04140625
0 0.7921875 0.11328125 0.06875 0.04921875
0 0.9015625 0.11328125 0.11875 0.04921875
2 0.278125 0.34765625 0.4 0.0859375
2 0.321875 0.4546875 0.4875 0.1578125
2 0.3296875 0.5265625 0.50390625 0.15
0 0.1609375 0.6671875 0.16484375 0.05859375
7 0.0859375 0.7234375 0.053125 0.0171875
0 0.1328125 0.5921875 0.15625 0.03125
4 0.5 0.5046875 1 0.9125
7 0.09296875 0.94921875 0.14765625 0.03125
0 0.2234375 0.94921875 0.0734375 0.04921875
0 0.32265625 0.94921875 0.10625 0.04921875
3 0.9265625 0.9546875 0.10859375 0.06484375