4 0.03515625 0.03671875 0.0234375 0.03125
0 0.03515625 0.03671875 0.0234375 0.03125
4 0.109375 0.03671875 0.078125 0.03125
0 0.109375 0.03671875 0.078125 0.03125
1 0.44140625 0.03671875 0.3828125 0.03359375
4 0.66640625 0.03671875 0.0203125 0.02578125
0 0.665625 0.03671875 0.0640625 0.04140625
4 0.76015625 0.03671875 0.02421875 0.03125
0 0.76015625 0.03671875 0.02421875 0.03125
4 0.80703125 0.03671875 0.02421875 0.03125
0 0.80703125 0.03671875 0.02421875 0.03125
4 0.85390625 0.03671875 0.02421875 0.03125
0 0.85390625 0.03671875 0.02421875 0.03125
4 0.9046875 0.03671875 0.02421875 0.03125
0 0.9328125 0.03671875 0.103125 0.05234375
6 0.9484375 0.03671875 0.0484375 0.02109375
4 0.03515625 0.11484375 0.0234375 0.03125
0 0.03515625 0.1265625 0.0703125 0.09609375
7 0.03515625 0.146875 0.02734375 0.01796875
4 0.03515625 0.2109375 0.0234375 0.03125
0 0.03515625 0.22265625 0.0703125 0.09609375
7 0.03515625 0.24375 0.0390625 0.01796875
4 0.03515625 0.30703125 0.0234375 0.03125
0 0.03515625 0.31875 0.0703125 0.09609375
7 0.03515625 0.33984375 0.0609375 0.01796875
4 0.03515625 0.40390625 0.0234375 0.03125
0 0.03515625 0.415625 0.0703125 0.09609375
7 0.03515625 0.4359375 0.0296875 0.01796875
4 0.03515625 0.5 0.0234375 0.03125
0 0.03515625 0.51171875 0.0703125 0.09609375
7 0.03515625 0.5328125 0.03125 0.01796875
4 0.53515625 0.2765625 0.9296875 0.4078125
4 0.2140625 0.36015625 0.078125 0.10546875
7 0.33515625 0.3453125 0.1171875 0.0375
7 0.325 0.378125 0.09765625 0.021875
6 0.84375 0.36015625 0.071875 0.021875
0 0.84375 0.36015625 0.103125 0.0484375
4 0.7875 0.24296875 0.015625 0.021875
0 0.8296875 0.24296875 0.12109375 0.0484375
6 0.840625 0.2421875 0.08125 0.01796875
4 0.9078125 0.24296875 0.015625 0.021875
0 0.9078125 0.24296875 0.03515625 0.0484375
4 0.9375 0.24296875 0.015625 0.021875
0 0.94140625 0.24296875 0.02734375 0.0484375
4 0.9671875 0.24296875 0.015625 0.021875
0 0.9703125 0.24296875 0.02734375 0.0484375
7 0.22578125 0.44765625 0.03984375 0.0625
7 0.334375 0.44765625 0.04765625 0.0625
7 0.4578125 0.44765625 0.0703125 0.0625
7 0.59921875 0.44765625 0.0828125 0.0625
7 0.740625 0.44765625 0.07109375 0.0625
7 0.8640625 0.44765625 0.04609375 0.0625
4 0.96328125 0.446875 0.02421875 0.0328125
0 0.96328125 0.446875 0.03984375 0.053125
4 0.97265625 0.446875 0.0234375 0.0328125
0 0.97265625 0.446875 0.046875 0.0640625
4 0.32421875 0.54140625 0.4140625 0.0625
6 0.246875 0.540625 0.22734375 0.02734375
4 0.4546875 0.54140625 0.03515625 0.046875
0 0.4546875 0.5375 0.03515625 0.0546875
4 0.49609375 0.54140625 0.03515625 0.046875
0 0.49609375 0.5375 0.046875 0.0546875
4 0.32421875 0.665625 0.4140625 0.31015625
4 0.32421875 0.665625 0.06640625 0.0625
0 0.32421875 0.665625 0.06640625 0.0625
4 0.32421875 0.75703125 0.4140625 0.1265625
4 0.32421875 0.77265625 0.390625 0.00625
4 0.32421875 0.77265625 0.390625 0.00625
4 0.13515625 0.7796875 0.0125 0.01796875
4 0.1515625 0.796875 0.0453125 0.046875
0 0.1515625 0.796875 0.0453125 0.046875
4 0.19140625 0.796875 0.03515625 0.046875
0 0.19140625 0.796875 0.03515625 0.046875
7 0.22578125 0.79609375 0.0234375 0.01953125
7 0.24296875 0.79609375 0.0109375 0.01953125
7 0.26328125 0.79609375 0.03046875 0.01953125
4 0.43125 0.796875 0.03515625 0.046875
0 0.43125 0.796875 0.03515625 0.046875
4 0.4671875 0.796875 0.03515625 0.046875
0 0.4671875 0.796875 0.03515625 0.046875
4 0.5015625 0.796875 0.03515625 0.046875
0 0.5015625 0.796875 0.03515625 0.046875
0 0.65 0.52109375 0.190625 0.02109375
7 0.6 0.5640625 0.090625 0.0234375
7 0.6828125 0.5640625 0.075 0.0234375
7 0.65 0.7875 0.19140625 0.3765625
0 0.63671875 0.9890625 0.1640625 0.021875
0 0.58984375 0.80546875 0.0703125 0.02734375
0 0.58984375 0.80546875 0.0703125 0.02734375
2 0.1453125 0.896875 0.05625 0.02578125
0 0.1453125 0.896875 0.05625 0.02578125
2 0.209375 0.896875 0.0234375 0.03125
0 0.24375 0.896875 0.12421875 0.046875
2 0.259375 0.896875 0.06171875 0.02109375
4 0.21953125 0.9703125 0.2046875 0.05859375
0 0.21953125 0.9703125 0.2046875 0.05859375
4 0.42890625 0.9703125 0.2046875 0.05859375
0 0.42890625 0.9703125 0.2046875 0.05859375
4 0.6375 0.9703125 0.2046875 0.05859375
0 0.6375 0.9703125 0.2046875 0.05859375
4 0.846875 0.9703125 0.2046875 0.05859375
0 0.846875 0.9703125 0.2046875 0.05859375
4 0.9765625 0.9703125 0.046875 0.05859375
0 0.9765625 0.9703125 0.046875 0.05859375
2 0.86171875 0.53125 0.1828125 0.04140625
4 0.78203125 0.59921875 0.0234375 0.03125
0 0.86171875 0.59921875 0.1828125 0.03125
7 0.81953125 0.59921875 0.0359375 0.02109375
6 0.8140625 0.640625 0.071875 0.02109375
0 0.8140625 0.640625 0.0875 0.03125
4 0.78203125 0.703125 0.0234375 0.03125
0 0.86171875 0.703125 0.1828125 0.03125
7 0.82734375 0.703125 0.05078125 0.02109375
6 0.8140625 0.74453125 0.071875 0.02109375
0 0.8140625 0.74453125 0.0875 0.03125
4 0.78203125 0.80703125 0.0234375 0.03125
0 0.86171875 0.80703125 0.1828125 0.03125
7 0.85625 0.80703125 0.10859375 0.02109375
6 0.8140625 0.84921875 0.071875 0.02109375
0 0.8140625 0.84921875 0.0875 0.03125
4 0.78203125 0.91171875 0.0234375 0.03125
0 0.86171875 0.91171875 0.1828125 0.03125
7 0.83984375 0.91171875 0.0765625 0.02109375
6 0.8140625 0.953125 0.071875 0.02109375
0 0.8140625 0.953125 0.0875 0.03125