4 0.028125 0.040625 0.05625 0.07578125
0 0.028125 0.040625 0.05625 0.07578125
7 0.0796875 0.0390625 0.02734375 0.078125
0 0.11796875 0.0390625 0.0328125 0.078125
0 0.1515625 0.0390625 0.0328125 0.078125
0 0.184375 0.0390625 0.0328125 0.078125
0 0.5 0.0390625 0.1015625 0.05234375
0 0.60625 0.0390625 0.03125 0.05234375
0 0.63984375 0.0390625 0.025 0.05234375
0 0.68125 0.0390625 0.0390625 0.05234375
0 0.7328125 0.0390625 0.04296875 0.05234375
0 0.78515625 0.0390625 0.04296875 0.05234375
0 0.84453125 0.0390625 0.05625 0.05234375
0 0.9234375 0.0390625 0.02421875 0.05234375
0 0.9625 0.0390625 0.03515625 0.05234375
4 0.5 0.21640625 1 0.27578125
2 0.5 0.15234375 0.91796875 0.0390625
7 0.5 0.203125 0.91796875 0.03125
7 0.5 0.234375 0.91796875 0.03125
2 0.5 0.42578125 0.91796875 0.03359375
7 0.5 0.459375 0.296875 0.01953125
7 0.5 0.47734375 0.2671875 0.01953125
4 0.5 0.68125 0.240625 0.3203125
4 0.31796875 0.721875 0.08515625 0.11328125
7 0.28984375 0.678125 0.02265625 0.0296875
4 0.68359375 0.69296875 0.084375 0.11171875
7 0.65546875 0.64921875 0.02265625 0.0296875
4 0.32890625 0.5765625 0.08203125 0.109375
7 0.3015625 0.534375 0.02265625 0.0296875
4 0.66171875 0.56015625 0.07890625 0.10703125
7 0.634375 0.51875 0.02265625 0.0296875
4 0.23515625 0.8046875 0.078125 0.10390625
7 0.20859375 0.76484375 0.02265625 0.0296875
4 0.74453125 0.796875 0.07734375 0.1015625
7 0.71796875 0.7578125 0.02265625 0.02890625
4 0.7671875 0.575 0.07421875 0.1
7 0.74140625 0.5375 0.02265625 0.0296875
4 0.22421875 0.6625 0.0734375 0.09765625
7 0.19765625 0.62578125 0.02265625 0.0296875
4 0.64765625 0.8109375 0.07109375 0.0953125
7 0.62265625 0.775 0.02265625 0.0296875
4 0.82734375 0.67421875 0.0703125 0.09375
7 0.80234375 0.63984375 0.02265625 0.0296875
4 0.16875 0.553125 0.06875 0.09140625
7 0.14375 0.5203125 0.02265625 0.0296875
4 0.83203125 0.796875 0.06640625 0.08828125
7 0.8078125 0.76484375 0.02265625 0.0296875
4 0.15390625 0.73515625 0.065625 0.0875
7 0.1296875 0.70390625 0.02265625 0.0296875
4 0.084375 0.80546875 0.06328125 0.084375
7 0.06015625 0.775 0.02265625 0.0296875
4 0.9125 0.709375 0.06171875 0.08203125
7 0.8890625 0.68046875 0.02265625 0.0296875
4 0.0765625 0.6921875 0.059375 0.0796875
7 0.053125 0.66484375 0.02265625 0.0296875
4 0.365625 0.821875 0.05859375 0.078125
7 0.3421875 0.7953125 0.02265625 0.0296875
4 0.8890625 0.5609375 0.05625 0.07578125
7 0.86640625 0.5359375 0.02265625 0.0296875
4 0.08125 0.5375 0.0546875 0.07265625
7 0.059375 0.5140625 0.02265625 0.0296875
4 0.24453125 0.54765625 0.0515625 0.06875
7 0.2234375 0.525 0.02265625 0.0296875
4 0.921875 0.81796875 0.046875 0.0625
7 0.9015625 0.7984375 0.02265625 0.0296875
4 0.1390625 0.6453125 0.03984375 0.053125
7 0.1203125 0.63125 0.02265625 0.0296875
6 0.5 0.88671875 0.03125 0.0234375
6 0.0515625 0.984375 0.021875 0.01796875
7 0.0671875 0.984375 0.009375 0.01796875
6 0.08125 0.984375 0.0171875 0.01796875
7 0.9078125 0.984375 0.1015625 0.01796875