7 0.56640625 0.0421875 0.084375 0.0296875
0 0.571875 0.0421875 0.0953125 0.084375
4 0.61484375 0.05234375 0.0109375 0.02578125
7 0.678125 0.0421875 0.06640625 0.0296875
0 0.684375 0.0421875 0.0796875 0.084375
4 0.71953125 0.05234375 0.0109375 0.02578125
0 0.76875 0.0421875 0.03984375 0.084375
7 0.83828125 0.0421875 0.05 0.0296875
0 0.84453125 0.0421875 0.06171875 0.084375
4 0.86953125 0.05234375 0.0109375 0.02578125
0 0.92890625 0.0421875 0.059375 0.084375
4 0.5 0.77109375 1 0.1953125
4 0.69921875 0.48515625 0.6015625 0.8734375
2 0.1515625 0.475 0.24375 0.33984375
2 0.2859375 0.37421875 0.5125 0.084375
2 0.18828125 0.446875 0.31875 0.07421875
2 0.3171875 0.5640625 0.5765625 0.084375
7 0.14375 0.70078125 0.1609375 0.03125
0 0.15546875 0.7 0.2515625 0.0765625
4 0.24609375 0.69765625 0.015625 0.02109375
7 0.2078125 0.7640625 0.3578125 0.02578125
4 0.25703125 0.984375 0.45625 0.03125
2 0.7421875 0.97734375 0.45625 0.0453125