4 0.0390625 0.03828125 0.015625 0.01953125
0 0.06875 0.03828125 0.09765625 0.053125
7 0.08046875 0.0375 0.05 0.01953125
4 0.5 0.03828125 0.259375 0.0453125
0 0.5 0.03828125 0.259375 0.0453125
7 0.8890625 0.03984375 0.04375 0.053125
0 0.8890625 0.03828125 0.075 0.053125
4 0.9609375 0.03828125 0.0234375 0.0328125
0 0.9609375 0.03828125 0.0390625 0.053125
0 0.0859375 0.14453125 0.1328125 0.078125
2 0.5 0.13203125 0.203125 0.053125
6 0.33515625 0.1953125 0.134375 0.01796875
6 0.46875 0.1953125 0.08203125 0.01796875
6 0.5671875 0.1953125 0.06328125 0.01796875
6 0.640625 0.1953125 0.0328125 0.01796875
7 0.7 0.19453125 0.034375 0.01953125
4 0.7234375 0.2015625 0.01171875 0.021875
0 0.9140625 0.14453125 0.1328125 0.078125
7 0.5 0.26484375 0.6875 0.0140625
3 0.51171875 0.3375 0.7109375 0.1171875
7 0.5 0.44765625 0.6484375 0.05234375
4 0.5 0.75 0.6484375 0.5
0 0.5 0.75 0.6484375 0.5
7 0.35078125 0.8578125 0.2625 0.01953125
6 0.52890625 0.8578125 0.09453125 0.01953125
7 0.590625 0.8578125 0.0296875 0.01953125
6 0.64375 0.8578125 0.07890625 0.01953125
7 0.49375 0.87265625 0.54765625 0.04921875
6 0.53984375 0.8875 0.07890625 0.01953125
7 0.5796875 0.8875 0.00390625 0.01953125
0 0.60078125 0.88828125 0.03828125 0.04140625
7 0.234375 0.91640625 0.390625 0.03125
7 0.065625 0.95234375 0.0390625 0.040625
7 0.10078125 0.95234375 0.0328125 0.040625
7 0.17578125 0.95234375 0.12109375 0.040625
7 0.2390625 0.95234375 0.0078125 0.040625
7 0.27421875 0.95234375 0.06171875 0.040625
7 0.3203125 0.95234375 0.0328125 0.040625
7 0.3796875 0.95234375 0.0875 0.040625
6 0.84296875 0.940625 0.1609375 0.040625
0 0.84375 0.94140625 0.1953125 0.0703125