4 0.0203125 0.0328125 0.025 0.03359375
7 0.07734375 0.0328125 0.040625 0.02890625
0 0.08515625 0.0328125 0.0875 0.06484375
0 0.15546875 0.0328125 0.03828125 0.06484375
0 0.22109375 0.0328125 0.05390625 0.06484375
0 0.29375 0.0328125 0.053125 0.06484375
0 0.36875 0.0328125 0.05859375 0.06484375
0 0.45703125 0.0328125 0.078125 0.06484375
0 0.540625 0.0328125 0.05078125 0.06484375
0 0.6125 0.0328125 0.053125 0.06484375
0 0.703125 0.0328125 0.08984375 0.06484375
1 0.8078125 0.0328125 0.08125 0.04140625
6 0.9140625 0.03203125 0.046875 0.025
6 0.97578125 0.03203125 0.0484375 0.025
4 0.08125 0.2078125 0.0984375 0.1078125
2 0.22578125 0.1859375 0.153125 0.02890625
2 0.22421875 0.21328125 0.14921875 0.02890625
2 0.16640625 0.3359375 0.26875 0.0859375
7 0.11953125 0.4234375 0.175 0.02578125
7 0.24140625 0.4234375 0.07109375 0.02578125
7 0.178125 0.4640625 0.2921875 0.053125
7 0.17421875 0.49140625 0.284375 0.053125
7 0.16875 0.50546875 0.22734375 0.02578125
7 0.134375 0.5640625 0.2046875 0.02578125
7 0.27890625 0.5640625 0.08515625 0.02578125
7 0.16484375 0.59140625 0.26484375 0.02578125
7 0.06953125 0.61875 0.07421875 0.02578125
7 0.17890625 0.63203125 0.29375 0.053125
7 0.2109375 0.64609375 0.0609375 0.02578125
7 0.1765625 0.6734375 0.2890625 0.08046875
7 0.17734375 0.759375 0.28984375 0.02578125
7 0.1234375 0.78671875 0.1828125 0.02578125
7 0.16640625 0.8 0.26875 0.053125
7 0.0609375 0.87265625 0.05625 0.02578125
7 0.1515625 0.8859375 0.23828125 0.053125
7 0.1765625 0.940625 0.28828125 0.1078125
4 0.49921875 0.3921875 0.3046875 0.52890625
0 0.5 0.39296875 0.30625 0.53125
4 0.5 0.6734375 0.2875 0.01171875
7 0.5 0.70078125 0.18125 0.02578125
7 0.5 0.725 0.178125 0.0234375
7 0.75625 0.15390625 0.14375 0.05234375
2 0.8265625 0.33125 0.2828125 0.240625
0 0.8265625 0.33125 0.2828125 0.240625
4 0.70078125 0.4828125 0.03203125 0.04140625
0 0.7609375 0.4828125 0.15234375 0.04140625
7 0.7765625 0.4828125 0.09765625 0.03125
7 0.8203125 0.5953125 0.271875 0.1015625
7 0.82421875 0.7359375 0.2796875 0.2421875
7 0.734375 0.9078125 0.06640625 0.0390625
7 0.734375 0.93984375 0.1 0.02109375
7 0.8609375 0.9078125 0.06640625 0.0390625
7 0.8609375 0.93984375 0.109375 0.02109375
0 0.76875 0.9921875 0.16796875 0.015625
3 0.965625 0.94296875 0.06875 0.078125