7 0.42890625 0.0203125 0.2734375 0.025
0 0.6421875 0.02109375 0.13203125 0.02890625
4 0.08671875 0.1 0.0953125 0.0328125
0 0.08671875 0.1 0.0953125 0.0328125
0 0.225 0.1 0.0671875 0.04453125
0 0.34375 0.1 0.06875 0.04296875
0 0.46875 0.1 0.08203125 0.04296875
0 0.60078125 0.1 0.0796875 0.04453125
0 0.73359375 0.1 0.08671875 0.04453125
0 0.85234375 0.1 0.0484375 0.04296875
2 0.30546875 0.33984375 0.3890625 0.203125
2 0.30546875 0.52265625 0.3890625 0.084375
7 0.2125 0.6203125 0.203125 0.05859375
0 0.19453125 0.7046875 0.1671875 0.03359375
4 0.7140625 0.475 0.28515625 0.50625
7 0.30390625 0.92890625 0.03046875 0.025
7 0.35625 0.92890625 0.075 0.025
7 0.4078125 0.92890625 0.03046875 0.025
2 0.28515625 0.9828125 0.09375 0.03359375
2 0.40625 0.9828125 0.15 0.03359375
4 0.78984375 0.9640625 0.24140625 0.071875
7 0.16796875 0.83203125 0.28125 0.1015625
0 0.16796875 0.94296875 0.196875 0.04140625
0 0.16640625 0.896875 0.278125 0.025
3 0.9265625 0.9546875 0.1078125 0.06484375