4 0.0375 0.028125 0.01171875 0.021875
0 0.08671875 0.0265625 0.1109375 0.025
7 0.07578125 0.028125 0.0578125 0.021875
0 0.2078125 0.028125 0.046875 0.021875
0 0.2796875 0.028125 0.06640625 0.021875
0 0.346875 0.028125 0.0390625 0.021875
0 0.390625 0.028125 0.01953125 0.021875
0 0.440625 0.028125 0.0515625 0.021875
0 0.49609375 0.028125 0.0296875 0.021875
0 0.54453125 0.028125 0.03828125 0.021875
0 0.596875 0.028125 0.0375 0.021875
0 0.64296875 0.028125 0.0265625 0.021875
0 0.69296875 0.028125 0.04375 0.021875
0 0.75703125 0.028125 0.0546875 0.021875
4 0.80703125 0.028125 0.01640625 0.021875
0 0.80703125 0.028125 0.01640625 0.021875
7 0.9359375 0.0265625 0.06640625 0.021875
4 0.07265625 0.134375 0.0828125 0.08203125
0 0.1109375 0.1359375 0.16015625 0.084375
7 0.15390625 0.1359375 0.075 0.021875
4 0.5 0.1359375 0.334375 0.084375
0 0.5 0.1359375 0.334375 0.084375
7 0.915625 0.12578125 0.0875 0.02734375
0 0.915625 0.1359375 0.10546875 0.06875
7 0.915625 0.14921875 0.08984375 0.021875
7 0.5 0.271875 0.9140625 0.03125
2 0.1875 0.41796875 0.2890625 0.19765625
0 0.1875 0.41796875 0.2890625 0.19765625
4 0.65625 0.5453125 0.6015625 0.4515625
0 0.65625 0.5453125 0.6015625 0.4515625
7 0.06953125 0.53984375 0.05390625 0.025
7 0.1859375 0.57890625 0.28515625 0.103125
4 0.1484375 0.88125 0.2109375 0.15859375
0 0.1484375 0.88125 0.2109375 0.15859375
4 0.07578125 0.99296875 0.0109375 0.0140625
7 0.121875 0.99140625 0.06328125 0.0171875
0 0.1625 0.990625 0.18359375 0.01796875
4 0.3828125 0.88125 0.2109375 0.15859375
0 0.3828125 0.88125 0.2109375 0.15859375
2 0.396875 0.990625 0.18359375 0.01796875
0 0.396875 0.990625 0.18359375 0.01796875
4 0.6171875 0.88125 0.2109375 0.15859375
0 0.6171875 0.88125 0.2109375 0.15859375
2 0.63125 0.990625 0.18359375 0.01796875
0 0.63125 0.990625 0.18359375 0.01796875
4 0.8515625 0.88125 0.2109375 0.15859375
0 0.8515625 0.88125 0.2109375 0.15859375
2 0.85234375 0.990625 0.1578125 0.01796875
7 0.49375 0.81796875 0.78828125 0.046875
7 0.4890625 0.83046875 0.22578125 0.0234375
7 0.49921875 0.84453125 0.8 0.0453125
6 0.14921875 0.884375 0.0984375 0.0234375
7 0.19921875 0.884375 0.00390625 0.01953125
0 0.43125 0.94609375 0.29375 0.05625
0 0.753125 0.94609375 0.29375 0.05625