7 0.03203125 0.0484375 0.025 0.01171875
0 0.03203125 0.0484375 0.025 0.01171875
4 0.5 0.03671875 0.0390625 0.05234375
0 0.5 0.03671875 0.0390625 0.05234375
4 0.90234375 0.0328125 0.01953125 0.02578125
0 0.90234375 0.0328125 0.01953125 0.06484375
4 0.93671875 0.03515625 0.01953125 0.02578125
0 0.93671875 0.03671875 0.01953125 0.07265625
7 0.93671875 0.0609375 0.0078125 0.025
4 0.9703125 0.03515625 0.01953125 0.02578125
0 0.9703125 0.03671875 0.01953125 0.07265625
7 0.9703125 0.0609375 0.0078125 0.025
1 0.5 0.11171875 0.9609375 0.05234375
4 0.953125 0.11171875 0.015625 0.02109375
0 0.953125 0.11171875 0.015625 0.02109375
4 0.290625 0.18359375 0.08203125 0.06484375
7 0.5109375 0.1828125 0.33125 0.0171875
6 0.71875 0.1828125 0.0625 0.0171875
4 0.5 0.42578125 1 0.41640625
0 0.5 0.42578125 1 0.41640625
4 0.18046875 0.321875 0.146875 0.02734375
2 0.21640625 0.37890625 0.21796875 0.03125
7 0.26484375 0.440625 0.315625 0.04296875
7 0.159375 0.51640625 0.0734375 0.0328125
0 0.1734375 0.51640625 0.13203125 0.0609375
4 0.5 0.5953125 0.05078125 0.01328125
4 0.20703125 0.728125 0.078125 0.084375
0 0.20703125 0.7484375 0.078125 0.1234375
7 0.20703125 0.79921875 0.025 0.015625
4 0.3140625 0.728125 0.078125 0.084375
0 0.3140625 0.7484375 0.078125 0.1234375
7 0.3140625 0.79921875 0.05625 0.015625
4 0.421875 0.728125 0.078125 0.084375
0 0.421875 0.7484375 0.078125 0.1234375
7 0.421875 0.79921875 0.03515625 0.015625
4 0.5296875 0.728125 0.078125 0.084375
0 0.5296875 0.7484375 0.078125 0.1234375
7 0.5296875 0.79921875 0.0625 0.015625
4 0.646875 0.728125 0.078125 0.084375
0 0.646875 0.759375 0.09765625 0.146875
7 0.646875 0.8109375 0.05859375 0.0390625
4 0.7640625 0.728125 0.078125 0.084375
0 0.7640625 0.7484375 0.078125 0.1234375
7 0.7640625 0.79921875 0.0171875 0.015625
7 0.121875 0.978125 0.20390625 0.04140625
2 0.25 0.22890625 0.2109375 0.04140625
0 0.25 0.30234375 0.1953125 0.0625
4 0.25 0.5875 0.3828125 0.4078125
4 0.5 0.44765625 0.078125 0.10390625
2 0.75 0.228125 0.21484375 0.04140625
7 0.725 0.30625 0.125 0.0328125
0 0.75 0.30703125 0.2125 0.07578125
4 0.75 0.59453125 0.3828125 0.396875
7 0.5 0.9140625 0.55078125 0.06484375
6 0.4390625 0.96328125 0.075 0.015625
7 0.50078125 0.96328125 0.04765625 0.015625
6 0.56015625 0.96328125 0.07109375 0.015625
7 0.596875 0.96328125 0.003125 0.015625
2 0.5 0.490625 0.94140625 0.05703125
7 0.5 0.5859375 0.94140625 0.06484375
7 0.4890625 0.6546875 0.9203125 0.02109375
6 0.08046875 0.6875 0.10234375 0.02109375
7 0.1625 0.6875 0.06171875 0.02109375
6 0.2453125 0.6875 0.1046875 0.02109375
7 0.60234375 0.6875 0.609375 0.02109375
7 0.5 0.790625 0.94140625 0.13046875
0 0.103125 0.928125 0.14765625 0.06640625
7 0.2703125 0.92734375 0.11640625 0.02109375
0 0.2703125 0.928125 0.14765625 0.06640625