0 0.12890625 0.02265625 0.1171875 0.0453125
4 0.03515625 0.0125 0.025 0.00390625
0 0.03515625 0.01875 0.0390625 0.0171875
4 0.03515625 0.02109375 0.025 0.00546875
4 0.03515625 0.0296875 0.025 0.00390625
7 0.03515625 0.053125 0.0390625 0.05234375
7 0.6875 0.021875 0.0546875 0.0171875
0 0.6953125 0.0203125 0.0703125 0.0328125
4 0.721875 0.01796875 0.01640625 0.02109375
4 0.79921875 0.01796875 0.01640625 0.02109375
0 0.79921875 0.028125 0.059375 0.05625
7 0.79921875 0.04140625 0.04765625 0.01328125
4 0.88359375 0.01796875 0.01640625 0.02109375
0 0.88359375 0.028125 0.06171875 0.05625
7 0.88359375 0.04140625 0.05 0.01328125
4 0.95625 0.01796875 0.01640625 0.02109375
0 0.95625 0.028125 0.03828125 0.05625
7 0.95625 0.04140625 0.0265625 0.01328125
1 0.378125 0.025 0.38125 0.04921875
4 0.5 0.41640625 1 0.70078125
4 0.5 0.359375 1 0.5859375
3 0.5 0.35859375 1 0.5875
2 0.5 0.2984375 0.71875 0.08359375
7 0.5 0.3734375 0.9375 0.0453125
0 0.3984375 0.44375 0.1484375 0.0640625
0 0.58125 0.44375 0.18828125 0.0640625
4 0.24921875 0.7828125 0.4984375 0.259375
0 0.24921875 0.7828125 0.4984375 0.259375
7 0.24921875 0.84375 0.4984375 0.1375
4 0.75 0.7828125 0.5 0.259375
0 0.75 0.7828125 0.5 0.259375
7 0.75 0.84453125 0.5 0.13671875
4 0.24921875 0.95703125 0.4984375 0.0859375
0 0.24921875 0.95703125 0.4984375 0.0859375
4 0.75 0.95703125 0.5 0.0859375
0 0.75 0.95703125 0.5 0.0859375
4 0.9265625 0.93671875 0.0296875 0.0296875
7 0.96640625 0.9390625 0.034375 0.03125
7 0.0203125 0.9375 0.040625 0.0390625
0 0.0578125 0.9375 0.115625 0.071875
7 0.07109375 0.9421875 0.0625 0.040625