4 0.5 0.06171875 1 0.1234375
2 0.16953125 0.0453125 0.26640625 0.0328125
7 0.45625 0.046875 0.0546875 0.0234375
0 0.45625 0.04375 0.0546875 0.0296875
7 0.56484375 0.046875 0.13359375 0.0234375
0 0.56484375 0.04375 0.13359375 0.0296875
7 0.66796875 0.046875 0.04296875 0.0234375
0 0.66796875 0.04375 0.04296875 0.0296875
7 0.7234375 0.046875 0.0390625 0.0234375
0 0.7234375 0.04375 0.0390625 0.0296875
7 0.78515625 0.046875 0.0546875 0.0234375
0 0.78515625 0.04375 0.0546875 0.0296875
1 0.8953125 0.046875 0.13671875 0.0390625
1 0.94921875 0.046875 0.0296875 0.0390625
0 0.98203125 0.4015625 0.0359375 0.025
2 0.5 0.60625 0.4703125 0.0609375
2 0.5 0.66875 0.4515625 0.0609375
2 0.5 0.73125 0.5078125 0.0609375
0 0.5 0.83828125 0.2671875 0.046875
7 0.3875 0.9296875 0.271875 0.03125
7 0.603125 0.9296875 0.14453125 0.03125
7 0.6890625 0.93125 0.0203125 0.03359375
0 0.70859375 0.93125 0.059375 0.03359375
7 0.7234375 0.93125 0.03046875 0.03359375