6 0.0625 0.01640625 0.078125 0.021875
6 0.1453125 0.01640625 0.05546875 0.021875
6 0.21484375 0.01640625 0.053125 0.021875
6 0.284375 0.01640625 0.0546875 0.021875
6 0.35078125 0.01640625 0.046875 0.021875
6 0.4125 0.01640625 0.04609375 0.021875
6 0.4859375 0.01640625 0.06953125 0.021875
6 0.56484375 0.01640625 0.0578125 0.021875
6 0.6484375 0.01640625 0.078125 0.021875
6 0.7515625 0.01640625 0.06328125 0.021875
6 0.8609375 0.01640625 0.0921875 0.021875
4 0.1109375 0.0953125 0.17578125 0.06015625
0 0.09375 0.09140625 0.140625 0.109375
7 0.2484375 0.09140625 0.1375 0.0390625
4 0.6375 0.09140625 0.0234375 0.03125
0 0.6375 0.09140625 0.04296875 0.05703125
4 0.68828125 0.09140625 0.0171875 0.0234375
0 0.715625 0.09140625 0.09765625 0.05703125
7 0.72734375 0.09140625 0.03046875 0.03125
4 0.7859375 0.09140625 0.0171875 0.0234375
0 0.82734375 0.09140625 0.12578125 0.05703125
7 0.8390625 0.09140625 0.05859375 0.03125
4 0.9125 0.09140625 0.0171875 0.0234375
0 0.9125 0.09140625 0.0296875 0.0390625
4 0.9546875 0.09140625 0.0234375 0.03125
0 0.9546875 0.09140625 0.04296875 0.05703125
7 0.053125 0.16015625 0.04765625 0.02890625
0 0.053125 0.16015625 0.059375 0.02890625
7 0.121875 0.16015625 0.053125 0.02890625
0 0.121875 0.16015625 0.0640625 0.02890625
7 0.2046875 0.16015625 0.0765625 0.02890625
0 0.2046875 0.16015625 0.0875 0.02890625
7 0.284375 0.16015625 0.04609375 0.02890625
0 0.284375 0.16015625 0.0578125 0.02890625
7 0.36328125 0.16015625 0.07421875 0.02890625
0 0.36328125 0.16015625 0.0859375 0.02890625
7 0.4484375 0.16015625 0.059375 0.02890625
0 0.4484375 0.16015625 0.07109375 0.02890625
7 0.54453125 0.16015625 0.09453125 0.02890625
0 0.54453125 0.16015625 0.10625 0.02890625
7 0.65546875 0.16015625 0.090625 0.02890625
0 0.65546875 0.16015625 0.10234375 0.02890625
7 0.740625 0.16015625 0.040625 0.02890625
0 0.740625 0.16015625 0.053125 0.02890625
4 0.24921875 0.43203125 0.4625 0.40390625
7 0.2453125 0.6703125 0.1109375 0.040625
0 0.24921875 0.6703125 0.11875 0.040625
2 0.24921875 0.7421875 0.3828125 0.0546875
0 0.24921875 0.7421875 0.3828125 0.0546875
7 0.24921875 0.80546875 0.0640625 0.021875
0 0.24921875 0.80546875 0.0640625 0.0328125
4 0.62578125 0.31015625 0.2109375 0.15859375
2 0.62578125 0.43828125 0.2109375 0.0609375
0 0.62578125 0.43828125 0.2109375 0.0609375
7 0.5609375 0.49375 0.0796875 0.021875
0 0.5609375 0.49375 0.0796875 0.0328125
4 0.62578125 0.65390625 0.2109375 0.15859375
0 0.62578125 0.575 0.2109375 0.0015625
2 0.62578125 0.7828125 0.2109375 0.06015625
0 0.62578125 0.7828125 0.2109375 0.06015625
7 0.5453125 0.83828125 0.0484375 0.02109375
0 0.5453125 0.83828125 0.0484375 0.03125
2 0.8765625 0.24609375 0.2109375 0.03125
4 0.8015625 0.30546875 0.0609375 0.0453125
0 0.8015625 0.30546875 0.0609375 0.0453125
2 0.91171875 0.32734375 0.14140625 0.08984375
0 0.91171875 0.32734375 0.14140625 0.08984375
7 0.8734375 0.38828125 0.0640625 0.02109375
0 0.91171875 0.38828125 0.14140625 0.03125
4 0.8015625 0.4796875 0.0609375 0.0453125
0 0.8015625 0.4796875 0.0609375 0.0453125
2 0.91171875 0.48671875 0.14140625 0.06015625
0 0.91171875 0.48671875 0.14140625 0.06015625
7 0.909375 0.5328125 0.13671875 0.02109375
0 0.91171875 0.5328125 0.14140625 0.03125
4 0.8015625 0.62421875 0.0609375 0.0453125
0 0.8015625 0.62421875 0.0609375 0.0453125
2 0.91171875 0.63125 0.14140625 0.06015625
0 0.91171875 0.63125 0.14140625 0.06015625
7 0.8703125 0.67734375 0.05859375 0.02109375
0 0.91171875 0.67734375 0.14140625 0.03125
4 0.8015625 0.76875 0.0609375 0.0453125
0 0.8015625 0.76875 0.0609375 0.0453125
2 0.91171875 0.790625 0.14140625 0.08984375
0 0.91171875 0.790625 0.14140625 0.08984375
7 0.88203125 0.8515625 0.0828125 0.02109375
0 0.91171875 0.8515625 0.14140625 0.03125
2 0.69765625 0.984375 0.03046875 0.03125
2 0.7609375 0.984375 0.0984375 0.03125
4 0.06328125 0.9859375 0.02421875 0.02734375
7 0.12578125 0.9859375 0.0453125 0.02578125
4 0.25546875 0.98828125 0.2078125 0.0234375