4 0.24921875 0.03671875 0.4390625 0.0390625
0 0.1046875 0.04296875 0.1515625 0.05234375
1 0.3953125 0.03359375 0.384375 0.04453125
1 0.6140625 0.03359375 0.0515625 0.046875
4 0.6125 0.0328125 0.05 0.04453125
4 0.678125 0.03359375 0.05 0.04453125
0 0.678125 0.03359375 0.0515625 0.046875
0 0.96328125 0.03359375 0.05 0.046875
2 0.64140625 0.14609375 0.590625 0.0859375
2 0.725 0.1671875 0.10078125 0.04296875
2 0.78203125 0.1671875 0.01640625 0.04296875
2 0.8265625 0.1671875 0.07421875 0.04296875
2 0.86640625 0.1671875 0.00859375 0.04296875
2 0.38125 0.21015625 0.07109375 0.04296875
2 0.42421875 0.21015625 0.01640625 0.04296875
2 0.490625 0.21015625 0.115625 0.04296875
2 0.55546875 0.21015625 0.01640625 0.04296875
2 0.66171875 0.21015625 0.1984375 0.04296875
2 0.78515625 0.21015625 0.053125 0.04296875
2 0.4203125 0.253125 0.14921875 0.04296875
2 0.4984375 0.253125 0.00859375 0.04296875
4 0.40703125 0.4296875 0.121875 0.21640625
0 0.4078125 0.44296875 0.128125 0.24765625
4 0.54921875 0.4234375 0.121875 0.22890625
0 0.55 0.4359375 0.128125 0.26015625
7 0.55 0.6 0.37890625 0.0296875
2 0.66171875 0.696875 0.63203125 0.0375
4 0.396875 0.8625 0.1015625 0.178125
0 0.396875 0.8640625 0.1015625 0.18125
4 0.559375 0.8625 0.1015625 0.2046875
0 0.559375 0.8640625 0.1015625 0.20703125
4 0.72265625 0.8625 0.1015625 0.18125
0 0.72265625 0.8640625 0.1015625 0.18359375
4 0.8859375 0.8625 0.1015625 0.2046875
0 0.8859375 0.8640625 0.1015625 0.20703125
2 0.18203125 0.13515625 0.28828125 0.03359375
0 0.1734375 0.18125 0.278125 0.03125
0 0.1734375 0.21328125 0.278125 0.03125
0 0.1734375 0.24609375 0.278125 0.03125
0 0.1734375 0.27890625 0.278125 0.03125
0 0.1734375 0.3109375 0.278125 0.03125
0 0.1734375 0.34375 0.278125 0.03125
0 0.1734375 0.3765625 0.278125 0.03125
0 0.1734375 0.40859375 0.278125 0.03125
0 0.1734375 0.44140625 0.278125 0.03125
0 0.1734375 0.47421875 0.278125 0.03125
0 0.1734375 0.50625 0.278125 0.03125
0 0.1734375 0.5390625 0.278125 0.03125
0 0.1734375 0.571875 0.278125 0.03125
0 0.1734375 0.60390625 0.278125 0.03125
0 0.1734375 0.63671875 0.278125 0.03125
0 0.1734375 0.66953125 0.278125 0.03125
0 0.1734375 0.7015625 0.278125 0.03125
0 0.1734375 0.734375 0.278125 0.03125
0 0.1734375 0.7671875 0.278125 0.03125
0 0.1734375 0.79921875 0.278125 0.03125
0 0.1734375 0.8421875 0.278125 0.05234375
0 0.1734375 0.88515625 0.278125 0.03125
0 0.1734375 0.91796875 0.278125 0.03125
0 0.1734375 0.95078125 0.278125 0.03125
7 0.17265625 0.99765625 0.3046875 0.0046875
0 0.0171875 0.41328125 0.034375 0.0453125
4 0.0125 0.41328125 0.0203125 0.021875
4 0.975 0.925 0.021875 0.0296875
7 0.30390625 0.91171875 0.509375 0.07578125
6 0.10703125 0.96640625 0.11640625 0.02109375
7 0.34296875 0.96640625 0.3578125 0.02109375
6 0.90546875 0.92578125 0.03515625 0.02109375
0 0.78046875 0.928125 0.1015625 0.0234375