7 0.2 0.79453125 0.30625 0.0546875
0 0.090625 0.8453125 0.08671875 0.040625
0 0.203125 0.91171875 0.3125 0.05234375
0 0.97578125 0.0328125 0.0484375 0.06484375
0 0.5 0.03359375 0.225 0.04140625
4 0.0578125 0.1 0.034375 0.0453125
0 0.08671875 0.09765625 0.11015625 0.06484375
6 0.10625 0.1 0.05078125 0.04453125
1 0.253125 0.0984375 0.1828125 0.040625
0 0.7515625 0.09765625 0.0921875 0.05234375
0 0.8546875 0.096875 0.05625 0.02734375
7 0.93046875 0.096875 0.0390625 0.01953125
0 0.93515625 0.09765625 0.07734375 0.06484375
2 0.5 0.2203125 0.91796875 0.0640625
2 0.5 0.2953125 0.91796875 0.03359375
2 0.5 0.378125 0.125 0.025
0 0.5 0.37734375 0.146875 0.05234375
2 0.16875 0.55078125 0.25625 0.03359375
0 0.921875 0.56015625 0.07421875 0.02578125
4 0.18671875 0.5953125 0.2890625 0.00390625
6 0.18671875 0.6640625 0.26953125 0.08828125
7 0.0921875 0.73515625 0.0515625 0.02734375
7 0.15625 0.73515625 0.0390625 0.02734375
7 0.21015625 0.73515625 0.03125 0.02734375
4 0.18671875 0.86015625 0.2890625 0.196875
4 0.3 0.98359375 0.034375 0.0328125
0 0.3 0.98359375 0.04296875 0.0328125
4 0.496875 0.5953125 0.28984375 0.00390625
6 0.496875 0.6640625 0.2703125 0.08828125
7 0.409375 0.73515625 0.0671875 0.02734375
7 0.4796875 0.73515625 0.03828125 0.02734375
7 0.5359375 0.73515625 0.0390625 0.02734375
4 0.496875 0.86015625 0.28984375 0.196875
4 0.6109375 0.98359375 0.034375 0.0328125
0 0.61015625 0.98359375 0.04296875 0.0328125
4 0.80625 0.5953125 0.2890625 0.00390625
6 0.80625 0.6640625 0.26953125 0.08828125
7 0.7125 0.73515625 0.053125 0.02734375
7 0.775 0.73515625 0.0359375 0.02734375
7 0.82734375 0.73515625 0.0328125 0.02734375
4 0.80625 0.86015625 0.2890625 0.196875
4 0.9203125 0.98359375 0.034375 0.0328125
0 0.9203125 0.98359375 0.04296875 0.0328125
0 0.4 0.953125 0.09765625 0.05234375
0 0.4984375 0.953125 0.09765625 0.05234375
0 0.5953125 0.953125 0.09765625 0.05234375