7 0.0375 0.0140625 0.03515625 0.015625
0 0.10078125 0.0140625 0.0828125 0.02109375
0 0.184375 0.0140625 0.0703125 0.02109375
0 0.2546875 0.0140625 0.0578125 0.02109375
6 0.8375 0.0140625 0.084375 0.015625
7 0.8828125 0.0140625 0.009375 0.015625
6 0.93359375 0.0140625 0.09375 0.015625
6 0.015625 0.053125 0.015625 0.05078125
0 0.015625 0.053125 0.0296875 0.040625
7 0.06484375 0.053125 0.05 0.01953125
0 0.2296875 0.053125 0.3796875 0.01953125
6 0.096875 0.053125 0.01640625 0.01953125
7 0.1375 0.053125 0.065625 0.01953125
6 0.20234375 0.053125 0.05625 0.01953125
7 0.32578125 0.053125 0.190625 0.01953125
7 0.43671875 0.053125 0.025 0.02109375
2 0.6171875 0.103125 0.16015625 0.025
4 0.5484375 0.13515625 0.015625 0.02109375
0 0.78671875 0.134375 0.4265625 0.01875
4 0.5484375 0.171875 0.015625 0.02109375
0 0.78671875 0.17109375 0.4265625 0.0171875
4 0.5484375 0.20859375 0.015625 0.02109375
0 0.78671875 0.2078125 0.4265625 0.01875
4 0.5484375 0.25 0.015625 0.02109375
0 0.78671875 0.24921875 0.4265625 0.0359375
4 0.5484375 0.29140625 0.015625 0.02109375
0 0.78671875 0.290625 0.4265625 0.01875
2 0.07734375 0.103125 0.11640625 0.025
6 0.19765625 0.10546875 0.0890625 0.015625
7 0.2640625 0.13515625 0.48828125 0.03359375
6 0.03203125 0.1734375 0.025 0.01953125
6 0.06796875 0.1984375 0.096875 0.01953125
6 0.05390625 0.2234375 0.06875 0.01953125
6 0.07890625 0.2484375 0.11875 0.01953125
6 0.0328125 0.27265625 0.02734375 0.01953125
6 0.0453125 0.29765625 0.05078125 0.01953125
6 0.0328125 0.321875 0.0265625 0.01953125
6 0.215625 0.1734375 0.06953125 0.01953125
6 0.2125 0.1984375 0.06328125 0.01953125
6 0.2015625 0.2234375 0.040625 0.01953125
6 0.19296875 0.2484375 0.02421875 0.01953125
6 0.21953125 0.27265625 0.078125 0.01953125
6 0.2078125 0.29765625 0.05390625 0.01953125
6 0.2 0.321875 0.0390625 0.01953125
6 0.378125 0.1734375 0.071875 0.01953125
6 0.3609375 0.1984375 0.0390625 0.01953125
6 0.3765625 0.2234375 0.0703125 0.01953125
6 0.35625 0.2484375 0.0296875 0.01953125
6 0.35859375 0.27265625 0.0328125 0.01953125
6 0.3828125 0.29765625 0.08203125 0.01953125
6 0.35859375 0.321875 0.0328125 0.01953125
1 0.58984375 0.3953125 0.671875 0.0296875
1 0.9484375 0.396875 0.0390625 0.053125
7 0.2765625 0.44609375 0.05078125 0.01953125
1 0.32109375 0.44765625 0.0140625 0.01796875
5 0.36171875 0.44609375 0.0578125 0.01953125
1 0.41015625 0.44765625 0.0140625 0.01796875
5 0.4515625 0.44609375 0.059375 0.01953125
2 0.67109375 0.66953125 0.071875 0.02578125
2 0.71796875 0.67109375 0.01484375 0.01953125
2 0.7765625 0.67109375 0.084375 0.0171875
7 0.8078125 0.71953125 0.3453125 0.03515625
7 0.65078125 0.75859375 0.03203125 0.01953125
6 0.82890625 0.75859375 0.3234375 0.01953125
4 0.85859375 0.759375 0.0203125 0.021875
6 0.9 0.76484375 0.06328125 0.01953125
7 0.65078125 0.790625 0.03203125 0.01953125
6 0.7546875 0.790625 0.175 0.01953125
4 0.85859375 0.7921875 0.0203125 0.021875
6 0.8921875 0.79765625 0.0484375 0.01953125
7 0.65078125 0.8234375 0.03203125 0.01953125
6 0.75625 0.8234375 0.178125 0.01953125
4 0.85859375 0.825 0.0203125 0.021875
6 0.9234375 0.8296875 0.11015625 0.01953125
7 0.65078125 0.85625 0.03203125 0.01953125
6 0.72265625 0.85625 0.1109375 0.01953125
4 0.85859375 0.8578125 0.0203125 0.021875
6 0.9078125 0.8625 0.0796875 0.01953125
7 0.65078125 0.8890625 0.03203125 0.01953125
6 0.75234375 0.8890625 0.17109375 0.01953125
4 0.85859375 0.88984375 0.0203125 0.021875
6 0.88203125 0.8953125 0.02734375 0.01953125
7 0.65078125 0.92109375 0.03203125 0.01953125
6 0.83359375 0.92109375 0.3328125 0.01953125
4 0.85859375 0.92265625 0.0203125 0.021875
6 0.9203125 0.928125 0.1046875 0.01953125
7 0.65078125 0.95390625 0.03203125 0.01953125
6 0.7140625 0.95390625 0.09453125 0.01953125
4 0.85859375 0.9546875 0.0203125 0.021875
6 0.8890625 0.96015625 0.040625 0.01953125
7 0.65078125 0.9859375 0.03203125 0.01953125
6 0.759375 0.9859375 0.1859375 0.01953125
4 0.85859375 0.9875 0.0203125 0.021875
6 0.89765625 0.99140625 0.059375 0.0171875
2 0.1234375 0.6703125 0.20703125 0.02734375
7 0.29375 0.67109375 0.078125 0.01953125
4 0.3453125 0.6703125 0.01640625 0.021875
7 0.38203125 0.67109375 0.05 0.01953125
7 0.0265625 0.74296875 0.01484375 0.01953125
2 0.06875 0.7640625 0.09765625 0.02578125
2 0.14375 0.765625 0.0453125 0.01796875
4 0.0265625 0.80625 0.0140625 0.021875
6 0.0640625 0.80546875 0.04609375 0.01953125
7 0.09453125 0.80546875 0.01875 0.01953125
7 0.11875 0.80546875 0.03046875 0.01953125
7 0.146875 0.80546875 0.02734375 0.01953125
4 0.0265625 0.834375 0.0140625 0.021875
6 0.0640625 0.8328125 0.04609375 0.01953125
7 0.09453125 0.8328125 0.01875 0.01953125
7 0.11875 0.8328125 0.03046875 0.01953125
7 0.146875 0.8328125 0.02734375 0.01953125
2 0.41015625 0.7640625 0.13671875 0.02578125
1 0.40078125 0.809375 0.11796875 0.025
1 0.4953125 0.809375 0.0640625 0.02734375
2 0.13359375 0.8875 0.22734375 0.021875
6 0.08125 0.92890625 0.04609375 0.01953125
6 0.14921875 0.9625 0.18125 0.01953125
6 0.16796875 0.99296875 0.2203125 0.0140625
4 0.16484375 0.95625 0.2890625 0.0875