4 0.01875 0.1734375 0.0375 0.05625
4 0.11328125 0.1875 0.103125 0.125
4 0.240625 0.16953125 0.103125 0.046875
4 0.3671875 0.1734375 0.103125 0.05625
4 0.49375 0.1703125 0.103125 0.0328125
4 0.62109375 0.1734375 0.103125 0.0546875
4 0.7484375 0.17109375 0.103125 0.03515625
4 0.875 0.18203125 0.103125 0.08828125
4 0.975 0.1734375 0.05 0.05625
4 0.1734375 0.18046875 0.0171875 0.025
0 0.1734375 0.18125 0.0234375 0.0328125
4 0.8265625 0.18046875 0.0171875 0.025
0 0.8265625 0.18125 0.0234375 0.0328125
1 0.4859375 0.34296875 0.55625 0.0453125
4 0.78359375 0.34375 0.02421875 0.03125
0 0.78984375 0.34375 0.04296875 0.05703125
1 0.40546875 0.4125 0.07734375 0.0484375
1 0.49765625 0.4125 0.08515625 0.0484375
1 0.59140625 0.4125 0.0828125 0.0484375
7 0.5 0.46640625 0.1796875 0.03359375
4 0.17890625 0.01796875 0.015625 0.02109375
7 0.2046875 0.01875 0.0265625 0.01953125
4 0.26015625 0.01796875 0.01640625 0.02109375
7 0.29375 0.01875 0.04296875 0.01953125
4 0.3453125 0.01796875 0.01640625 0.02109375
7 0.37734375 0.01875 0.03984375 0.01953125
4 0.42734375 0.01796875 0.01640625 0.02109375
7 0.45546875 0.01875 0.03203125 0.01953125
4 0.50234375 0.01796875 0.01640625 0.02109375
7 0.5421875 0.01875 0.0546875 0.01953125
7 0.9171875 0.02578125 0.14453125 0.03671875
7 0.32890625 0.98828125 0.0828125 0.015625
6 0.40546875 0.98828125 0.0359375 0.015625
7 0.434375 0.98828125 0.0140625 0.015625
6 0.46015625 0.98828125 0.03046875 0.015625
7 0.4859375 0.98828125 0.0140625 0.015625
6 0.51640625 0.98828125 0.03828125 0.015625
7 0.54609375 0.98828125 0.0140625 0.015625
6 0.584375 0.98828125 0.05546875 0.015625
7 0.621875 0.98828125 0.0140625 0.015625
6 0.66328125 0.98828125 0.0609375 0.015625