7 0.47734375 0.0203125 0.89921875 0.025
6 0.04453125 0.04375 0.034375 0.025
7 0.06328125 0.04375 0.00390625 0.025
0 0.9578125 0.0328125 0.0296875 0.02578125
4 0.2046875 0.16171875 0.3546875 0.1171875
0 0.2046875 0.16171875 0.3546875 0.1171875
1 0.67734375 0.19921875 0.17890625 0.0390625
1 0.81953125 0.19921875 0.10625 0.0390625
0 0.8921875 0.19921875 0.03828125 0.0390625
0 0.95625 0.203125 0.059375 0.09921875
0 0.0390625 0.56875 0.0390625 0.0875
4 0.5 0.56484375 1 0.62265625
0 0.5 0.56484375 1 0.62265625
2 0.478125 0.75625 0.69140625 0.05078125
6 0.478125 0.80234375 0.69140625 0.02890625
7 0.8578125 0.80234375 0.021875 0.02890625
0 0.9609375 0.56875 0.0390625 0.0875
6 0.10546875 0.9125 0.1234375 0.0328125
6 0.2765625 0.9125 0.1484375 0.0328125
6 0.4359375 0.9125 0.10078125 0.0328125
6 0.55234375 0.9125 0.06171875 0.0328125
6 0.65546875 0.9125 0.07421875 0.0328125
6 0.75078125 0.9125 0.04609375 0.0328125
6 0.89375 0.9125 0.1703125 0.0328125
2 0.5 0.99296875 0.97265625 0.0140625