7 0.11953125 0.22890625 0.06328125 0.02109375
6 0.271875 0.22890625 0.2109375 0.02109375
6 0.490625 0.22890625 0.16796875 0.02109375
6 0.7140625 0.22890625 0.21953125 0.02109375
6 0.92734375 0.22890625 0.1453125 0.02109375
4 0.5 0.10390625 1 0.2078125
4 0.146875 0.20078125 0.2640625 0.1328125
0 0.146875 0.14453125 0.29296875 0.20859375
3 0.65625 0.071875 0.6875 0.1171875
0 0.32578125 0.17578125 0.065625 0.06484375
0 0.41328125 0.17578125 0.11015625 0.06484375
0 0.5421875 0.17578125 0.146875 0.06484375
0 0.98125 0.17578125 0.0375 0.06484375
0 0.66640625 0.25625 0.08515625 0.0390625
3 0.759375 0.24609375 0.0828125 0.03125
3 0.8421875 0.24609375 0.0578125 0.02578125
3 0.9078125 0.24453125 0.06171875 0.02578125
1 0.7921875 0.17578125 0.0484375 0.06484375
1 0.8234375 0.17578125 0.10234375 0.046875
4 0.79140625 0.17578125 0.04765625 0.06484375
4 0.478125 0.63359375 0.95625 0.7296875
2 0.478125 0.9953125 0.91796875 0.009375
0 0.478125 0.99296875 0.91796875 0.0140625
2 0.98125 0.2859375 0.0375 0.0328125
4 0.99921875 0.43203125 0.00078125 0.26015625
4 0.853125 0.43203125 0.29375 0.26015625
0 0.853125 0.525 0.2546875 0.0234375
4 0.97265625 0.43203125 0.01953125 0.05234375
3 0.98125 0.7328125 0.0375 0.32578125
7 0.99140625 0.9375 0.0171875 0.01796875
2 0.99140625 0.9796875 0.0171875 0.040625