0 0.26875 0.01875 0.42109375 0.0171875
4 0.759375 0.01875 0.48125 0.0375
4 0.07734375 0.07421875 0.07734375 0.04140625
0 0.07734375 0.07421875 0.07734375 0.04140625
0 0.16015625 0.084375 0.05078125 0.05234375
0 0.22734375 0.084375 0.0390625 0.05234375
7 0.2890625 0.07421875 0.0390625 0.03125
0 0.30078125 0.084375 0.0625 0.05234375
7 0.36484375 0.07421875 0.0203125 0.03125
0 0.3765625 0.084375 0.04375 0.05234375
7 0.45 0.07421875 0.05859375 0.03125
0 0.46171875 0.084375 0.08203125 0.05234375
0 0.55546875 0.084375 0.0609375 0.05234375
7 0.940625 0.07421875 0.04296875 0.06015625
2 0.5 0.26015625 0.609375 0.046875
2 0.5 0.3421875 0.609375 0.0609375