2 0.09765625 0.059375 0.1953125 0.06640625
4 0.98828125 0.05859375 0.0234375 0.078125
0 0.98828125 0.05859375 0.0234375 0.078125
1 0.8765625 0.0609375 0.1390625 0.0234375
7 0.95390625 0.06015625 0.00390625 0.04921875
7 0.5734375 0.06015625 0.09453125 0.02890625
4 0.678125 0.06015625 0.025 0.02578125
4 0.71953125 0.06015625 0.0203125 0.02109375
4 0.753125 0.06015625 0.009375 0.0234375
7 0.08046875 0.15078125 0.08671875 0.07578125
0 0.08046875 0.15078125 0.1609375 0.07265625
7 0.26484375 0.15078125 0.14375 0.07578125
0 0.26484375 0.15078125 0.2078125 0.07265625
7 0.45234375 0.15078125 0.08984375 0.07578125
0 0.45234375 0.15078125 0.1671875 0.07265625
7 0.6109375 0.15078125 0.08203125 0.07578125
0 0.6109375 0.15078125 0.15 0.07265625
7 0.7625 0.15078125 0.08515625 0.07578125
0 0.7625 0.15078125 0.1515625 0.07265625
7 0.90546875 0.15078125 0.12109375 0.07578125
0 0.90546875 0.15078125 0.134375 0.07265625
4 0.08515625 0.48046875 0.1703125 0.5859375
0 0.08515625 0.48046875 0.1703125 0.5859375
4 0.58515625 0.48046875 0.82890625 0.5859375
0 0.58515625 0.48046875 0.82890625 0.5859375
0 0.54296875 0.74609375 0.01171875 0.015625
0 0.5640625 0.74609375 0.01171875 0.015625
0 0.5859375 0.74609375 0.01171875 0.015625
0 0.6078125 0.74609375 0.01171875 0.015625
0 0.62890625 0.74609375 0.01171875 0.015625
0 0.165625 0.4625 0.03515625 0.071875
0 0.99375 0.4625 0.01171875 0.071875
4 0.09296875 0.91015625 0.165625 0.125
2 0.27890625 0.8734375 0.1671875 0.021875
7 0.2796875 0.93359375 0.16796875 0.06015625
4 0.4875 0.91015625 0.165625 0.13046875
2 0.66875 0.8734375 0.1578125 0.05625
7 0.6734375 0.95078125 0.16796875 0.06015625
4 0.88203125 0.91015625 0.165625 0.125
2 0.9921875 0.8734375 0.015625 0.05625
7 0.9921875 0.95078125 0.015625 0.06015625