4 0.10546875 0.09765625 0.1390625 0.046875
0 0.10078125 0.09765625 0.1484375 0.14296875
1 0.7609375 0.1 0.1015625 0.0234375
0 0.79375 0.09453125 0.1953125 0.05859375
6 0.821875 0.1 0.00390625 0.03515625
4 0.871875 0.1 0.0125 0.0171875
7 0.0609375 0.18515625 0.03984375 0.02890625
0 0.19375 0.18515625 0.18828125 0.02890625
0 0.40546875 0.18515625 0.15703125 0.02890625
0 0.57890625 0.18515625 0.11015625 0.02578125
0 0.74140625 0.18515625 0.1375 0.02578125
0 0.87734375 0.18515625 0.05546875 0.02578125
0 0.971875 0.18515625 0.05546875 0.02578125
3 0.3421875 0.446875 0.62421875 0.46875
7 0.103125 0.7171875 0.0875 0.03671875
6 0.5765625 0.71328125 0.09453125 0.03359375
4 0.73671875 0.2640625 0.14375 0.10703125
7 0.73671875 0.3484375 0.14375 0.0296875
4 0.73671875 0.44375 0.14375 0.1078125
0 0.8078125 0.38984375 0.00078125 0.0015625
7 0.73671875 0.528125 0.14375 0.0296875
4 0.73671875 0.6234375 0.14375 0.1078125
0 0.8078125 0.56953125 0.00078125 0.0015625
7 0.73671875 0.7078125 0.14375 0.0296875
4 0.89453125 0.2640625 0.1421875 0.10703125
7 0.89453125 0.3484375 0.1421875 0.0296875
4 0.89453125 0.44375 0.1421875 0.1078125
0 0.965625 0.38984375 0.00078125 0.0015625
7 0.89453125 0.52890625 0.1421875 0.03125
4 0.89453125 0.62421875 0.1421875 0.1078125
0 0.965625 0.57109375 0.00078125 0.0015625
7 0.89453125 0.709375 0.1421875 0.0296875
7 0.1421875 0.796875 0.125 0.03359375
7 0.2484375 0.796875 0.08671875 0.03359375
4 0.128125 0.91171875 0.1640625 0.125
0 0.26328125 0.92109375 0.44453125 0.1578125
7 0.359375 0.88203125 0.2421875 0.06640625
7 0.35546875 0.9578125 0.2359375 0.084375
4 0.6015625 0.91171875 0.1640625 0.125
0 0.73671875 0.92109375 0.44453125 0.1578125
7 0.8328125 0.88203125 0.2421875 0.06640625
7 0.8296875 0.95390625 0.23515625 0.07421875
7 0.83046875 0.996875 0.2390625 0.00625