6 0.5 0.02890625 0.12109375 0.03125
0 0.5 0.025 0.12109375 0.02109375
1 0.5 0.10546875 0.40625 0.0546875
1 0.5 0.1625 0.40625 0.05703125
7 0.5 0.23046875 0.040625 0.03125
0 0.5 0.23046875 0.40625 0.046875
7 0.5 0.2828125 0.0140625 0.0234375
0 0.5 0.3515625 0.1640625 0.046875
6 0.50078125 0.40234375 0.1125 0.02109375
7 0.25703125 0.4921875 0.07109375 0.01796875
6 0.25625 0.515625 0.09296875 0.01796875
6 0.25625 0.5390625 0.09453125 0.01796875
6 0.25625 0.5625 0.03828125 0.01796875
6 0.74375 0.4921875 0.04375 0.01796875
6 0.74296875 0.515625 0.0546875 0.01796875
6 0.74296875 0.5390625 0.04375 0.01796875
4 0.74296875 0.5625 0.01171875 0.015625
0 0.74296875 0.5625 0.4859375 0.02578125
7 0.49609375 0.59609375 0.07421875 0.01796875