2 0.190625 0.071875 0.3421875 0.10390625
0 0.8046875 0.0578125 0.05859375 0.0375
0 0.86875 0.0578125 0.0625 0.0375
0 0.93984375 0.0578125 0.07109375 0.0375
2 0.5 0.171875 0.9609375 0.078125
7 0.15625 0.25078125 0.2734375 0.06640625
7 0.19140625 0.2671875 0.1328125 0.03359375
7 0.46484375 0.2546875 0.140625 0.06875
0 0.46484375 0.2546875 0.2265625 0.06875
4 0.5 0.25 0.9609375 0.31484375
4 0.5 0.43984375 1 0.06484375
0 0.05078125 0.375 0.0625 0.06484375
0 0.11171875 0.38046875 0.06171875 0.0546875
0 0.18203125 0.38046875 0.08125 0.0546875
0 0.25625 0.38046875 0.06875 0.0546875
0 0.33203125 0.38046875 0.0859375 0.0546875
4 0.26953125 0.60625 0.421875 0.31875
4 0.26953125 0.60625 0.421875 0.31875
2 0.73046875 0.47265625 0.421875 0.078125
7 0.73046875 0.58984375 0.421875 0.15625
7 0.73046875 0.7203125 0.15 0.0640625
0 0.73046875 0.7203125 0.421875 0.0640625
4 0.10234375 0.92109375 0.078125 0.10546875
6 0.21328125 0.89375 0.1140625 0.025
6 0.23359375 0.93671875 0.1546875 0.0484375
4 0.415625 0.92109375 0.078125 0.10546875
6 0.51171875 0.89375 0.084375 0.025
6 0.546875 0.93671875 0.1546875 0.0484375
4 0.7296875 0.92109375 0.078125 0.10546875
6 0.83671875 0.89375 0.1078125 0.025
6 0.86015625 0.93671875 0.1546875 0.0484375
7 0.478125 0.95546875 0.54296875 0.01796875
6 0.39765625 0.9765625 0.040625 0.01796875
7 0.4234375 0.9765625 0.01171875 0.01796875
6 0.47578125 0.9765625 0.096875 0.01796875
7 0.53046875 0.9765625 0.01171875 0.01796875
6 0.55625 0.9765625 0.04375 0.01796875