4 0.06796875 0.0328125 0.0578125 0.04140625
0 0.25 0.0328125 0.5 0.06484375
4 0.88125 0.0328125 0.01953125 0.0234375
4 0.9546875 0.0328125 0.0234375 0.0234375
2 0.11796875 0.11796875 0.11875 0.0453125
4 0.08359375 0.20703125 0.05 0.06796875
0 0.08359375 0.20703125 0.05 0.06796875
2 0.2078125 0.2125 0.18046875 0.0796875
7 0.2171875 0.2640625 0.2 0.02578125
4 0.08359375 0.31640625 0.05 0.06796875
0 0.08359375 0.31640625 0.05 0.06796875
2 0.2046875 0.33515625 0.175 0.10546875
7 0.2171875 0.4 0.2 0.02578125
4 0.08359375 0.4515625 0.05 0.06796875
0 0.08359375 0.4515625 0.05 0.06796875
2 0.215625 0.4578125 0.196875 0.0796875
7 0.2171875 0.509375 0.2 0.02578125
4 0.08359375 0.5609375 0.05 0.06796875
0 0.08359375 0.5609375 0.05 0.06796875
2 0.21015625 0.5671875 0.18671875 0.0796875
7 0.2171875 0.61875 0.2 0.02578125
4 0.08359375 0.6703125 0.05 0.06796875
0 0.08359375 0.6703125 0.05 0.06796875
2 0.2046875 0.6765625 0.17578125 0.0796875
7 0.2171875 0.728125 0.2 0.02578125
4 0.390625 0.20703125 0.05078125 0.06796875
0 0.390625 0.20703125 0.05078125 0.06796875
2 0.51796875 0.22578125 0.18671875 0.10546875
7 0.525 0.290625 0.2 0.02578125
4 0.390625 0.3421875 0.05078125 0.06796875
0 0.390625 0.3421875 0.05078125 0.06796875
2 0.521875 0.3484375 0.19453125 0.0796875
7 0.525 0.4 0.2 0.02578125
4 0.390625 0.4515625 0.05078125 0.06796875
0 0.390625 0.4515625 0.05078125 0.06796875
2 0.5140625 0.44453125 0.178125 0.053125
7 0.525 0.4828125 0.2 0.02578125
4 0.390625 0.53515625 0.05078125 0.06796875
0 0.390625 0.53515625 0.05078125 0.06796875
2 0.52109375 0.528125 0.1921875 0.053125
7 0.525 0.56640625 0.2 0.02578125
4 0.390625 0.61875 0.05078125 0.06796875
0 0.390625 0.61875 0.05078125 0.06796875
2 0.503125 0.62421875 0.15625 0.0796875
7 0.525 0.67578125 0.2 0.02578125
4 0.6984375 0.20703125 0.05078125 0.06796875
0 0.6984375 0.20703125 0.05078125 0.06796875
2 0.82890625 0.2125 0.19375 0.0796875
7 0.8328125 0.2640625 0.2 0.02578125
4 0.6984375 0.31640625 0.05078125 0.06796875
0 0.6984375 0.31640625 0.05078125 0.06796875
2 0.82890625 0.33515625 0.1921875 0.10546875
7 0.8328125 0.4 0.2 0.02578125
4 0.6984375 0.4515625 0.05078125 0.06796875
0 0.6984375 0.4515625 0.05078125 0.06796875
2 0.8296875 0.4578125 0.1953125 0.0796875
7 0.8328125 0.509375 0.2 0.02578125
4 0.6984375 0.5609375 0.05078125 0.06796875
0 0.6984375 0.5609375 0.05078125 0.06796875
2 0.8171875 0.5671875 0.1703125 0.0796875
7 0.8328125 0.61875 0.2 0.02578125
4 0.6984375 0.6703125 0.05078125 0.06796875
0 0.6984375 0.6703125 0.05078125 0.06796875
2 0.83125 0.66328125 0.1984375 0.053125
7 0.8328125 0.7015625 0.2 0.02578125
2 0.121875 0.7984375 0.12578125 0.0453125
4 0.1921875 0.9265625 0.26875 0.146875
0 0.1921875 0.9265625 0.26875 0.146875
2 0.39375 0.7984375 0.0578125 0.0453125
4 0.49921875 0.9265625 0.2703125 0.146875
0 0.49921875 0.9265625 0.2703125 0.146875
2 0.709375 0.7984375 0.0734375 0.0453125
4 0.80703125 0.9265625 0.2703125 0.146875
0 0.80703125 0.9265625 0.2703125 0.146875
7 0.865625 0.96875 0.24921875 0.03671875