2 0.07890625 0.05078125 0.11328125 0.0546875
2 0.5 0.14609375 0.9546875 0.02578125
7 0.5 0.184375 0.9546875 0.02734375
7 0.5 0.2234375 0.9546875 0.02734375
7 0.5 0.2625 0.9546875 0.02734375
2 0.5 0.31171875 0.9546875 0.02734375
2 0.509375 0.35859375 0.915625 0.02734375
7 0.509375 0.3953125 0.915625 0.02734375
2 0.509375 0.4421875 0.915625 0.02734375
7 0.509375 0.49140625 0.915625 0.053125
6 0.03984375 0.709375 0.034375 0.0171875
6 0.1046875 0.709375 0.06640625 0.0171875
6 0.190625 0.709375 0.078125 0.0171875