5 0.065625 0.0328125 0.0484375 0.06484375
2 0.1875 0.0296875 0.165625 0.03359375
0 0.1875 0.0328125 0.165625 0.0390625
6 0.3625 0.0328125 0.0375 0.02109375
6 0.41875 0.0328125 0.05546875 0.02109375
6 0.4796875 0.0328125 0.04765625 0.02109375
6 0.540625 0.0328125 0.05390625 0.02109375
6 0.60234375 0.0328125 0.05 0.02109375
0 0.6578125 0.0328125 0.04296875 0.06484375
0 0.78671875 0.0328125 0.12578125 0.0390625
7 0.8796875 0.0328125 0.021875 0.02890625
4 0.934375 0.0328125 0.0484375 0.06484375
6 0.05703125 0.0890625 0.01640625 0.021875
6 0.1 0.0890625 0.0390625 0.021875
6 0.14609375 0.0890625 0.02421875 0.021875
6 0.18046875 0.0890625 0.01484375 0.021875
6 0.21796875 0.0890625 0.03203125 0.021875
6 0.2703125 0.0890625 0.04296875 0.021875
6 0.32578125 0.0890625 0.03828125 0.021875
7 0.43046875 0.0859375 0.03125 0.01328125
1 0.46953125 0.0859375 0.0265625 0.01796875
6 0.07109375 0.11796875 0.02734375 0.01953125
7 0.15546875 0.11796875 0.05390625 0.01953125
7 0.20625 0.11796875 0.0375 0.01953125
7 0.25078125 0.11796875 0.0328125 0.01953125
6 0.08203125 0.153125 0.0484375 0.01953125
7 0.159375 0.153125 0.046875 0.01953125
7 0.209375 0.153125 0.03046875 0.01953125
7 0.25078125 0.153125 0.0328125 0.01953125
6 0.08125 0.18828125 0.04765625 0.01953125
7 0.159375 0.18828125 0.046875 0.01953125
7 0.209375 0.18828125 0.03046875 0.01953125
7 0.25078125 0.18828125 0.0328125 0.01953125
6 0.090625 0.2234375 0.06640625 0.01953125
7 0.159375 0.2234375 0.046875 0.01953125
7 0.2078125 0.2234375 0.034375 0.01953125
7 0.24921875 0.2234375 0.0375 0.01953125
6 0.07109375 0.25859375 0.02734375 0.01953125
7 0.159375 0.25859375 0.046875 0.01953125
7 0.209375 0.25859375 0.03046875 0.01953125
7 0.25078125 0.25859375 0.0328125 0.01953125
6 0.065625 0.29375 0.01640625 0.01953125
7 0.1671875 0.29375 0.03046875 0.01953125
7 0.2125 0.29375 0.0234375 0.01953125
7 0.25078125 0.29375 0.0328125 0.01953125
4 0.39140625 0.20546875 0.1984375 0.2109375
7 0.3078125 0.303125 0.025 0.0140625
7 0.36796875 0.303125 0.025 0.0140625
7 0.42890625 0.303125 0.01953125 0.0140625
7 0.48046875 0.303125 0.01953125 0.0140625
7 0.471875 0.284375 0.03125 0.0140625
7 0.471875 0.2203125 0.03125 0.0140625
7 0.471875 0.1578125 0.03125 0.0140625
7 0.54453125 0.0859375 0.090625 0.015625
7 0.5140625 0.1265625 0.03046875 0.021875
0 0.534375 0.128125 0.0859375 0.053125
6 0.5578125 0.1265625 0.0234375 0.021875
7 0.51015625 0.18046875 0.02265625 0.021875
0 0.534375 0.18046875 0.0859375 0.053125
6 0.5609375 0.18046875 0.01640625 0.021875
7 0.5109375 0.2328125 0.0234375 0.021875
0 0.534375 0.23359375 0.0859375 0.053125
6 0.5609375 0.2328125 0.01640625 0.021875
7 0.5125 0.2859375 0.0265625 0.021875
0 0.534375 0.2859375 0.0859375 0.053125
6 0.5609375 0.2859375 0.01640625 0.021875
7 0.60078125 0.1265625 0.03046875 0.021875
0 0.621875 0.128125 0.08671875 0.053125
6 0.646875 0.1265625 0.021875 0.021875
7 0.6015625 0.18046875 0.03125 0.021875
0 0.621875 0.18046875 0.08671875 0.053125
6 0.646875 0.18046875 0.021875 0.021875
7 0.5984375 0.2328125 0.02421875 0.021875
0 0.621875 0.23359375 0.08671875 0.053125
6 0.646875 0.2328125 0.021875 0.021875
7 0.59375 0.2859375 0.015625 0.021875
0 0.621875 0.2859375 0.08671875 0.053125
6 0.646875 0.2859375 0.021875 0.021875
0 0.71015625 0.0859375 0.071875 0.015625
7 0.7953125 0.0875 0.0984375 0.01171875
6 0.69609375 0.13515625 0.04375 0.01796875
0 0.8125 0.1359375 0.29296875 0.06875
7 0.834375 0.13515625 0.2328125 0.0546875
6 0.69609375 0.196875 0.04375 0.01796875
0 0.8125 0.196875 0.29296875 0.053125
6 0.746875 0.1890625 0.0578125 0.015625
7 0.8109375 0.19609375 0.1859375 0.040625
6 0.69609375 0.25703125 0.04375 0.0171875
0 0.8125 0.2578125 0.29296875 0.0703125
6 0.74296875 0.240625 0.05078125 0.015625
7 0.8234375 0.25703125 0.2109375 0.05859375
6 0.69609375 0.3265625 0.04375 0.0171875
0 0.8125 0.3265625 0.29296875 0.0703125
6 0.74296875 0.31015625 0.05078125 0.015625
7 0.8328125 0.3265625 0.2296875 0.05859375
6 0.69609375 0.38671875 0.04375 0.01796875
0 0.8125 0.3875 0.29296875 0.053125
6 0.74296875 0.38046875 0.05078125 0.015625
7 0.8265625 0.3875 0.21796875 0.040625
6 0.69609375 0.44765625 0.04375 0.01796875
0 0.8125 0.4484375 0.29296875 0.06875
6 0.74296875 0.43125 0.05078125 0.0140625
7 0.82734375 0.44765625 0.21953125 0.05703125
6 0.69609375 0.509375 0.04375 0.01796875
0 0.8125 0.509375 0.29296875 0.053125
7 0.834375 0.50859375 0.2328125 0.0375
6 0.69609375 0.56953125 0.04375 0.0171875
0 0.8125 0.5703125 0.29296875 0.0703125
7 0.834375 0.56953125 0.2328125 0.05625
6 0.69609375 0.63046875 0.04375 0.01796875
0 0.8125 0.63125 0.29296875 0.053125
6 0.74296875 0.6234375 0.05078125 0.015625
7 0.82890625 0.63125 0.221875 0.040625
6 0.69609375 0.69140625 0.04375 0.01796875
0 0.8125 0.6921875 0.29296875 0.06875
7 0.834375 0.69140625 0.2328125 0.0546875
4 0.8125 0.7796875 0.29296875 0.10546875
3 0.5 0.396875 0.7109375 0.1171875
6 0.090625 0.53046875 0.07890625 0.01953125
6 0.20234375 0.53046875 0.10625 0.01953125
6 0.2984375 0.53046875 0.0578125 0.01953125
6 0.37421875 0.53046875 0.06640625 0.01953125
6 0.465625 0.53046875 0.0890625 0.01953125
6 0.540625 0.53046875 0.034375 0.01953125
6 0.5875 0.53046875 0.03203125 0.01953125
6 0.63984375 0.53046875 0.0453125 0.01953125
6 0.69453125 0.53046875 0.0375 0.01953125
6 0.73984375 0.53046875 0.0265625 0.01953125
6 0.79296875 0.53046875 0.053125 0.01953125
6 0.85078125 0.53046875 0.0359375 0.01953125
6 0.90078125 0.53046875 0.0359375 0.01953125
6 0.9578125 0.53046875 0.05078125 0.01953125
6 0.9984375 0.53046875 0.003125 0.01953125
2 0.3421875 0.7109375 0.60234375 0.24453125
4 0.34296875 0.92265625 0.6046875 0.1546875
0 0.34296875 0.92265625 0.6046875 0.1546875
3 0.8125 0.7515625 0.29296875 0.32578125
4 0.8015625 0.17265625 0.03125 0.04296875
4 0.5 0.3109375 0.1234375 0.1640625
2 0.5 0.43984375 0.52734375 0.04453125
7 0.5 0.53671875 0.52734375 0.09921875
2 0.5 0.68828125 0.52734375 0.0328125
0 0.5 0.753125 0.115625 0.0484375
2 0.45625 0.93203125 0.08125 0.02109375
7 0.53046875 0.9328125 0.0578125 0.0171875
0 0.55 0.9328125 0.10625 0.01953125
4 0.58125 0.9328125 0.04375 0.0140625
7 0.06875 0.9734375 0.0328125 0.01953125
0 0.0953125 0.9734375 0.109375 0.053125
6 0.1109375 0.9734375 0.0375 0.01953125
7 0.17421875 0.9734375 0.02421875 0.01953125
0 0.20390625 0.9734375 0.1046875 0.053125
6 0.2140625 0.9734375 0.03984375 0.01953125
7 0.278125 0.9734375 0.0234375 0.01953125
0 0.3078125 0.9734375 0.103125 0.053125
6 0.31796875 0.9734375 0.03984375 0.01953125
7 0.3765625 0.9734375 0.0125 0.01953125
0 0.40234375 0.9734375 0.0859375 0.053125
6 0.40703125 0.9734375 0.0328125 0.01953125
7 0.4734375 0.9734375 0.03515625 0.01953125
0 0.4984375 0.9734375 0.109375 0.053125
6 0.515625 0.9734375 0.0328125 0.01953125