4 0.5 0.003125 1 0.00625
0 0.09140625 0.0390625 0.13984375 0.03359375
0 0.2109375 0.03515625 0.071875 0.03359375
0 0.2859375 0.03515625 0.078125 0.03359375
0 0.36953125 0.03515625 0.0890625 0.03359375
7 0.6265625 0.03984375 0.0484375 0.021875
0 0.61796875 0.0390625 0.0796875 0.04140625
7 0.7140625 0.03984375 0.0625 0.021875
0 0.70625 0.0390625 0.090625 0.04140625
7 0.80546875 0.03984375 0.04609375 0.021875
0 0.7953125 0.0390625 0.0796875 0.04140625
7 0.91875 0.0390625 0.09453125 0.0234375
0 0.9078125 0.0390625 0.140625 0.04140625
1 0.1796875 0.1140625 0.31640625 0.0453125
1 0.4609375 0.1140625 0.2484375 0.0453125
1 0.634375 0.1140625 0.1015625 0.0453125
1 0.77421875 0.1140625 0.1796875 0.0453125
7 0.92109375 0.11328125 0.0296875 0.0234375
0 0.92109375 0.1140625 0.115625 0.0453125
2 0.5 0.2265625 0.8578125 0.02890625
7 0.18125 0.253125 0.2203125 0.025
6 0.33125 0.253125 0.07890625 0.025
7 0.4625 0.253125 0.1828125 0.025
6 0.565625 0.253125 0.0234375 0.025
7 0.64296875 0.253125 0.13203125 0.025
3 0.5 0.4828125 0.946875 0.32578125
2 0.11328125 0.7625 0.1640625 0.02734375
7 0.13203125 0.79921875 0.1265625 0.02109375
0 0.11328125 0.8234375 0.1640625 0.06875
7 0.1234375 0.83671875 0.11015625 0.0453125
7 0.13203125 0.8890625 0.1265625 0.02109375
0 0.11328125 0.9234375 0.1640625 0.08984375
7 0.11640625 0.93671875 0.0953125 0.06640625
7 0.13203125 0.99453125 0.1265625 0.01015625
0 0.11328125 0.99453125 0.1640625 0.01015625
7 0.4828125 0.70625 0.096875 0.053125
7 0.60078125 0.70625 0.1078125 0.053125
7 0.71953125 0.70625 0.0984375 0.053125
4 0.31171875 0.8453125 0.178125 0.171875
0 0.31171875 0.8796875 0.178125 0.240625
2 0.31171875 0.9546875 0.1546875 0.02578125
7 0.265625 0.98515625 0.0625 0.0296875
4 0.5046875 0.8453125 0.178125 0.171875
0 0.5046875 0.8796875 0.178125 0.240625
2 0.5046875 0.9546875 0.1546875 0.02578125
7 0.46015625 0.98515625 0.0640625 0.0296875
4 0.6984375 0.8453125 0.178125 0.171875
0 0.6984375 0.8796875 0.178125 0.240625
2 0.6984375 0.9546875 0.1546875 0.02578125
7 0.64296875 0.98515625 0.0453125 0.0296875
4 0.89140625 0.8453125 0.178125 0.171875
0 0.89140625 0.8796875 0.178125 0.240625
2 0.89140625 0.9546875 0.1546875 0.02578125
7 0.8453125 0.98515625 0.0625 0.0296875
2 0.5 0.221875 0.3125 0.04296875
4 0.625 0.2171875 0.0234375 0.0328125
4 0.41328125 0.29375 0.03203125 0.04296875
0 0.5 0.2953125 0.2734375 0.053125
7 0.5109375 0.29453125 0.1640625 0.02890625
4 0.4203125 0.3609375 0.03125 0.04296875
0 0.5 0.3625 0.2734375 0.053125
7 0.5125 0.36171875 0.14765625 0.02890625
7 0.5 0.43046875 0.2125 0.021875
5 0.5 0.48515625 0.2734375 0.02734375
1 0.5 0.52578125 0.2734375 0.046875
5 0.5 0.57734375 0.2734375 0.02734375
1 0.5 0.61875 0.2734375 0.046875
0 0.5 0.6578125 0.2734375 0.01953125
1 0.3796875 0.72109375 0.0125 0.01796875
5 0.5 0.72109375 0.2734375 0.046875
7 0.5 0.778125 0.0609375 0.0328125
0 0.5 0.778125 0.2734375 0.053125
7 0.45546875 0.83359375 0.1203125 0.02578125
6 0.559375 0.83359375 0.08984375 0.02578125
4 0.5 0.5 1 1
7 0.37578125 0.82578125 0.70390625 0.11484375
6 0.37890625 0.8828125 0.7109375 0.05703125
7 0.17265625 0.896875 0.21953125 0.02890625
6 0.3296875 0.896875 0.09453125 0.02890625
7 0.3578125 0.92578125 0.66875 0.0859375
6 0.44140625 0.9546875 0.0703125 0.02890625
7 0.5796875 0.9546875 0.20703125 0.02890625
0 0.8828125 0.83203125 0.1875 0.0625
0 0.8828125 0.9046875 0.1875 0.0625