7 0.0625 0.0234375 0.0859375 0.02109375
0 0.10390625 0.021875 0.2078125 0.04375
7 0.15859375 0.021875 0.0984375 0.02109375
0 0.9328125 0.025 0.0328125 0.0234375
4 0.98359375 0.02421875 0.0328125 0.040625
7 0.12890625 0.07265625 0.13671875 0.05703125
0 0.12890625 0.0734375 0.1703125 0.05859375
7 0.29765625 0.07265625 0.13671875 0.05703125
0 0.2984375 0.0734375 0.16875 0.05859375
7 0.4671875 0.07265625 0.13671875 0.05703125
0 0.4671875 0.0734375 0.16875 0.05859375
7 0.6359375 0.07265625 0.13671875 0.05703125
0 0.6359375 0.0734375 0.16875 0.05859375
6 0.96875 0.071875 0.0625 0.025
2 0.603125 0.2140625 0.79375 0.06875
1 0.5640625 0.30703125 0.64453125 0.0390625
4 0.9578125 0.30625 0.0234375 0.02109375
2 0.08125 0.3828125 0.075 0.0390625
4 0.134375 0.49453125 0.0703125 0.09375
7 0.134375 0.57890625 0.0953125 0.02734375
7 0.20078125 0.62109375 0.02421875 0.02109375
7 0.0984375 0.62109375 0.084375 0.02109375
4 0.14453125 0.62109375 0.0296875 0.02109375
0 0.134375 0.553125 0.178125 0.26015625
4 0.0625 0.646875 0.01171875 0.015625
4 0.07734375 0.646875 0.01171875 0.015625
4 0.0921875 0.646875 0.01171875 0.015625
4 0.10625 0.646875 0.01171875 0.015625
4 0.12109375 0.646875 0.01171875 0.015625
7 0.2 0.65 0.025 0.0234375
4 0.21796875 0.65078125 0.009375 0.02578125
4 0.32578125 0.49453125 0.07109375 0.09375
7 0.32578125 0.57890625 0.0734375 0.02734375
7 0.39140625 0.62109375 0.025 0.02109375
7 0.27265625 0.62109375 0.05078125 0.02109375
4 0.33515625 0.62109375 0.03046875 0.02109375
0 0.32578125 0.553125 0.17890625 0.26015625
4 0.253125 0.646875 0.0125 0.015625
4 0.26796875 0.646875 0.0125 0.015625
4 0.2828125 0.646875 0.0125 0.015625
4 0.29765625 0.646875 0.0125 0.015625
4 0.31171875 0.646875 0.0125 0.015625
7 0.39140625 0.65 0.0265625 0.0234375
4 0.40859375 0.65078125 0.0109375 0.02578125
4 0.51640625 0.49453125 0.0703125 0.09375
7 0.525 0.57890625 0.1734375 0.02734375
4 0.5796875 0.57890625 0.0296875 0.02734375
0 0.51640625 0.553125 0.178125 0.26015625
7 0.5828125 0.62109375 0.02421875 0.02109375
7 0.46328125 0.62109375 0.05 0.02109375
4 0.5265625 0.62109375 0.0296875 0.02109375
4 0.44453125 0.646875 0.01171875 0.015625
4 0.459375 0.646875 0.01171875 0.015625
4 0.4734375 0.646875 0.01171875 0.015625
4 0.48828125 0.646875 0.01171875 0.015625
4 0.503125 0.646875 0.01171875 0.015625
7 0.58203125 0.65 0.025 0.0234375
4 0.6 0.65078125 0.009375 0.02578125
4 0.7078125 0.49453125 0.07109375 0.09375
7 0.74375 0.57890625 0.23046875 0.02734375
4 0.77109375 0.57890625 0.03046875 0.02734375
0 0.7078125 0.553125 0.17890625 0.26015625
7 0.7765625 0.62109375 0.01953125 0.02109375
7 0.6546875 0.62109375 0.05078125 0.02109375
4 0.7171875 0.62109375 0.03046875 0.02109375
4 0.63515625 0.646875 0.0125 0.015625
4 0.65 0.646875 0.0125 0.015625
4 0.66484375 0.646875 0.0125 0.015625
4 0.67890625 0.646875 0.0125 0.015625
4 0.69375 0.646875 0.0125 0.015625
7 0.77265625 0.65 0.0265625 0.0234375
4 0.790625 0.65078125 0.0109375 0.02578125
4 0.8984375 0.49453125 0.0703125 0.09375
7 0.91015625 0.57890625 0.1796875 0.02734375
4 0.96171875 0.57890625 0.0296875 0.02734375
0 0.8984375 0.553125 0.178125 0.26015625
7 0.9625 0.62109375 0.02734375 0.02109375
7 0.86796875 0.62109375 0.0953125 0.02109375
4 0.9078125 0.62109375 0.0296875 0.02109375
4 0.8265625 0.646875 0.01171875 0.015625
4 0.840625 0.646875 0.01171875 0.015625
4 0.85546875 0.646875 0.01171875 0.015625
4 0.8703125 0.646875 0.01171875 0.015625
4 0.884375 0.646875 0.01171875 0.015625
7 0.9640625 0.65 0.025 0.0234375
4 0.98125 0.65078125 0.009375 0.02578125
2 0.08203125 0.75546875 0.0765625 0.0390625
2 0.1640625 0.7546875 0.078125 0.03515625
0 0.1734375 0.75625 0.096875 0.040625
4 0.134375 0.8671875 0.03125 0.04140625
7 0.18125 0.9515625 0.24921875 0.02734375
4 0.1984375 0.9515625 0.0296875 0.02734375
0 0.134375 0.89765625 0.178125 0.2046875
7 0.20234375 0.99140625 0.021875 0.0171875
7 0.08125 0.99140625 0.05 0.0171875
4 0.14453125 0.99140625 0.0296875 0.0171875
4 0.32578125 0.8671875 0.07109375 0.09375
7 0.3671875 0.9515625 0.240625 0.02734375
4 0.3890625 0.9515625 0.03046875 0.02734375
0 0.32578125 0.89765625 0.17890625 0.2046875
7 0.38984375 0.99140625 0.028125 0.0171875
7 0.26875 0.99140625 0.04296875 0.0171875
4 0.33515625 0.99140625 0.03046875 0.0171875
4 0.51640625 0.8671875 0.0703125 0.09375
7 0.59296875 0.9515625 0.30859375 0.02734375
4 0.5796875 0.9515625 0.0296875 0.02734375
0 0.51640625 0.89765625 0.178125 0.2046875
7 0.58125 0.99140625 0.02734375 0.0171875
7 0.46328125 0.99140625 0.05 0.0171875
4 0.5265625 0.99140625 0.0296875 0.0171875
4 0.7078125 0.8671875 0.06328125 0.08359375
7 0.7078125 0.9515625 0.08125 0.02734375
7 0.7734375 0.99140625 0.025 0.0171875
7 0.65 0.99140625 0.04296875 0.0171875
4 0.7171875 0.99140625 0.03046875 0.0171875
0 0.7078125 0.89765625 0.17890625 0.2046875
4 0.8984375 0.8671875 0.0703125 0.09375
7 0.91015625 0.9515625 0.1796875 0.02734375
4 0.96171875 0.9515625 0.0296875 0.02734375
0 0.8984375 0.89765625 0.178125 0.2046875
7 0.9640625 0.99140625 0.025 0.0171875
7 0.8390625 0.99140625 0.0375 0.0171875
4 0.9078125 0.99140625 0.0296875 0.0171875