4 0.5 0.3359375 0.69375 0.65078125
1 0.41484375 0.70625 0.2546875 0.025
1 0.62890625 0.70625 0.16796875 0.025
1 0.55 0.7359375 0.3265625 0.025
6 0.33671875 0.7828125 0.071875 0.021875
6 0.39765625 0.7828125 0.04609375 0.021875
6 0.46015625 0.7828125 0.07109375 0.021875
6 0.52265625 0.7828125 0.0484375 0.021875
6 0.5703125 0.7828125 0.040625 0.021875
6 0.6109375 0.7828125 0.0375 0.021875
6 0.6671875 0.7828125 0.06640625 0.021875
7 0.26015625 0.80625 0.20390625 0.021875
6 0.4046875 0.80625 0.0890625 0.021875
7 0.55625 0.80625 0.2140625 0.021875
6 0.74921875 0.80625 0.1765625 0.021875
7 0.8390625 0.80625 0.0046875 0.021875
6 0.29453125 0.8296875 0.065625 0.021875
6 0.35625 0.8296875 0.0515625 0.021875
6 0.40625 0.8296875 0.0453125 0.021875
6 0.46171875 0.8296875 0.0578125 0.021875
6 0.5765625 0.8296875 0.165625 0.021875
7 0.69375 0.8296875 0.06328125 0.021875
4 0.73125 0.82734375 0.01484375 0.01953125