4 0.1390625 0.025 0.2296875 0.0296875
0 0.1390625 0.028125 0.2296875 0.01953125
6 0.053125 0.08515625 0.0578125 0.01953125
6 0.08203125 0.1421875 0.115625 0.01953125
6 0.0796875 0.2 0.11015625 0.01953125
6 0.06953125 0.25703125 0.090625 0.01953125
6 0.06953125 0.3140625 0.08984375 0.01953125
6 0.090625 0.371875 0.13203125 0.01953125
6 0.08125 0.42890625 0.11328125 0.01953125
6 0.07890625 0.4859375 0.10859375 0.01953125
6 0.0640625 0.54375 0.0796875 0.01953125
0 0.3015625 0.02890625 0.04609375 0.05703125
0 0.35546875 0.02890625 0.0625 0.05703125
0 0.43984375 0.02890625 0.10625 0.05703125
0 0.53984375 0.02890625 0.09296875 0.05703125
4 0.88828125 0.02890625 0.01875 0.05703125
4 0.93203125 0.02890625 0.04375 0.05703125
4 0.978125 0.02890625 0.04296875 0.05703125
7 0.303125 0.1171875 0.5375 0.015625
0 0.303125 0.303125 0.5375 0.38671875
7 0.30234375 0.3140625 0.5359375 0.375
7 0.86796875 0.1171875 0.24375 0.015625
0 0.86796875 0.1578125 0.24375 0.09609375
7 0.865625 0.16796875 0.2390625 0.07265625
7 0.86796875 0.24609375 0.24375 0.015625
0 0.86796875 0.28671875 0.24375 0.09609375
7 0.8671875 0.296875 0.2421875 0.07265625
7 0.86796875 0.375 0.24375 0.015625
0 0.86796875 0.415625 0.24375 0.09609375
7 0.853125 0.42578125 0.21484375 0.07265625
4 0.5 0.28984375 1 0.4390625
7 0.15625 0.5484375 0.3125 0.05234375
4 0.0578125 0.6234375 0.0765625 0.09765625
0 0.06328125 0.6640625 0.08671875 0.02109375
0 0.2 0.61328125 0.18125 0.078125
7 0.2 0.66484375 0.18125 0.025
4 0.0578125 0.75859375 0.0765625 0.09765625
0 0.06328125 0.81015625 0.08671875 0.02109375
0 0.2 0.75390625 0.18125 0.08828125
7 0.2 0.8109375 0.18125 0.025
4 0.0578125 0.9046875 0.0765625 0.09765625
0 0.06328125 0.95546875 0.08671875 0.02109375
0 0.2 0.9 0.18125 0.08828125
7 0.2 0.95625 0.18125 0.025
7 0.484375 0.5484375 0.34375 0.05234375
4 0.484375 0.68515625 0.28515625 0.22109375
0 0.484375 0.68828125 0.28515625 0.228125
0 0.484375 0.8796875 0.28515625 0.11875
7 0.828125 0.5484375 0.34375 0.05234375
4 0.828125 0.67421875 0.28515625 0.20078125
0 0.828125 0.678125 0.28515625 0.20703125
0 0.8328125 0.85 0.2171875 0.196875