7 0.34296875 0.04296875 0.53046875 0.0234375
7 0.34296875 0.0875 0.53046875 0.06484375
0 0.8453125 0.07578125 0.23125 0.05234375
4 0.08046875 0.23671875 0.075 0.109375
1 0.428125 0.21640625 0.31875 0.06484375
1 0.56875 0.2171875 0.02421875 0.03125
6 0.696875 0.19140625 0.12890625 0.01796875
6 0.66875 0.21640625 0.07109375 0.01796875
6 0.6609375 0.240625 0.05546875 0.01796875
6 0.65859375 0.265625 0.0515625 0.01796875
0 0.88046875 0.19140625 0.153125 0.01796875
0 0.8703125 0.22421875 0.1421875 0.03359375
0 0.80703125 0.2640625 0.01640625 0.02109375
0 0.834375 0.2640625 0.01640625 0.02109375
0 0.8609375 0.2640625 0.01640625 0.02109375
0 0.8875 0.2640625 0.01640625 0.02109375
0 0.1109375 0.384375 0.1578125 0.06875
0 0.26328125 0.384375 0.1453125 0.06875
0 0.3875 0.384375 0.103125 0.06875
0 0.49296875 0.384375 0.10625 0.06875
0 0.62421875 0.384375 0.15703125 0.06875
0 0.76796875 0.384375 0.1296875 0.06875
0 0.9 0.384375 0.134375 0.06875
4 0.25 0.72109375 0.5 0.5
7 0.625 0.5875 0.1875 0.10546875
0 0.625 0.5875 0.25 0.2328125
7 0.875 0.5875 0.15 0.1390625
0 0.875 0.5875 0.25 0.2328125
7 0.625 0.8375 0.15 0.1390625
0 0.625 0.8375 0.25 0.2671875
7 0.875 0.8375 0.15 0.1734375
0 0.875 0.8375 0.25 0.2671875