7 0.44609375 0.9546875 0.85625 0.04140625
6 0.62890625 0.96640625 0.07421875 0.01796875
7 0.66796875 0.96640625 0.00390625 0.01796875
0 0.93125 0.9546875 0.078125 0.05234375
4 0.10234375 0.05859375 0.13671875 0.02109375
6 0.38671875 0.04140625 0.05859375 0.02109375
6 0.4484375 0.04140625 0.034375 0.02109375
6 0.51484375 0.04140625 0.06953125 0.02109375
6 0.58671875 0.04140625 0.046875 0.02109375
6 0.678125 0.04140625 0.10546875 0.02109375
6 0.7609375 0.04140625 0.0296875 0.02109375
6 0.82265625 0.04140625 0.0359375 0.02109375
6 0.9234375 0.0421875 0.10859375 0.021875
2 0.26640625 0.26953125 0.44453125 0.1875
7 0.265625 0.44765625 0.44375 0.1171875
0 0.121875 0.56328125 0.15625 0.0609375
4 0.73359375 0.3421875 0.44453125 0.33359375
0 0.73359375 0.3421875 0.44453125 0.33359375
4 0.5 0.7203125 0.88125 0.1015625
2 0.5 0.86171875 0.9609375 0.046875
7 0.178125 0.9625 0.15546875 0.07421875
7 0.50078125 0.9625 0.1671875 0.07421875
7 0.82109375 0.9625 0.153125 0.07421875
3 0.97734375 0.6828125 0.0453125 0.0609375