7 0.359375 0.02578125 0.40625 0.02109375
6 0.615625 0.0265625 0.1078125 0.021875
7 0.68125 0.02578125 0.0265625 0.02109375
6 0.746875 0.0265625 0.1078125 0.021875
7 0.821875 0.02578125 0.04375 0.02109375
0 0.06640625 0.08828125 0.10546875 0.02890625
7 0.4609375 0.08828125 0.89453125 0.0703125
0 0.93359375 0.084375 0.015625 0.02109375
4 0.97421875 0.078125 0.0265625 0.00546875
0 0.97421875 0.08828125 0.02421875 0.0703125
4 0.97421875 0.08828125 0.0265625 0.00546875
4 0.97421875 0.09921875 0.0265625 0.00546875
4 0.5 0.34609375 1 0.66640625
2 0.5 0.35 0.40234375 0.06796875
2 0.259375 0.5890625 0.11875 0.0375
0 0.259375 0.590625 0.44140625 0.06640625
2 0.259375 0.6625 0.40234375 0.0390625
0 0.259375 0.6625 0.40234375 0.0390625
7 0.259375 0.7015625 0.40234375 0.02578125
0 0.1171875 0.76171875 0.1171875 0.0546875
7 0.259375 0.81953125 0.40234375 0.021875
2 0.740625 0.5890625 0.1640625 0.0375
0 0.740625 0.590625 0.44140625 0.06640625
2 0.740625 0.6625 0.40234375 0.0390625
0 0.740625 0.6625 0.40234375 0.0390625
7 0.740625 0.7015625 0.40234375 0.02578125
0 0.59765625 0.76171875 0.1171875 0.0546875
7 0.740625 0.81953125 0.40234375 0.021875
2 0.5 0.934375 0.921875 0.0375