4 0.075 0.03125 0.0625 0.0546875
0 0.075 0.03125 0.071875 0.0546875
6 0.94453125 0.03046875 0.0234375 0.0484375
0 0.94453125 0.0296875 0.0328125 0.05078125
7 0.5 0.165625 0.9125 0.04453125
7 0.29609375 0.23046875 0.50390625 0.02890625
7 0.29609375 0.2640625 0.5046875 0.02890625
7 0.06875 0.42109375 0.0515625 0.021875
7 0.0984375 0.42109375 0.00703125 0.021875
1 0.26796875 0.421875 0.14140625 0.03671875
1 0.42265625 0.421875 0.14140625 0.03671875
7 0.5640625 0.4234375 0.0953125 0.0234375
0 0.57734375 0.421875 0.1421875 0.03671875
4 0.63828125 0.421875 0.01875 0.03359375
1 0.57734375 0.459375 0.1328125 0.03125
7 0.71953125 0.4234375 0.09453125 0.0234375
0 0.73203125 0.421875 0.14140625 0.03671875
4 0.7921875 0.421875 0.01875 0.03359375
1 0.73203125 0.459375 0.13203125 0.03125
1 0.84765625 0.421875 0.0640625 0.03671875
7 0.92109375 0.421875 0.05625 0.01796875
4 0.5 0.61875 0.47265625 0.2640625
0 0.5 0.61875 0.47265625 0.2640625
6 0.309375 0.6265625 0.06171875 0.0234375
7 0.4640625 0.665625 0.37109375 0.04921875
4 0.86796875 0.61875 0.2640625 0.2640625
0 0.86796875 0.61875 0.2640625 0.2640625
6 0.7828125 0.6 0.0640625 0.0234375
7 0.875 0.6515625 0.25 0.075
4 0.86796875 0.61875 0.2640625 0.2640625
0 0.86796875 0.61875 0.2640625 0.2640625
6 0.82734375 0.57421875 0.15234375 0.0234375
7 0.875 0.63828125 0.25 0.1015625
4 0.86796875 0.61875 0.2640625 0.2640625
0 0.86796875 0.61875 0.2640625 0.2640625
6 0.77421875 0.6265625 0.046875 0.0234375
7 0.875 0.66484375 0.25 0.0484375
4 0.86796875 0.61875 0.2640625 0.2640625
0 0.86796875 0.61875 0.2640625 0.2640625
6 0.790625 0.6265625 0.0796875 0.0234375
7 0.875 0.66484375 0.25 0.0484375
4 0.46953125 0.725 0.0078125 0.009375
2 0.3609375 0.7953125 0.146875 0.02890625
6 0.696875 0.8484375 0.0171875 0.025
0 0.696875 0.85 0.0171875 0.02734375
6 0.671875 0.8484375 0.0171875 0.025
0 0.671875 0.85 0.0171875 0.02734375
7 0.32578125 0.84609375 0.075 0.0234375
7 0.3890625 0.84609375 0.04296875 0.0234375
0 0.5 0.9140625 0.4234375 0.0859375
7 0.29609375 0.975 0.015625 0.01796875
4 0.3125 0.975 0.0171875 0.021875
6 0.359375 0.975 0.071875 0.01796875
7 0.3984375 0.975 0.0078125 0.01796875
4 0.4125 0.975 0.01875 0.021875
6 0.45625 0.975 0.0640625 0.01796875
7 0.4984375 0.975 0.0234375 0.01796875
4 0.521875 0.975 0.0171875 0.021875
6 0.56875 0.975 0.0734375 0.01796875
7 0.32265625 0.99453125 0.06953125 0.01015625
7 0.37421875 0.99453125 0.02734375 0.01015625
7 0.3890625 0.99453125 0.00703125 0.01015625
7 0.4 0.99453125 0.01484375 0.01015625
7 0.46953125 0.99453125 0.3625 0.01015625
2 0.13359375 0.55234375 0.1796875 0.078125
7 0.12109375 0.6234375 0.1328125 0.0234375
0 0.13359375 0.62265625 0.1796875 0.03671875
4 0.2140625 0.62265625 0.0171875 0.03359375
1 0.13359375 0.66015625 0.1703125 0.03125
7 0.0546875 0.67421875 0.01171875 0.01796875
0 0.13359375 0.67421875 0.1796875 0.0234375
7 0.11953125 0.67421875 0.1125 0.01796875
7 0.0546875 0.70703125 0.01171875 0.01796875
0 0.13359375 0.70703125 0.1796875 0.0234375
7 0.11640625 0.70703125 0.10625 0.01796875
4 0.0640625 0.77109375 0.040625 0.0546875
0 0.13359375 0.771875 0.1796875 0.06640625
7 0.12890625 0.7703125 0.071875 0.01953125
4 0.0640625 0.8375 0.040625 0.0546875
0 0.13359375 0.8375 0.1796875 0.06640625
7 0.1390625 0.83671875 0.09296875 0.01953125
4 0.0640625 0.90390625 0.040625 0.0546875
0 0.13359375 0.9046875 0.1796875 0.06640625
7 0.115625 0.903125 0.0453125 0.01953125
4 0.0640625 0.9703125 0.040625 0.0546875
0 0.13359375 0.96875 0.1796875 0.0625
7 0.1078125 0.96953125 0.03046875 0.01953125
2 0.86640625 0.5328125 0.1796875 0.0390625
7 0.81015625 0.58359375 0.0671875 0.01796875
0 0.86640625 0.61875 0.1796875 0.046875
7 0.8109375 0.69375 0.06875 0.01796875
6 0.859375 0.72890625 0.165625 0.04140625
0 0.86640625 0.72890625 0.1796875 0.046875
7 0.80703125 0.8046875 0.06171875 0.01796875
6 0.865625 0.8515625 0.178125 0.06484375
0 0.86640625 0.8515625 0.1796875 0.0703125
6 0.865625 0.9390625 0.178125 0.01796875
7 0.29453125 0.9265625 0.5203125 0.021875
7 0.14609375 0.9578125 0.2234375 0.021875
6 0.275 0.9578125 0.034375 0.021875
7 0.29375 0.9578125 0.00625 0.021875
0 0.93515625 0.94140625 0.06171875 0.0390625