4 0.146875 0.040625 0.109375 0.02890625
2 0.553125 0.0484375 0.06953125 0.02734375
2 0.63671875 0.0484375 0.0390625 0.02734375
2 0.709375 0.0484375 0.046875 0.02734375
7 0.83515625 0.04921875 0.146875 0.046875
0 0.83515625 0.04921875 0.146875 0.046875
2 0.5 0.2796875 0.875 0.20859375
2 0.5 0.428125 0.875 0.03671875
4 0.0953125 0.5390625 0.03046875 0.0390625
7 0.14765625 0.5390625 0.0640625 0.04140625
4 0.22109375 0.5390625 0.03046875 0.0390625
7 0.28203125 0.5390625 0.08203125 0.04140625
4 0.36484375 0.5390625 0.03046875 0.0390625
7 0.43984375 0.5390625 0.11015625 0.04140625
4 0.53671875 0.5390625 0.03046875 0.0390625
7 0.60546875 0.5390625 0.09765625 0.04140625
4 0.69609375 0.5390625 0.03046875 0.0390625
7 0.7484375 0.5390625 0.0640625 0.04140625
4 0.821875 0.5390625 0.03046875 0.0390625
7 0.878125 0.5390625 0.071875 0.04140625
4 0.15546875 0.60703125 0.0296875 0.0390625
7 0.196875 0.60703125 0.04296875 0.04140625
4 0.2609375 0.60703125 0.0296875 0.0390625
7 0.3234375 0.60703125 0.084375 0.04140625
4 0.40703125 0.60703125 0.0296875 0.0390625
7 0.4609375 0.60703125 0.06640625 0.04140625
4 0.5359375 0.60703125 0.0296875 0.0390625
7 0.58125 0.60703125 0.0484375 0.04140625
4 0.64765625 0.60703125 0.0296875 0.0390625
7 0.70390625 0.60703125 0.071875 0.04140625
4 0.78203125 0.60703125 0.0296875 0.0390625
7 0.828125 0.60703125 0.05078125 0.04140625
4 0.10078125 0.67421875 0.0296875 0.0390625
7 0.16171875 0.67421875 0.08125 0.04140625
4 0.24375 0.67421875 0.0296875 0.0390625
7 0.2875 0.67421875 0.04609375 0.04140625
4 0.35234375 0.67421875 0.0296875 0.0390625
7 0.40703125 0.67421875 0.0671875 0.04140625
4 0.4828125 0.67421875 0.0296875 0.0390625
7 0.56875 0.67421875 0.13125 0.04140625
4 0.67578125 0.67421875 0.0296875 0.0390625
7 0.72890625 0.67421875 0.065625 0.04140625
4 0.80390625 0.67421875 0.0296875 0.0390625
7 0.86640625 0.67421875 0.084375 0.04140625
4 0.1125 0.7421875 0.0296875 0.0390625
7 0.196875 0.7421875 0.128125 0.04140625
4 0.303125 0.7421875 0.0296875 0.0390625
7 0.35546875 0.7421875 0.0640625 0.04140625
4 0.4296875 0.7421875 0.0296875 0.0390625
7 0.48515625 0.7421875 0.06953125 0.04140625
4 0.56171875 0.7421875 0.0296875 0.0390625
7 0.64609375 0.7421875 0.128125 0.04140625
4 0.7515625 0.7421875 0.0296875 0.0390625
7 0.834375 0.7421875 0.12421875 0.04140625
4 0.15 0.81015625 0.03046875 0.0390625
7 0.18828125 0.81015625 0.0375 0.04140625
4 0.2484375 0.81015625 0.03046875 0.0390625
7 0.31015625 0.81015625 0.0828125 0.04140625
4 0.39296875 0.81015625 0.03046875 0.0390625
7 0.48671875 0.81015625 0.14765625 0.04140625
4 0.60234375 0.81015625 0.03046875 0.0390625
7 0.64921875 0.81015625 0.05390625 0.04140625
4 0.7171875 0.81015625 0.03046875 0.0390625
7 0.7984375 0.81015625 0.121875 0.04140625
4 0.21328125 0.87734375 0.03046875 0.0390625
7 0.2921875 0.87734375 0.1171875 0.04140625
4 0.3921875 0.87734375 0.03046875 0.0390625
7 0.51015625 0.87734375 0.19609375 0.04140625
4 0.65 0.87734375 0.03046875 0.0390625
7 0.7328125 0.87734375 0.12578125 0.04140625
7 0.5 0.93359375 0.33203125 0.08046875
0 0.5 0.93359375 0.33203125 0.08046875
2 0.471875 0.996875 0.18125 0.00625
2 0.5921875 0.996875 0.05 0.00625