0 0.5 0.0453125 0.13671875 0.02734375
4 0.03125 0.03359375 0.0234375 0.03125
7 0.03125 0.05703125 0.04296875 0.015625
7 0.5 0.04140625 0.85 0.0828125
4 0.46796875 0.85546875 0.0140625 0.01796875
4 0.5 0.85546875 0.0140625 0.01796875
4 0.53203125 0.85546875 0.0140625 0.01796875
7 0.5 0.478125 0.02734375 0.03515625
0 0.5 0.46171875 0.08984375 0.0484375
4 0.5 0.46171875 0.08984375 0.0484375
7 0.5 0.46171875 0.0609375 0.025
6 0.49921875 0.65390625 0.78046875 0.28359375
4 0.1671875 0.984375 0.30859375 0.03125
0 0.1671875 0.984375 0.30859375 0.03125
4 0.5 0.984375 0.30859375 0.03125
0 0.5 0.984375 0.30859375 0.03125
4 0.8328125 0.984375 0.30859375 0.03125
0 0.8328125 0.984375 0.30859375 0.03125
4 0.83828125 0.97734375 0.01484375 0.01953125