0 0.10078125 0.04140625 0.1390625 0.04921875
0 0.6828125 0.04296875 0.08515625 0.046875
0 0.77265625 0.04140625 0.09375 0.046875
0 0.9 0.04140625 0.1375 0.046875
4 0.0484375 0.34140625 0.096875 0.1140625
4 0.10625 0.33359375 0.00703125 0.10703125
2 0.3625 0.3421875 0.4703125 0.125
2 0.375 0.4359375 0.4703125 0.0328125
4 0.215625 0.51015625 0.13203125 0.05234375
4 0.36171875 0.51015625 0.13203125 0.05234375
4 0.5 0.43515625 1 0.703125
4 0.5 0.43515625 1 0.703125
4 0.16953125 0.92421875 0.12578125 0.15078125
4 0.49921875 0.92421875 0.12578125 0.15078125
4 0.8296875 0.92421875 0.12578125 0.15078125