4 0.0484375 0.06484375 0.0390625 0.05234375
0 0.0484375 0.06484375 0.0390625 0.05234375
6 0.59375 0.0640625 0.04296875 0.02734375
6 0.6734375 0.0640625 0.0578125 0.02734375
6 0.78671875 0.0640625 0.11015625 0.02734375
6 0.92109375 0.0640625 0.1 0.02734375
2 0.20078125 0.265625 0.27421875 0.11484375
7 0.20078125 0.36953125 0.27421875 0.06796875
1 0.21953125 0.4625 0.3125 0.046875
1 0.21953125 0.525 0.3125 0.046875
0 0.11015625 0.603125 0.09296875 0.05703125
5 0.15078125 0.678125 0.1203125 0.02890625
0 0.20078125 0.7328125 0.27421875 0.02890625
4 0.13671875 0.79921875 0.146875 0.05703125
0 0.1421875 0.8203125 0.1578125 0.0234375
4 0.13671875 0.8609375 0.146875 0.05859375
0 0.13671875 0.8828125 0.146875 0.0234375
4 0.73046875 0.53515625 0.5390625 0.7109375
4 0.97890625 0.9234375 0.0125 0.0171875
4 0.5 0.94765625 1 0.10390625
7 0.465625 0.94765625 0.56171875 0.02578125
6 0.78046875 0.94765625 0.0703125 0.02578125