4 0.5 0.05234375 1 0.10390625
2 0.58671875 0.1546875 0.78046875 0.0484375
6 0.58671875 0.19921875 0.084375 0.015625
2 0.30546875 0.31015625 0.159375 0.05234375
7 0.27578125 0.38125 0.10078125 0.02734375
6 0.365625 0.38125 0.0796875 0.02734375
7 0.5359375 0.38125 0.26171875 0.02734375
6 0.48515625 0.39453125 0.51875 0.0546875
6 0.3578125 0.4078125 0.0609375 0.02734375
7 0.47109375 0.421875 0.49140625 0.0546875
7 0.35625 0.475 0.2609375 0.02734375
6 0.5640625 0.475 0.15546875 0.02734375
7 0.6578125 0.475 0.034375 0.02734375
6 0.29921875 0.5015625 0.14765625 0.02734375
7 0.47734375 0.515625 0.50390625 0.0546875
6 0.4859375 0.54296875 0.521875 0.0546875
7 0.30390625 0.55625 0.0984375 0.02734375
6 0.39921875 0.55625 0.09375 0.02734375
7 0.55546875 0.55625 0.22265625 0.02734375
6 0.30390625 0.584375 0.15625 0.02734375
7 0.3890625 0.584375 0.015625 0.02734375
6 0.4484375 0.584375 0.103125 0.02734375
7 0.61796875 0.584375 0.23828125 0.02734375
6 0.2984375 0.6109375 0.1453125 0.02734375
7 0.4421875 0.6109375 0.14140625 0.02734375
6 0.8453125 0.3375 0.0640625 0.02734375
6 0.84765625 0.37578125 0.06875 0.02734375
7 0.8171875 0.403125 0.00703125 0.02734375
6 0.871875 0.403125 0.10546875 0.02734375
7 0.92734375 0.403125 0.00703125 0.02734375
6 0.85234375 0.4421875 0.078125 0.02734375
6 0.86015625 0.48125 0.09296875 0.02734375
7 0.8171875 0.50859375 0.00703125 0.02734375
6 0.85546875 0.50859375 0.071875 0.02734375
7 0.89375 0.50859375 0.00703125 0.02734375
6 0.8390625 0.54765625 0.0515625 0.02734375
4 0.2359375 0.69609375 0.01953125 0.02734375
7 0.309375 0.69453125 0.096875 0.021875
7 0.54921875 0.740625 0.0046875 0.01796875
6 0.5875 0.740625 0.0765625 0.01796875
7 0.628125 0.740625 0.0046875 0.01796875
2 0.2625 0.7578125 0.0734375 0.02578125
4 0.23828125 0.86640625 0.01953125 0.02734375
7 0.28046875 0.865625 0.05859375 0.17578125
7 0.35234375 0.79375 0.08125 0.021875
6 0.43984375 0.79375 0.096875 0.021875
7 0.47109375 0.821875 0.31953125 0.0796875
6 0.4421875 0.8796875 0.26171875 0.021875
7 0.46953125 0.9078125 0.31640625 0.0796875
2 0.26484375 0.9875 0.078125 0.025
4 0.70234375 0.69609375 0.0203125 0.02734375
7 0.7578125 0.69453125 0.0625 0.021875
6 0.940625 0.74453125 0.01484375 0.01796875
7 0.8203125 0.74375 0.25390625 0.0296875
7 0.725 0.775 0.01953125 0.021875
6 0.765625 0.775 0.0625 0.021875
7 0.725 0.80546875 0.01953125 0.021875
6 0.76875 0.80546875 0.06953125 0.021875
7 0.725 0.83671875 0.01953125 0.021875
6 0.77265625 0.83671875 0.0765625 0.021875
7 0.725 0.86640625 0.01953125 0.021875
6 0.7875 0.86640625 0.10625 0.021875
7 0.725 0.896875 0.01953125 0.021875
6 0.79453125 0.896875 0.1203125 0.021875
7 0.725 0.928125 0.01953125 0.021875
6 0.77265625 0.928125 0.0765625 0.021875
7 0.725 0.9578125 0.01953125 0.021875
6 0.7796875 0.9578125 0.08984375 0.021875
7 0.725 0.9890625 0.01953125 0.021875
6 0.77265625 0.9890625 0.07890625 0.021875
2 0.08828125 0.5078125 0.1765625 0.984375
0 0.62578125 0.02109375 0.059375 0.02578125
7 0.70546875 0.02109375 0.08515625 0.02578125
6 0.76640625 0.025 0.021875 0.01796875
6 0.82109375 0.025 0.0703125 0.01796875
6 0.90390625 0.025 0.08125 0.01796875
6 0.96796875 0.025 0.03203125 0.01796875
0 0.21171875 0.078125 0.07734375 0.05234375
0 0.28828125 0.078125 0.078125 0.05234375
0 0.58515625 0.078125 0.046875 0.05234375
0 0.65 0.078125 0.0859375 0.05234375
0 0.73515625 0.078125 0.08515625 0.05234375
1 0.884375 0.08046875 0.2015625 0.03671875
1 0.971875 0.08046875 0.0234375 0.03359375
1 0.971875 0.08046875 0.0234375 0.03359375
4 0.0859375 0.10390625 0.15625 0.2078125
6 0.05390625 0.2515625 0.05546875 0.01953125
6 0.0703125 0.2765625 0.0875 0.01953125
6 0.05859375 0.3015625 0.0640625 0.01953125
6 0.06953125 0.3265625 0.0859375 0.01953125
6 0.0640625 0.35078125 0.075 0.01953125
6 0.0390625 0.37578125 0.025 0.01953125
6 0.0421875 0.4 0.03125 0.01953125
2 0.090625 0.44453125 0.12890625 0.01953125
6 0.08046875 0.484375 0.10859375 0.03671875
6 0.07265625 0.5171875 0.09296875 0.01953125
6 0.05703125 0.5421875 0.06171875 0.01953125
6 0.0515625 0.5671875 0.05078125 0.01953125
6 0.0484375 0.5921875 0.04375 0.01953125
6 0.04765625 0.61640625 0.0421875 0.01953125
6 0.05234375 0.64140625 0.0515625 0.01953125
6 0.071875 0.665625 0.0921875 0.01953125
2 0.090625 0.71015625 0.12890625 0.01953125
6 0.075 0.74140625 0.096875 0.01953125
6 0.0453125 0.76640625 0.0375 0.01953125
6 0.07734375 0.790625 0.1015625 0.01953125
6 0.04609375 0.815625 0.0390625 0.01953125
2 0.090625 0.86015625 0.12890625 0.01953125
6 0.0828125 0.89140625 0.1125 0.01953125
6 0.05390625 0.915625 0.05546875 0.01953125
6 0.0578125 0.940625 0.06328125 0.01953125
6 0.05390625 0.965625 0.0546875 0.01953125
6 0.0484375 0.98984375 0.046875 0.0203125