4 0.0796875 0.053125 0.1203125 0.053125
0 0.70625 0.01640625 0.0859375 0.0328125
0 0.8109375 0.01640625 0.12109375 0.0328125
7 0.87578125 0.01484375 0.00625 0.021875
6 0.934375 0.05859375 0.0921875 0.10390625
7 0.19453125 0.071875 0.03203125 0.02734375
0 0.19453125 0.07421875 0.03203125 0.0390625
7 0.2890625 0.071875 0.078125 0.02734375
0 0.2890625 0.07421875 0.078125 0.0390625
7 0.39140625 0.071875 0.04765625 0.02734375
0 0.39140625 0.07421875 0.04765625 0.0390625
7 0.465625 0.071875 0.02265625 0.02734375
0 0.465625 0.07421875 0.02265625 0.0390625
7 0.53515625 0.071875 0.0390625 0.02734375
0 0.53515625 0.07421875 0.0390625 0.0390625
7 0.63984375 0.071875 0.0921875 0.02734375
0 0.63984375 0.07421875 0.0921875 0.0390625
7 0.74296875 0.071875 0.0359375 0.02734375
0 0.74296875 0.07421875 0.0359375 0.0390625
4 0.91796875 0.0703125 0.015625 0.03359375
0 0.9453125 0.07265625 0.0703125 0.03671875
7 0.95625 0.07265625 0.04765625 0.03671875
4 0.5 0.4296875 1 0.65078125
2 0.5 0.378125 0.9609375 0.2515625
0 0.5 0.575 0.14453125 0.0640625
2 0.5 0.8328125 0.9609375 0.05078125
4 0.5 0.9578125 0.275 0.084375
0 0.5 0.9578125 0.275 0.084375
4 0.79296875 0.9578125 0.2734375 0.084375
0 0.79296875 0.9578125 0.2734375 0.084375
4 0.97421875 0.9578125 0.0515625 0.084375
0 0.97421875 0.9578125 0.0515625 0.084375
4 0.02578125 0.9578125 0.0515625 0.084375
0 0.02578125 0.9578125 0.0515625 0.084375
4 0.20546875 0.9578125 0.2734375 0.084375
0 0.20546875 0.9578125 0.2734375 0.084375