4 0.0984375 0.0875 0.1375 0.06015625
0 0.0984375 0.0875 0.1375 0.06015625
6 0.43046875 0.0859375 0.0546875 0.03125
0 0.57578125 0.084375 0.17890625 0.03125
7 0.72421875 0.0875 0.06171875 0.05234375
0 0.73515625 0.0875 0.0828125 0.05234375
0 0.8875 0.0875 0.165625 0.07265625
2 0.5 0.63125 0.3046875 0.73671875
2 0.5 0.34140625 0.48828125 0.05703125
1 0.26484375 0.41953125 0.4515625 0.05234375
1 0.73515625 0.41953125 0.4515625 0.05234375
1 0.26484375 0.49765625 0.4515625 0.05234375
1 0.73515625 0.49765625 0.4515625 0.05234375
1 0.5 0.57578125 0.921875 0.05234375
7 0.0921875 0.5765625 0.075 0.0234375
7 0.18828125 0.58046875 0.10859375 0.0234375
5 0.12578125 0.63359375 0.17265625 0.021875
7 0.19453125 0.66875 0.271875 0.021875
6 0.3734375 0.66875 0.08671875 0.021875
7 0.43125 0.66875 0.028125 0.021875
6 0.49453125 0.66875 0.0984375 0.021875
1 0.5 0.75 0.334375 0.07265625
7 0.4171875 0.996875 0.290625 0.00625
7 0.6453125 0.996875 0.165625 0.00625