7 0.5 0.03203125 1 0.05625
7 0.20859375 0.0484375 0.0109375 0.02890625
6 0.06328125 0.09609375 0.12578125 0.015625
6 0.178125 0.09609375 0.0234375 0.015625
6 0.29296875 0.09609375 0.1265625 0.015625
4 0.02734375 0.18046875 0.0546875 0.07421875
6 0.5546875 0.178125 0.0640625 0.01796875
6 0.68046875 0.178125 0.0890625 0.01796875
6 0.7984375 0.178125 0.05078125 0.01796875
6 0.890625 0.178125 0.03515625 0.01796875
6 0.97109375 0.178125 0.028125 0.01796875
2 0.3421875 0.453125 0.48828125 0.13515625
7 0.153125 0.55859375 0.1109375 0.02109375
7 0.18671875 0.58203125 0.17890625 0.02109375
7 0.14765625 0.60546875 0.10078125 0.02109375
7 0.17734375 0.62890625 0.159375 0.02109375
0 0.20625 0.74453125 0.2171875 0.05234375
0 0.58671875 0.99765625 0.0109375 0.0046875
0 0.60859375 0.99765625 0.0109375 0.0046875
0 0.06875 0.5609375 0.05859375 0.87734375