6 0.62421875 0.01875 0.1109375 0.01953125
6 0.746875 0.01875 0.09296875 0.01953125
6 0.85234375 0.01875 0.07734375 0.01953125
6 0.94609375 0.01875 0.06953125 0.01953125
4 0.13203125 0.0921875 0.24375 0.08046875
0 0.165625 0.0921875 0.3125 0.08046875
0 0.51796875 0.1171875 0.0984375 0.05703125
0 0.6296875 0.1171875 0.1203125 0.05703125
0 0.734375 0.1171875 0.0859375 0.05703125
0 0.8484375 0.1171875 0.1390625 0.05703125
0 0.959375 0.1171875 0.07890625 0.05703125
5 0.228125 0.46953125 0.0171875 0.0640625
1 0.51484375 0.4703125 0.5875 0.0640625
4 0.1921875 0.71171875 0.0484375 0.0640625
0 0.1921875 0.72890625 0.19375 0.15078125
7 0.1921875 0.76015625 0.1 0.03359375
4 0.39609375 0.71171875 0.04765625 0.0640625
0 0.39609375 0.72890625 0.1921875 0.15078125
7 0.3953125 0.76015625 0.0875 0.03359375
4 0.59921875 0.71171875 0.04765625 0.0640625
0 0.59921875 0.72890625 0.1921875 0.15078125
7 0.59921875 0.76015625 0.11640625 0.03359375
4 0.803125 0.71171875 0.0484375 0.0640625
0 0.803125 0.72890625 0.19375 0.15078125
7 0.803125 0.76015625 0.103125 0.03359375
2 0.5 0.975 0.240625 0.0453125
2 0.8171875 0.97578125 0.2390625 0.0484375