2 0.2234375 0.06015625 0.140625 0.046875
0 0.371875 0.0578125 0.046875 0.04296875
0 0.4234375 0.0578125 0.046875 0.04296875
0 0.484375 0.0578125 0.0640625 0.04296875
0 0.55 0.0578125 0.05625 0.04296875
0 0.63203125 0.0578125 0.09765625 0.04296875
0 0.728125 0.0578125 0.0859375 0.04296875
2 0.26015625 0.1578125 0.2140625 0.02578125
2 0.38203125 0.15859375 0.0234375 0.01796875
2 0.3375 0.22109375 0.36875 0.05234375
7 0.1796875 0.26484375 0.053125 0.01953125
0 0.315625 0.265625 0.221875 0.02109375
7 0.428125 0.26484375 0.00390625 0.01953125
7 0.24140625 0.30390625 0.17578125 0.01953125
0 0.35078125 0.31640625 0.3953125 0.04453125
7 0.3671875 0.3390625 0.428125 0.04296875
7 0.3578125 0.403125 0.409375 0.04296875
0 0.2671875 0.415625 0.0703125 0.02109375
7 0.4296875 0.41484375 0.25625 0.01953125
7 0.3875 0.45234375 0.409375 0.021875
7 0.24296875 0.4875 0.1203125 0.0171875
0 0.34296875 0.48828125 0.0828125 0.01796875
7 0.37265625 0.5359375 0.43828125 0.0484375
7 0.38046875 0.60625 0.3953125 0.05859375
0 0.35859375 0.62734375 0.11875 0.01796875
7 0.24296875 0.6625 0.1203125 0.0171875
0 0.34296875 0.6625 0.0828125 0.01796875
7 0.35859375 0.71015625 0.41015625 0.04296875
0 0.496875 0.72265625 0.1359375 0.02109375
7 0.36640625 0.7453125 0.4265625 0.06640625
0 0.46015625 0.76953125 0.1015625 0.02109375
7 0.51171875 0.76875 0.00390625 0.01953125
7 0.29765625 0.8078125 0.28828125 0.01953125
0 0.4671875 0.80859375 0.0515625 0.02109375
7 0.36484375 0.81953125 0.42265625 0.04296875
2 0.20546875 0.8703125 0.1046875 0.01953125
0 0.3265625 0.87109375 0.0484375 0.02109375
7 0.35234375 0.8703125 0.0078125 0.01953125
0 0.39765625 0.87109375 0.07734375 0.02109375
7 0.1984375 0.915625 0.078125 0.0171875
0 0.1984375 0.915625 0.090625 0.0296875
4 0.26328125 0.9171875 0.01640625 0.021875
0 0.290625 0.915625 0.084375 0.0296875
7 0.29921875 0.915625 0.0578125 0.0171875
0 0.37890625 0.915625 0.08203125 0.0296875
2 0.371875 0.984375 0.4375 0.02890625
2 0.72890625 0.17578125 0.2 0.02109375
4 0.79609375 0.25234375 0.0625 0.08359375
7 0.69140625 0.259375 0.125 0.11484375
0 0.71015625 0.328125 0.16328125 0.01796875
2 0.72890625 0.409375 0.2 0.021875
7 0.73359375 0.44375 0.190625 0.02109375
0 0.66875 0.46328125 0.03046875 0.01796875
7 0.68671875 0.4625 0.00703125 0.0171875
6 0.7015625 0.46328125 0.0234375 0.01796875
0 0.7015625 0.46328125 0.0234375 0.01796875
7 0.73359375 0.49375 0.190625 0.02109375
0 0.67890625 0.51328125 0.05078125 0.01796875
7 0.73359375 0.54296875 0.190625 0.02109375
0 0.6734375 0.5625 0.040625 0.01796875
7 0.73359375 0.5921875 0.190625 0.02109375
0 0.678125 0.61171875 0.0484375 0.01796875
7 0.73359375 0.6421875 0.190625 0.02109375
0 0.66875 0.66171875 0.03046875 0.01796875
7 0.73359375 0.69140625 0.190625 0.02109375
0 0.66875 0.7109375 0.03125 0.01796875
7 0.73359375 0.740625 0.190625 0.02109375
7 0.66484375 0.759375 0.02265625 0.0171875
0 0.7359375 0.76015625 0.1234375 0.01796875
2 0.72890625 0.85234375 0.2 0.021875
0 0.73984375 0.88671875 0.17265625 0.01796875
7 0.67578125 0.9078125 0.0453125 0.0171875
0 0.7359375 0.90859375 0.16484375 0.01796875
6 0.75859375 0.9078125 0.12109375 0.0171875
2 0.72890625 0.990625 0.2 0.01796875