0 0.20625 0.0328125 0.096875 0.0625
0 0.284375 0.0328125 0.05078125 0.0625
0 0.3484375 0.0328125 0.06953125 0.0625
0 0.41640625 0.0328125 0.059375 0.0625
0 0.4734375 0.0328125 0.046875 0.0625
0 0.525 0.0328125 0.0484375 0.0625
0 0.58515625 0.0328125 0.06328125 0.0625
7 0.7765625 0.034375 0.071875 0.021875
0 0.77890625 0.034375 0.10859375 0.06640625
0 0.87421875 0.03203125 0.03515625 0.05625
0 0.9125 0.03046875 0.015625 0.0609375
7 0.49140625 0.1 0.4671875 0.021875
0 0.5 0.1 1 0.053125
7 0.5 0.83203125 1 0.0546875
4 0.496875 0.49296875 0.99375 0.7515625
2 0.50078125 0.6546875 0.44140625 0.0375
7 0.50078125 0.70625 0.44140625 0.02734375
7 0.49296875 0.778125 0.07890625 0.025
0 0.50078125 0.77578125 0.14140625 0.05234375
4 0.14140625 0.98515625 0.03984375 0.0296875
0 0.14140625 0.97578125 0.18046875 0.0484375
4 0.32109375 0.98515625 0.03984375 0.0296875
0 0.32109375 0.97578125 0.18046875 0.0484375
4 0.50078125 0.98515625 0.03984375 0.0296875
0 0.50078125 0.97578125 0.18046875 0.0484375
4 0.68046875 0.98515625 0.03984375 0.0296875
0 0.68046875 0.97578125 0.18046875 0.0484375
4 0.86015625 0.98515625 0.03984375 0.0296875
0 0.86015625 0.97578125 0.18046875 0.0484375