2 0.125 0.04296875 0.2046875 0.04453125
1 0.41484375 0.04140625 0.3125 0.04140625
0 0.5546875 0.04140625 0.0296875 0.03671875
0 0.62578125 0.04140625 0.03125 0.04140625
0 0.671875 0.04140625 0.0234375 0.04140625
4 0.95 0.04140625 0.04296875 0.04140625
0 0.9609375 0.04140625 0.0640625 0.04140625
0 0.0484375 0.10390625 0.0796875 0.04140625
0 0.13828125 0.10390625 0.0984375 0.04140625
0 0.25625 0.10390625 0.13671875 0.04140625
0 0.3734375 0.10390625 0.0984375 0.04140625
0 0.4703125 0.10390625 0.0953125 0.04140625
0 0.5828125 0.10390625 0.128125 0.04140625
0 0.69453125 0.10390625 0.0953125 0.04140625
0 0.7953125 0.10390625 0.10546875 0.04140625
0 0.89765625 0.10390625 0.10078125 0.04140625
0 0.96953125 0.10390625 0.04296875 0.04140625
3 0.5 0.41171875 0.7109375 0.1171875
7 0.5 0.48203125 0.0796875 0.0234375
4 0.028125 0.8359375 0.025 0.02109375
4 0.22578125 0.6984375 0.43359375 0.3734375
0 0.22578125 0.6984375 0.43359375 0.3734375
4 0.425 0.8359375 0.025 0.02109375
4 0.0765625 0.83203125 0.05859375 0.05703125
4 0.15703125 0.84140625 0.0875 0.07578125
4 0.23828125 0.83203125 0.05859375 0.05703125
4 0.3046875 0.83203125 0.05859375 0.05703125
4 0.37109375 0.83203125 0.05859375 0.05703125
0 0.559375 0.5328125 0.2109375 0.04140625
4 0.509375 0.62421875 0.0796875 0.0796875
0 0.5109375 0.6390625 0.08203125 0.109375
7 0.5109375 0.68046875 0.08203125 0.02734375
4 0.6078125 0.62421875 0.0796875 0.0796875
0 0.60859375 0.6390625 0.08203125 0.109375
7 0.60859375 0.68046875 0.08203125 0.02734375
4 0.509375 0.74921875 0.0796875 0.0796875
0 0.5109375 0.7640625 0.08203125 0.109375
7 0.5109375 0.80546875 0.08203125 0.02734375
4 0.6078125 0.74921875 0.0796875 0.0796875
0 0.60859375 0.7640625 0.08203125 0.109375
7 0.60859375 0.80546875 0.08203125 0.02734375
0 0.559375 0.85546875 0.18125 0.04140625
3 0.834375 0.6890625 0.29296875 0.32578125
7 0.834375 0.86796875 0.290625 0.01953125
0 0.1140625 0.921875 0.2109375 0.04140625
7 0.02421875 0.96328125 0.03125 0.0234375
0 0.1140625 0.96328125 0.2109375 0.03671875
7 0.06953125 0.9625 0.059375 0.021875
7 0.0234375 0.99296875 0.03125 0.0140625
0 0.1140625 0.99140625 0.2109375 0.0171875
7 0.06015625 0.99296875 0.0421875 0.0140625
0 0.33671875 0.921875 0.2109375 0.04140625
4 0.2875 0.98671875 0.0796875 0.02578125
0 0.28828125 0.98671875 0.08203125 0.02578125
4 0.384375 0.98671875 0.0796875 0.02578125
0 0.3859375 0.98671875 0.08203125 0.02578125
4 0.55859375 0.95 0.2109375 0.1
0 0.7515625 0.921875 0.1484375 0.04140625
0 0.9109375 0.921875 0.1609375 0.04140625
7 0.71015625 0.9671875 0.0296875 0.0171875
0 0.73671875 0.98203125 0.0828125 0.0359375
4 0.73671875 0.98203125 0.0734375 0.0359375
4 0.83359375 0.98203125 0.0734375 0.0359375
0 0.83359375 0.98203125 0.0828125 0.0359375
4 0.93203125 0.98203125 0.0734375 0.0359375
0 0.93203125 0.98203125 0.0828125 0.0359375