3 0.5 0.071875 0.946875 0.1171875
4 0.18828125 0.2 0.3296875 0.0609375
0 0.18828125 0.20234375 0.3296875 0.06640625
2 0.628125 0.1984375 0.4265625 0.025
4 0.88359375 0.19921875 0.0203125 0.0234375
0 0.9125 0.1984375 0.128125 0.0453125
7 0.9265625 0.19921875 0.0515625 0.03125
0 0.04765625 0.2625 0.04765625 0.04296875
0 0.1328125 0.2625 0.125 0.04296875
0 0.2234375 0.2625 0.05859375 0.04296875
0 0.29140625 0.2625 0.07890625 0.04296875
0 0.3796875 0.2625 0.1 0.04296875
0 0.4859375 0.2625 0.115625 0.04296875
0 0.57890625 0.2625 0.071875 0.04296875
0 0.66328125 0.2625 0.0984375 0.04296875
0 0.790625 0.2625 0.0828125 0.04296875
0 0.85703125 0.2625 0.0515625 0.04296875
0 0.91484375 0.2625 0.06640625 0.04296875
0 0.96171875 0.2625 0.0296875 0.04296875
7 0.0640625 0.30390625 0.065625 0.021875
6 0.1234375 0.30390625 0.0546875 0.01953125
6 0.21484375 0.30390625 0.1015625 0.01953125
6 0.303125 0.30390625 0.04765625 0.01953125
6 0.35703125 0.30390625 0.03203125 0.01953125
6 0.45390625 0.30390625 0.134375 0.01953125
6 0.58671875 0.30390625 0.10234375 0.01953125
6 0.6828125 0.30390625 0.0625 0.01953125
6 0.83515625 0.303125 0.0359375 0.02109375
6 0.92421875 0.303125 0.08671875 0.02109375
4 0.21953125 0.51953125 0.39140625 0.34609375
0 0.21953125 0.521875 0.39140625 0.3515625
2 0.5390625 0.67265625 0.2125 0.6546875
7 0.44375 0.61875 0.0203125 0.01953125
6 0.49140625 0.61875 0.0765625 0.01953125
7 0.53359375 0.61875 0.0109375 0.01953125
7 0.5640625 0.61875 0.0515625 0.01953125
7 0.33671875 0.69375 0.62578125 0.10546875
2 0.07109375 0.821875 0.0640625 0.02578125
0 0.33671875 0.821875 0.62578125 0.0484375
2 0.20390625 0.821875 0.203125 0.02578125
2 0.3109375 0.86875 0.553125 0.0234375
7 0.04453125 0.896875 0.0203125 0.01953125
6 0.1046875 0.896875 0.10234375 0.01953125
7 0.1609375 0.896875 0.0109375 0.01953125
7 0.190625 0.896875 0.0515625 0.01953125
7 0.33671875 0.9390625 0.6046875 0.04296875
3 0.8296875 0.67265625 0.29375 0.6546875