4 0.8359375 0.00546875 0.0078125 0.01015625
4 0.84375 0.00546875 0.0078125 0.01015625
4 0.8515625 0.00546875 0.0078125 0.01015625
3 0.5 0.071875 0.7109375 0.1171875
7 0.5 0.1421875 0.05859375 0.0171875
0 0.09140625 0.20703125 0.1828125 0.09140625
0 0.253125 0.20703125 0.1234375 0.09140625
0 0.35078125 0.20703125 0.075 0.09140625
0 0.428125 0.20703125 0.08125 0.09140625
0 0.5078125 0.20703125 0.0796875 0.09140625
0 0.58515625 0.20703125 0.0765625 0.09140625
4 0.96875 0.20703125 0.03125 0.04140625
4 0.72265625 0.20703125 0.03125 0.04140625
4 0.759375 0.20703125 0.03125 0.04140625
4 0.796875 0.20703125 0.03125 0.04140625
4 0.834375 0.20703125 0.03125 0.04140625
4 0.5 0.27421875 0.56640625 0.040625
0 0.5 0.27421875 1 0.040625
0 0.26640625 0.31484375 0.0546875 0.0390625
0 0.35 0.31484375 0.1125 0.0390625
0 0.434375 0.31484375 0.05625 0.0390625
0 0.4890625 0.31484375 0.053125 0.0390625
0 0.5453125 0.31484375 0.05859375 0.0390625
0 0.5953125 0.31484375 0.0421875 0.0390625
0 0.675 0.31484375 0.11796875 0.0390625
0 0.78046875 0.31484375 0.09296875 0.0390625
0 0.86640625 0.31484375 0.078125 0.0390625
0 0.95234375 0.31484375 0.09453125 0.0390625
4 0.5 0.646875 0.96875 0.56875
0 0.5 0.646875 0.96875 0.56875
0 0.49921875 0.98125 0.9453125 0.0375