0 0.09453125 0.01796875 0.1109375 0.02578125
7 0.2640625 0.01796875 0.18828125 0.02578125
4 0.840625 0.0203125 0.0203125 0.0375
4 0.87734375 0.0203125 0.0203125 0.0375
4 0.91328125 0.0203125 0.0203125 0.0375
4 0.95078125 0.0203125 0.0203125 0.0375
4 0.1296875 0.08984375 0.18125 0.06796875
0 0.13671875 0.08984375 0.1953125 0.07265625
6 0.30625 0.0890625 0.05859375 0.021875
6 0.3875 0.0890625 0.07109375 0.021875
6 0.47578125 0.0890625 0.07421875 0.021875
6 0.5671875 0.0890625 0.078125 0.021875
6 0.66171875 0.0890625 0.07890625 0.021875
6 0.79453125 0.11015625 0.0125 0.0171875
6 0.81328125 0.11015625 0.0109375 0.0171875
0 0.9015625 0.08984375 0.11875 0.07265625
4 0.5 0.5015625 1 0.71640625
0 0.5 0.39375 1 0.5015625
4 0.48671875 0.8296875 0.0125 0.0171875
4 0.51328125 0.8296875 0.0125 0.0171875
4 0.07890625 0.89140625 0.059375 0.0453125
0 0.165625 0.89140625 0.234375 0.0453125
7 0.1515625 0.89140625 0.0890625 0.01953125
7 0.2390625 0.89140625 0.0875 0.01953125
6 0.4046875 0.89140625 0.12890625 0.0171875
6 0.6453125 0.89140625 0.15625 0.0171875
6 0.8625 0.89140625 0.0796875 0.0171875