7 0.146875 0.171875 0.1765625 0.06015625
7 0.3296875 0.171875 0.18828125 0.06015625
7 0.25390625 0.29140625 0.390625 0.109375
7 0.17421875 0.43984375 0.1375 0.02890625
0 0.16328125 0.43984375 0.21015625 0.08359375
7 0.0859375 0.54375 0.0546875 0.025
6 0.1453125 0.54375 0.05546875 0.025
6 0.21640625 0.54375 0.08671875 0.025
6 0.29375 0.54375 0.0671875 0.025
6 0.37890625 0.54375 0.103125 0.025
4 0.34140625 0.94609375 0.5390625 0.1078125
4 0.6296875 0.94609375 0.540625 0.1078125
4 0.6296875 0.94609375 0.540625 0.1078125
7 0.50390625 0.98515625 0.2890625 0.0296875
4 0.6296875 0.94609375 0.540625 0.1078125
4 0.6296875 0.94609375 0.540625 0.1078125
4 0.6296875 0.94609375 0.540625 0.1078125
4 0.23359375 0.94609375 0.4671875 0.1078125
4 0.29140625 0.9453125 0.4890625 0.08828125
4 0.3421875 0.953125 0.0359375 0.09375
7 0.64765625 0.92578125 0.23359375 0.04140625
7 0.64453125 0.96875 0.2265625 0.04140625