7 0.43828125 0.0328125 0.5203125 0.0234375
7 0.759375 0.0328125 0.07421875 0.03125
0 0.759375 0.0328125 0.09765625 0.03125
4 0.21015625 0.03046875 0.01875 0.025
7 0.45703125 0.0328125 0.4609375 0.0234375
7 0.746875 0.0328125 0.0703125 0.03125
0 0.746875 0.0328125 0.09375 0.03125
4 0.11171875 0.10546875 0.1671875 0.03125
0 0.121875 0.10703125 0.1875 0.0390625
1 0.29375 0.10703125 0.15703125 0.04140625
4 0.23125 0.10703125 0.0203125 0.01796875
6 0.54375 0.10703125 0.0375 0.01796875
6 0.60859375 0.10703125 0.04609375 0.02890625
6 0.69140625 0.10703125 0.0796875 0.02890625
6 0.77734375 0.10703125 0.053125 0.02890625
7 0.86328125 0.10703125 0.0390625 0.02890625
7 0.93671875 0.10703125 0.03046875 0.04140625
0 0.93671875 0.10703125 0.06953125 0.04140625
2 0.5 0.471875 0.334375 0.09765625
2 0.5 0.571875 0.62109375 0.09765625
2 0.5 0.66171875 0.61875 0.08359375