4 0.0890625 0.03671875 0.040625 0.0234375
0 0.0890625 0.03671875 0.040625 0.046875
2 0.25 0.14765625 0.4296875 0.0296875
0 0.59453125 0.14609375 0.10625 0.02109375
6 0.1203125 0.2203125 0.190625 0.02109375
4 0.22890625 0.22109375 0.01484375 0.015625
0 0.2609375 0.22265625 0.03984375 0.02109375
6 0.12109375 0.25546875 0.19140625 0.02109375
4 0.2296875 0.25625 0.0140625 0.015625
0 0.26171875 0.2578125 0.0390625 0.02109375
6 0.1140625 0.290625 0.178125 0.02109375
4 0.215625 0.29140625 0.0140625 0.015625
0 0.2484375 0.29296875 0.0390625 0.02109375
6 0.1140625 0.32578125 0.178125 0.02109375
4 0.215625 0.3265625 0.0140625 0.015625
0 0.2484375 0.328125 0.0390625 0.02109375
6 0.12109375 0.3609375 0.19140625 0.02109375
4 0.2296875 0.36171875 0.0140625 0.015625
0 0.26171875 0.36328125 0.0390625 0.02109375
6 0.12109375 0.39609375 0.19140625 0.02109375
4 0.2296875 0.396875 0.0140625 0.015625
0 0.26171875 0.3984375 0.0390625 0.02109375
6 0.1203125 0.43125 0.1890625 0.02109375
4 0.22734375 0.43203125 0.01484375 0.015625
0 0.259375 0.43359375 0.03984375 0.02109375
6 0.12109375 0.46640625 0.19140625 0.02109375
4 0.2296875 0.4671875 0.0140625 0.015625
0 0.26171875 0.46875 0.0390625 0.02109375
6 0.1140625 0.5015625 0.178125 0.02109375
4 0.215625 0.50234375 0.0140625 0.015625
0 0.2484375 0.50390625 0.0390625 0.02109375
2 0.39921875 0.23046875 0.134375 0.0234375
4 0.4578125 0.22578125 0.0203125 0.0328125
4 0.39921875 0.321875 0.1546875 0.13671875
6 0.39375 0.42421875 0.1234375 0.02109375
2 0.565625 0.23046875 0.134375 0.0234375
4 0.6234375 0.22578125 0.0203125 0.0328125
4 0.565625 0.321875 0.1546875 0.13671875
6 0.559375 0.4375 0.1234375 0.046875
0 0.5953125 0.453125 0.03984375 0.02109375
7 0.565625 0.47890625 0.1546875 0.01796875
7 0.565625 0.49765625 0.1546875 0.01796875
3 0.1625 0.75625 0.24375 0.32578125
3 0.5 0.75625 0.29296875 0.32578125
2 0.25 0.9796875 0.4296875 0.0296875
0 0.58046875 0.978125 0.13359375 0.02109375
7 0.796875 0.15234375 0.17578125 0.02890625
0 0.8296875 0.153125 0.31640625 0.0921875
7 0.91796875 0.15390625 0.06640625 0.02578125
7 0.8296875 0.25 0.2734375 0.0234375
1 0.83125 0.2890625 0.275 0.0546875
7 0.8296875 0.34140625 0.2734375 0.0234375
1 0.83125 0.38046875 0.275 0.0546875
1 0.69765625 0.43984375 0.0125 0.01796875
5 0.79375 0.43984375 0.1640625 0.02109375
6 0.7875 0.47265625 0.19140625 0.02109375
6 0.79375 0.4984375 0.2046875 0.02109375
1 0.8296875 0.5640625 0.27734375 0.06484375
7 0.8296875 0.6234375 0.27734375 0.0234375
0 0.8296875 0.68359375 0.27734375 0.06484375
3 0.8171875 0.884375 0.29296875 0.23046875
3 0.965625 0.94296875 0.06875 0.078125