4 0.06640625 0.034375 0.0703125 0.053125
0 0.06640625 0.03671875 0.0703125 0.05703125
7 0.14609375 0.04921875 0.03984375 0.046875
0 0.14375 0.03671875 0.0546875 0.07265625
7 0.2 0.04921875 0.040625 0.046875
0 0.196875 0.03671875 0.0546875 0.07265625
7 0.2609375 0.04921875 0.05546875 0.046875
0 0.25546875 0.03671875 0.06328125 0.07265625
7 0.315625 0.04921875 0.03984375 0.046875
0 0.31171875 0.03671875 0.0515625 0.07265625
4 0.35390625 0.03671875 0.01484375 0.01796875
7 0.63984375 0.04921875 0.05546875 0.046875
0 0.64609375 0.03671875 0.06328125 0.07265625
7 0.71015625 0.04921875 0.04765625 0.046875
0 0.709375 0.03671875 0.0703125 0.07265625
7 0.771875 0.04921875 0.0375 0.046875
0 0.77421875 0.03671875 0.0515625 0.07265625
7 0.83125 0.04921875 0.04609375 0.046875
0 0.834375 0.03671875 0.0609375 0.07265625
7 0.88203125 0.04921875 0.01875 0.046875
0 0.88203125 0.03671875 0.0390625 0.07265625
4 0.92421875 0.03671875 0.01640625 0.02109375
0 0.92421875 0.03671875 0.01640625 0.02109375
4 0.95859375 0.03671875 0.0203125 0.02578125
0 0.95078125 0.03671875 0.0359375 0.02578125
7 0.10546875 0.27734375 0.1484375 0.04921875
4 0.0578125 0.35859375 0.05390625 0.071875
0 0.0578125 0.35859375 0.05390625 0.071875
7 0.10546875 0.35078125 0.1484375 0.05625
0 0.10546875 0.35078125 0.1484375 0.05625
7 0.103125 0.521875 0.14453125 0.23984375
6 0.1109375 0.63125 0.04375 0.02109375
7 0.10546875 0.75390625 0.1484375 0.04921875
7 0.07109375 0.8125 0.0796875 0.02109375
7 0.06875 0.8609375 0.075 0.02109375
4 0.0578125 0.93125 0.05390625 0.071875
7 0.10546875 0.9234375 0.1484375 0.05625
7 0.10234375 0.9875 0.1421875 0.025
4 0.4234375 0.3453125 0.42578125 0.228125
0 0.4234375 0.3453125 0.42578125 0.228125
2 0.4234375 0.5 0.39453125 0.04140625
0 0.4234375 0.5 0.39453125 0.04140625
7 0.4203125 0.55234375 0.38671875 0.04921875
6 0.48515625 0.565625 0.04296875 0.025
4 0.42265625 0.81015625 0.3953125 0.3796875
0 0.42265625 0.81015625 0.3953125 0.3796875
7 0.81796875 0.26484375 0.3015625 0.025
6 0.78828125 0.3078125 0.2328125 0.01953125
6 0.796875 0.34296875 0.25 0.01953125
6 0.8046875 0.378125 0.265625 0.01953125
6 0.79375 0.41328125 0.24375 0.01953125
6 0.809375 0.4484375 0.275 0.01953125
6 0.7671875 0.48359375 0.190625 0.01953125
6 0.7859375 0.51875 0.22734375 0.01953125
6 0.8140625 0.55390625 0.284375 0.01953125
6 0.803125 0.5890625 0.26171875 0.01953125
7 0.81796875 0.63203125 0.3015625 0.025
6 0.80234375 0.675 0.2609375 0.01953125
6 0.80859375 0.71015625 0.2734375 0.01953125
6 0.784375 0.7453125 0.22578125 0.01953125
4 0.81796875 0.90859375 0.3015625 0.18203125
0 0.81796875 0.90859375 0.3015625 0.18203125
7 0.315625 0.95 0.56953125 0.05078125
0 0.69375 0.9515625 0.1234375 0.053125
0 0.84296875 0.9515625 0.14140625 0.05625
4 0.9765625 0.95234375 0.01171875 0.025