7 0.44765625 0.0140625 0.8015625 0.028125
4 0.94609375 0.025 0.0140625 0.01796875
0 0.94609375 0.025 0.0296875 0.0390625
7 0.33671875 0.07109375 0.57890625 0.053125
0 0.5609375 0.0875 0.0984375 0.025
7 0.60859375 0.08671875 0.00390625 0.021875
2 0.14921875 0.18828125 0.20390625 0.06875
0 0.14921875 0.18828125 0.21953125 0.08984375
7 0.1203125 0.271875 0.14765625 0.03671875
0 0.1203125 0.2734375 0.16328125 0.04140625
7 0.27578125 0.265625 0.10234375 0.03671875
0 0.27578125 0.2734375 0.11796875 0.04140625
7 0.4328125 0.271875 0.15 0.03671875
0 0.4328125 0.2734375 0.165625 0.04140625
7 0.56875 0.265625 0.06171875 0.03671875
0 0.56875 0.2734375 0.07734375 0.04140625
4 0.63984375 0.27578125 0.0203125 0.02578125
0 0.63984375 0.27578125 0.0359375 0.046875
7 0.73125 0.16015625 0.065625 0.03125
0 0.73125 0.16171875 0.08125 0.03671875
7 0.8734375 0.16015625 0.159375 0.03125
0 0.8734375 0.16171875 0.175 0.03671875
2 0.3609375 0.43125 0.53515625 0.053125
0 0.3625 0.4328125 0.546875 0.0609375
7 0.79140625 0.440625 0.065625 0.03515625
7 0.85078125 0.440625 0.0578125 0.03515625
4 0.8953125 0.44375 0.02265625 0.0296875
7 0.23125 0.5484375 0.2734375 0.03515625
7 0.22734375 0.57734375 0.26484375 0.03515625
1 0.65703125 0.55 0.44609375 0.0375
4 0.89296875 0.5515625 0.0203125 0.02734375
3 0.5 0.9 0.90625 0.19921875