7 0.43046875 0.034375 0.80078125 0.0484375
0 0.08671875 0.10390625 0.1125 0.04921875
0 0.184375 0.10390625 0.0765625 0.04921875
6 0.6484375 0.15859375 0.0390625 0.02578125
7 0.6765625 0.15859375 0.0171875 0.02890625
6 0.709375 0.15859375 0.028125 0.02578125
7 0.7328125 0.15859375 0.0171875 0.02890625
6 0.78671875 0.15859375 0.07109375 0.02578125
7 0.83125 0.15859375 0.0171875 0.02890625
6 0.8671875 0.15859375 0.03515625 0.02578125
7 0.89375 0.15859375 0.0171875 0.02890625
6 0.9390625 0.15859375 0.05390625 0.02578125
1 0.775 0.228125 0.321875 0.040625
4 0.95078125 0.22734375 0.01640625 0.03515625
4 0.146875 0.2796875 0.225 0.0640625
0 0.146875 0.2828125 0.225 0.0703125
7 0.5109375 0.2828125 0.05859375 0.03125
0 0.50078125 0.2828125 0.078125 0.0546875
7 0.6 0.2828125 0.0703125 0.03125
0 0.58984375 0.2828125 0.08984375 0.0546875
0 0.73125 0.2828125 0.1828125 0.0546875
0 0.896875 0.2828125 0.1390625 0.0546875
6 0.025 0.3640625 0.03125 0.01953125
6 0.08125 0.3640625 0.05625 0.01953125
4 0.36015625 0.56171875 0.7015625 0.34765625
0 0.36015625 0.56171875 0.7015625 0.34765625
7 0.07890625 0.78984375 0.1375 0.05625
7 0.2296875 0.78984375 0.15625 0.05625
7 0.37265625 0.78984375 0.121875 0.05625
7 0.534375 0.78984375 0.19375 0.05625
7 0.45625 0.86796875 0.8546875 0.0328125
6 0.3453125 0.89765625 0.6328125 0.025
7 0.45625 0.9234375 0.8546875 0.0234375
7 0.45625 0.9546875 0.8546875 0.040625
6 0.184375 0.98828125 0.3109375 0.0234375
7 0.98203125 0.3265625 0.01875 0.1734375