4 0.47109375 0.68203125 0.02421875 0.03125
7 0.54375 0.68203125 0.084375 0.0234375
4 0.8421875 0.68203125 0.01640625 0.02109375
7 0.6515625 0.7703125 0.384375 0.0875
7 0.61640625 0.8015625 0.1046875 0.025
7 0.68515625 0.8015625 0.034375 0.025
7 0.7484375 0.8015625 0.09375 0.025
7 0.6359375 0.8171875 0.353125 0.05625
7 0.62578125 0.91171875 0.1375 0.046875
7 0.78203125 0.91171875 0.1375 0.046875
4 0.084375 0.05234375 0.046875 0.0625
7 0.1828125 0.05234375 0.13125 0.05234375
0 0.690625 0.05234375 0.07734375 0.03125
0 0.79296875 0.05234375 0.05078125 0.03125
7 0.88125 0.05234375 0.05 0.03125
7 0.32578125 0.1921875 0.53046875 0.0921875
7 0.41875 0.21796875 0.7171875 0.14453125
7 0.20234375 0.428125 0.2828125 0.16953125
7 0.20234375 0.59140625 0.2828125 0.078125
4 0.071875 0.6734375 0.0234375 0.0328125
0 0.0796875 0.6734375 0.0390625 0.03359375
4 0.1109375 0.6734375 0.0234375 0.0328125
0 0.11875 0.6734375 0.0390625 0.03359375
4 0.15 0.6734375 0.0234375 0.0328125
0 0.1578125 0.6734375 0.0390625 0.03359375
4 0.6125 0.5765625 0.5078125 0.46640625
4 0.14921875 0.9359375 0.16796875 0.06484375
4 0.403125 0.9359375 0.11796875 0.046875
4 0.63046875 0.9359375 0.11796875 0.046875
4 0.86640625 0.9359375 0.1359375 0.06484375