4 0.140625 0.0640625 0.2421875 0.04921875
0 0.140625 0.0640625 0.2421875 0.04921875
7 0.496875 0.06328125 0.059375 0.025
0 0.50234375 0.06328125 0.0734375 0.0453125
0 0.5953125 0.06328125 0.05 0.0453125
0 0.6796875 0.06328125 0.05625 0.0453125
0 0.75625 0.06328125 0.0328125 0.0453125
0 0.82421875 0.06328125 0.040625 0.0453125
0 0.928125 0.06328125 0.1046875 0.0453125
2 0.5 0.31015625 0.9609375 0.0625
7 0.5 0.3875 0.9609375 0.05078125
7 0.4890625 0.5125 0.246875 0.0328125
0 0.5 0.51328125 0.36328125 0.08828125
4 0.5 0.81640625 0.9609375 0.3671875