6 0.059375 0.01328125 0.040625 0.01796875
6 0.14921875 0.01328125 0.1 0.01796875
7 0.90625 0.01328125 0.0765625 0.01796875
0 0.91484375 0.01328125 0.09296875 0.01796875
7 0.9546875 0.01328125 0.01171875 0.01796875
4 0.0890625 0.07890625 0.1 0.04296875
0 0.0890625 0.07890625 0.1 0.04296875
0 0.17890625 0.08359375 0.0421875 0.02578125
0 0.2859375 0.08359375 0.14140625 0.02578125
7 0.39296875 0.08515625 0.034375 0.021875
0 0.39296875 0.084375 0.034375 0.02109375
7 0.43828125 0.08515625 0.02734375 0.021875
0 0.43828125 0.084375 0.02734375 0.02109375
7 0.484375 0.08515625 0.03515625 0.021875
0 0.484375 0.084375 0.03515625 0.02109375
7 0.53203125 0.08515625 0.03125 0.021875
0 0.53203125 0.084375 0.03125 0.02109375
7 0.58125 0.08515625 0.03828125 0.021875
0 0.58125 0.084375 0.03828125 0.02109375
7 0.63515625 0.08515625 0.03984375 0.021875
0 0.63515625 0.084375 0.03984375 0.02109375
4 0.6734375 0.08515625 0.00703125 0.009375
0 0.690625 0.084375 0.0421875 0.02109375
7 0.696875 0.08515625 0.03046875 0.021875
4 0.86328125 0.084375 0.015625 0.02109375
0 0.86328125 0.08828125 0.025 0.06796875
4 0.8984375 0.084375 0.015625 0.02109375
0 0.8984375 0.08828125 0.025 0.06796875
4 0.953125 0.08828125 0.015625 0.02109375
0 0.953125 0.08828125 0.025 0.06015625
2 0.234375 0.2484375 0.390625 0.078125
0 0.06875 0.35 0.05859375 0.02734375
0 0.1421875 0.35 0.059375 0.02734375
0 0.215625 0.35 0.05859375 0.02734375
0 0.2734375 0.35 0.02734375 0.02734375
0 0.3515625 0.35 0.1 0.02734375
4 0.33359375 0.6390625 0.6671875 0.5
0 0.33359375 0.6390625 0.6671875 0.5
7 0.33359375 0.91640625 0.5890625 0.16640625
0 0.34296875 0.90703125 0.64765625 0.1859375
4 0.8328125 0.5140625 0.334375 0.25
0 0.8328125 0.5140625 0.334375 0.25
7 0.73515625 0.578125 0.059375 0.01796875
7 0.85234375 0.62734375 0.2953125 0.01796875
7 0.8328125 0.68828125 0.25625 0.0796875
0 0.84296875 0.68828125 0.3140625 0.0796875
7 0.75546875 0.7484375 0.10078125 0.01796875
7 0.79375 0.821875 0.178125 0.01796875
7 0.77421875 0.8953125 0.1390625 0.10546875
0 0.784375 0.8953125 0.196875 0.10546875
7 0.7609375 0.9796875 0.1125 0.040625
4 0.92109375 0.91328125 0.07890625 0.10546875
0 0.88203125 0.8609375 0.00078125 0.0015625