0 0.1484375 0.05703125 0.109375 0.04140625
6 0.8203125 0.06015625 0.13671875 0.02578125
0 0.8203125 0.06015625 0.171875 0.05703125
6 0.26171875 0.05703125 0.0546875 0.05234375
6 0.353125 0.05703125 0.065625 0.05234375
6 0.46171875 0.05703125 0.0890625 0.05234375
6 0.5609375 0.05703125 0.04765625 0.05234375
4 0.19609375 0.21796875 0.2046875 0.05078125
2 0.296875 0.36015625 0.40625 0.13671875
7 0.296875 0.459375 0.40625 0.0640625
6 0.1921875 0.56875 0.134375 0.021875
0 0.1921875 0.56875 0.196875 0.07421875
6 0.1921875 0.63671875 0.1265625 0.02109375
4 0.359375 0.89140625 0.53125 0.2171875
0 0.359375 0.89140625 0.53125 0.2171875
4 0.7796875 0.89140625 0.25 0.2171875
0 0.7796875 0.89140625 0.25 0.2171875