2 0.40234375 0.05703125 0.52734375 0.05234375
0 0.70546875 0.05703125 0.07734375 0.04140625
7 0.815625 0.05703125 0.090625 0.04140625
0 0.8015625 0.178125 0.08203125 0.02890625
2 0.525 0.1734375 0.03125 0.0328125
4 0.67578125 0.30625 0.11875 0.15859375
7 0.67578125 0.41171875 0.33203125 0.02890625
7 0.67578125 0.43984375 0.33203125 0.02890625
7 0.84140625 0.83515625 0.03984375 0.1890625
7 0.18671875 0.6171875 0.0546875 0.02109375
7 0.24765625 0.61640625 0.00859375 0.053125
0 0.35078125 0.61875 0.1921875 0.053125
4 0.465625 0.61875 0.01875 0.0171875
7 0.50703125 0.61640625 0.00859375 0.053125
0 0.6109375 0.61875 0.1921875 0.053125
4 0.725 0.61875 0.01875 0.0171875
7 0.99140625 0.6171875 0.01640625 0.02109375
0 0.99140625 0.6171875 0.01640625 0.02109375
2 0.56953125 0.7 0.8609375 0.04296875
4 0.25625 0.85 0.084375 0.11328125
7 0.25625 0.9546875 0.046875 0.0234375
7 0.25625 0.9921875 0.1546875 0.015625
4 0.49921875 0.85 0.084375 0.11328125
7 0.49921875 0.9546875 0.046875 0.0234375
7 0.49921875 0.9921875 0.1546875 0.015625
4 0.74296875 0.85 0.084375 0.11328125
7 0.74296875 0.9546875 0.046875 0.0234375
7 0.74296875 0.9921875 0.1546875 0.015625