0 0.01484375 0.0203125 0.0296875 0.040625
4 0.12109375 0.053125 0.1953125 0.0640625
7 0.321875 0.04140625 0.08671875 0.02890625
0 0.33046875 0.04140625 0.12578125 0.04140625
0 0.96484375 0.03671875 0.03125 0.04140625
7 0.196875 0.13984375 0.0390625 0.02734375
0 0.196875 0.13984375 0.0546875 0.071875
7 0.28671875 0.140625 0.09296875 0.02578125
0 0.28671875 0.13984375 0.10859375 0.071875
7 0.3671875 0.140625 0.0328125 0.02578125
0 0.3671875 0.13984375 0.053125 0.071875
7 0.44375 0.140625 0.084375 0.02578125
0 0.44375 0.13984375 0.1 0.071875
7 0.859375 0.1421875 0.0390625 0.02578125
0 0.87109375 0.13984375 0.09375 0.071875
0 0.953125 0.140625 0.0625 0.04140625
2 0.5 0.240625 0.953125 0.06875
7 0.3984375 0.32734375 0.75 0.06640625
4 0.1671875 0.459375 0.334375 0.10546875
0 0.1671875 0.459375 0.334375 0.10546875
4 0.5 0.459375 0.334375 0.10546875
0 0.5 0.459375 0.334375 0.10546875
4 0.8328125 0.459375 0.334375 0.10546875
0 0.8328125 0.459375 0.334375 0.10546875
4 0.1671875 0.56328125 0.334375 0.10546875
0 0.1671875 0.56328125 0.334375 0.10546875
4 0.5 0.56328125 0.334375 0.10546875
0 0.5 0.56328125 0.334375 0.10546875
4 0.8328125 0.56328125 0.334375 0.10546875
0 0.8328125 0.56328125 0.334375 0.10546875
4 0.1671875 0.6671875 0.334375 0.10546875
0 0.1671875 0.6671875 0.334375 0.10546875
4 0.5 0.6671875 0.334375 0.10546875
0 0.5 0.6671875 0.334375 0.10546875
4 0.8328125 0.6671875 0.334375 0.10546875
0 0.8328125 0.6671875 0.334375 0.10546875
4 0.1671875 0.771875 0.334375 0.10546875
0 0.1671875 0.771875 0.334375 0.10546875
4 0.5 0.771875 0.334375 0.10546875
0 0.5 0.771875 0.334375 0.10546875
4 0.8328125 0.771875 0.334375 0.10546875
0 0.8328125 0.771875 0.334375 0.10546875
4 0.1671875 0.87578125 0.334375 0.10546875
0 0.1671875 0.87578125 0.334375 0.10546875
4 0.5 0.87578125 0.334375 0.10546875
0 0.5 0.87578125 0.334375 0.10546875
4 0.8328125 0.87578125 0.334375 0.10546875
0 0.8328125 0.87578125 0.334375 0.10546875
4 0.1671875 0.96328125 0.334375 0.07265625
0 0.1671875 0.96328125 0.334375 0.07265625
4 0.5 0.96328125 0.334375 0.07265625
0 0.5 0.96328125 0.334375 0.07265625
4 0.8328125 0.96328125 0.334375 0.07265625
0 0.8328125 0.96328125 0.334375 0.07265625