7 0.5 0.15 1 0.06484375
0 0.059375 0.21484375 0.11796875 0.06484375
0 0.17109375 0.21484375 0.10625 0.06484375
0 0.28203125 0.21484375 0.115625 0.06484375
0 0.40546875 0.21484375 0.13203125 0.06484375
0 0.55625 0.21484375 0.1703125 0.06484375
0 0.8953125 0.21484375 0.0265625 0.03671875
0 0.93125 0.21484375 0.0265625 0.03671875
0 0.9671875 0.21484375 0.0265625 0.03671875
4 0.5 0.21484375 1 0.06484375
4 0.5 0.46953125 1 0.44375
0 0.5 0.4703125 1 0.4453125
7 0.06015625 0.48515625 0.1140625 0.03515625
7 0.5 0.54765625 0.975 0.06640625
7 0.4546875 0.621875 0.884375 0.0484375
4 0.9234375 0.6234375 0.034375 0.04296875
4 0.1671875 0.8453125 0.334375 0.30859375
0 0.1671875 0.8453125 0.334375 0.30859375
7 0.078125 0.815625 0.15 0.03515625
7 0.1671875 0.88203125 0.30859375 0.07421875
7 0.159375 0.96015625 0.29375 0.0640625
4 0.25703125 0.98046875 0.01640625 0.0234375
4 0.5 0.8453125 0.334375 0.30859375
0 0.5 0.8453125 0.334375 0.30859375
7 0.39921875 0.82109375 0.12578125 0.03515625
7 0.5 0.86875 0.30859375 0.0375
7 0.4859375 0.94453125 0.28046875 0.0953125
4 0.5015625 0.98046875 0.01640625 0.0234375
7 0.3765625 0.9625 0.265625 0.0234375
6 0.553125 0.9625 0.08671875 0.0234375
7 0.6125 0.9625 0.03125 0.0234375
6 0.66875 0.9625 0.08125 0.0234375
7 0.71015625 0.9625 0.003125 0.0234375
4 0.9734375 0.96015625 0.034375 0.0453125