4 0.1078125 0.0390625 0.17578125 0.06484375
0 0.1171875 0.0390625 0.1953125 0.06484375
0 0.9265625 0.0390625 0.1078125 0.02109375
6 0.71796875 0.0390625 0.06640625 0.02109375
6 0.81328125 0.0390625 0.046875 0.02109375
7 0.5 0.1453125 0.33203125 0.02734375
1 0.5 0.22109375 0.33203125 0.05234375
1 0.5 0.29296875 0.33203125 0.05234375
7 0.4 0.346875 0.0875 0.0171875
4 0.33828125 0.34453125 0.00859375 0.01171875
7 0.61796875 0.3484375 0.096875 0.01953125
7 0.49921875 0.403125 0.03828125 0.01953125
0 0.5 0.40390625 0.33203125 0.05234375
7 0.5 0.45234375 0.33203125 0.01953125
4 0.39609375 0.5 0.08125 0.04921875
4 0.50625 0.5 0.08125 0.04921875
4 0.61640625 0.5 0.08125 0.04921875
7 0.47421875 0.55 0.13359375 0.01953125
7 0.56796875 0.55 0.04765625 0.01953125
7 0.02734375 0.97890625 0.01171875 0.01796875
7 0.046875 0.97890625 0.02734375 0.01796875
7 0.0890625 0.97890625 0.0609375 0.01796875
4 0.16328125 0.97734375 0.0390625 0.0453125
7 0.3421875 0.9453125 0.64453125 0.04921875
7 0.56484375 0.959375 0.21796875 0.02109375
7 0.825 0.94453125 0.096875 0.01953125
0 0.825 0.9453125 0.1359375 0.04453125
7 0.9359375 0.94453125 0.05 0.01953125
0 0.93671875 0.9453125 0.08984375 0.04453125