6 0.0734375 0.04140625 0.09765625 0.02890625
0 0.0734375 0.034375 0.09765625 0.021875
4 0.03203125 0.0984375 0.0140625 0.0171875
0 0.0734375 0.1 0.09765625 0.0875
7 0.06875 0.0984375 0.04609375 0.025
2 0.0734375 0.15 0.09765625 0.01328125
4 0.03203125 0.1890625 0.009375 0.01796875
0 0.0734375 0.1890625 0.09765625 0.0390625
7 0.075 0.18828125 0.05625 0.025
4 0.03203125 0.228125 0.0109375 0.0171875
0 0.0734375 0.228125 0.09765625 0.0390625
7 0.065625 0.22734375 0.03828125 0.025
4 0.03203125 0.26796875 0.0140625 0.01328125
0 0.0734375 0.2671875 0.09765625 0.0390625
7 0.06875 0.26640625 0.04296875 0.025
4 0.03203125 0.30546875 0.01171875 0.0140625
0 0.0734375 0.30625 0.09765625 0.0390625
7 0.06875 0.30546875 0.04296875 0.025
0 0.0734375 0.42578125 0.09765625 0.0546875
0 0.0734375 0.49609375 0.09765625 0.0546875
6 0.0328125 0.71015625 0.0234375 0.01953125
7 0.07890625 0.71015625 0.040625 0.01953125
6 0.03984375 0.7359375 0.0375 0.01953125
6 0.0875 0.7359375 0.03125 0.01953125
6 0.05 0.7625 0.05625 0.01953125
6 0.071875 0.8015625 0.1015625 0.0453125
7 0.0703125 0.86875 0.09765625 0.05625
7 0.4265625 0.13984375 0.5015625 0.040625
2 0.4265625 0.2375 0.5015625 0.1578125
7 0.42578125 0.19375 0.5609375 0.3875
4 0.19453125 0.34453125 0.009375 0.0140625
4 0.2078125 0.34453125 0.009375 0.0140625
4 0.221875 0.34453125 0.009375 0.0140625
4 0.23515625 0.34453125 0.009375 0.0140625
4 0.24921875 0.34453125 0.009375 0.0140625
4 0.775 0.0671875 0.0890625 0.11875
0 0.775 0.0859375 0.0890625 0.15625
7 0.775 0.13828125 0.0890625 0.01796875
7 0.775 0.1546875 0.0890625 0.01796875
2 0.90859375 0.0359375 0.0890625 0.03515625
1 0.90859375 0.0796875 0.0890625 0.0296875
0 0.925 0.1296875 0.05625 0.03515625
4 0.8546875 0.27890625 0.290625 0.21875
7 0.89375 0.42890625 0.0421875 0.025
0 0.90546875 0.42890625 0.103125 0.0453125
7 0.93125 0.4265625 0.0125 0.0140625
0 0.228125 0.428125 0.07734375 0.04453125
0 0.365625 0.428125 0.1578125 0.04453125
0 0.496875 0.428125 0.06640625 0.04453125
0 0.65078125 0.428125 0.20234375 0.04453125
0 0.80859375 0.428125 0.07421875 0.04453125
4 0.37421875 0.63359375 0.36796875 0.24609375
0 0.37421875 0.63359375 0.36796875 0.24609375
7 0.22578125 0.72265625 0.03125 0.02109375
2 0.37421875 0.8 0.32890625 0.0640625
7 0.37421875 0.8765625 0.32890625 0.0609375
4 0.771875 0.63359375 0.36796875 0.24609375
0 0.771875 0.63359375 0.36796875 0.24609375
7 0.6234375 0.72265625 0.03125 0.02109375
2 0.771875 0.8 0.32890625 0.0640625
7 0.771875 0.8765625 0.32890625 0.0609375
4 0.3734375 0.98125 0.36875 0.0375
0 0.3734375 0.98125 0.36875 0.0375
4 0.77109375 0.98125 0.3671875 0.0375
0 0.77109375 0.98125 0.3671875 0.0375
4 0.05546875 0.9625 0.0234375 0.03125
0 0.05546875 0.9625 0.0234375 0.03125
4 0.08515625 0.9625 0.0234375 0.03125
0 0.08515625 0.9625 0.0234375 0.03125
4 0.1140625 0.9625 0.0234375 0.03125
0 0.1140625 0.9625 0.0234375 0.03125
4 0.14375 0.9625 0.0234375 0.03125
2 0.471875 0.9625 0.61328125 0.0140625