4 0.09765625 0.159375 0.165625 0.04296875
0 0.09765625 0.159375 0.165625 0.04296875
7 0.221875 0.15 0.053125 0.02109375
0 0.228125 0.16015625 0.065625 0.04140625
7 0.228125 0.1734375 0.065625 0.0140625
7 0.8453125 0.1578125 0.0375 0.021875
0 0.8453125 0.15859375 0.0359375 0.10390625
7 0.93359375 0.159375 0.0484375 0.01953125
0 0.93359375 0.16015625 0.103125 0.046875
0 0.48359375 0.15859375 0.0546875 0.10390625
0 0.55390625 0.15859375 0.0484375 0.10390625
0 0.634375 0.15859375 0.0765625 0.10390625
0 0.7140625 0.15859375 0.04609375 0.10390625
0 0.78203125 0.15859375 0.053125 0.10390625
2 0.5 0.41796875 0.80859375 0.0625
7 0.5 0.490625 0.80859375 0.04921875
1 0.5 0.5921875 0.4859375 0.06015625
7 0.44375 0.65546875 0.125 0.021875
6 0.534375 0.65546875 0.028125 0.021875
6 0.59296875 0.65546875 0.0515625 0.021875
0 0.5 0.7484375 0.2578125 0.0625
7 0.5 0.81640625 0.80859375 0.0390625
7 0.5 0.85546875 0.3203125 0.0234375
7 0.1453125 0.0265625 0.00625 0.021875
6 0.1921875 0.0265625 0.08984375 0.021875
7 0.23984375 0.0265625 0.00703125 0.021875
7 0.49765625 0.0265625 0.5125 0.021875
6 0.80625 0.0265625 0.1046875 0.021875
7 0.43671875 0.06015625 0.025 0.02578125
7 0.43671875 0.08046875 0.025 0.015625
7 0.48359375 0.06015625 0.02265625 0.02578125
7 0.48359375 0.08046875 0.02265625 0.015625
7 0.5296875 0.06015625 0.0234375 0.02578125
7 0.5296875 0.08046875 0.0234375 0.015625
7 0.575 0.06015625 0.02265625 0.02578125
7 0.575 0.08046875 0.02265625 0.015625