4 0.07421875 0.11328125 0.1078125 0.11953125
0 0.07421875 0.11328125 0.1484375 0.17421875
1 0.86875 0.0828125 0.15234375 0.053125
1 0.93046875 0.0828125 0.0296875 0.040625
4 0.9640625 0.08359375 0.03203125 0.04921875
0 0.1234375 0.16171875 0.1203125 0.05234375
0 0.23359375 0.16171875 0.1015625 0.05234375
0 0.309375 0.16171875 0.053125 0.05234375
0 0.3765625 0.16171875 0.084375 0.05234375
0 0.44453125 0.16171875 0.053125 0.05234375
0 0.55390625 0.16171875 0.16875 0.05234375
0 0.70390625 0.16171875 0.13203125 0.05234375
0 0.8 0.16171875 0.0625 0.05234375
0 0.884375 0.16171875 0.10859375 0.05234375
7 0.22578125 0.078125 0.04765625 0.02578125
0 0.22578125 0.078125 0.075 0.10390625
7 0.3015625 0.078125 0.04765625 0.02578125
0 0.3015625 0.078125 0.075 0.10390625
7 0.3765625 0.078125 0.0484375 0.02578125
0 0.3765625 0.078125 0.0765625 0.10390625
7 0.4640625 0.078125 0.0703125 0.02578125
0 0.4640625 0.078125 0.09765625 0.10390625
7 0.55625 0.078125 0.0609375 0.02578125
0 0.55625 0.078125 0.0875 0.10390625
7 0.63125 0.078125 0.0328125 0.02578125
0 0.63125 0.078125 0.0609375 0.10390625
7 0.7203125 0.078125 0.090625 0.02578125
0 0.7203125 0.078125 0.11796875 0.10390625
4 0.12421875 0.6 0.24609375 0.79921875
2 0.36953125 0.25234375 0.21953125 0.06796875
0 0.36953125 0.25234375 0.21953125 0.06796875
7 0.3234375 0.31953125 0.128125 0.02734375
6 0.3390625 0.3328125 0.159375 0.053125
7 0.2765625 0.3453125 0.00703125 0.02734375
7 0.346875 0.3453125 0.134375 0.02890625
6 0.36875 0.37109375 0.21796875 0.08046875
7 0.35 0.41015625 0.1796875 0.0546875
6 0.3578125 0.4234375 0.0484375 0.02890625
7 0.3484375 0.4828125 0.178125 0.0546875
6 0.36875 0.53515625 0.21875 0.10703125
7 0.33984375 0.61953125 0.16015625 0.02890625
6 0.36015625 0.6328125 0.2015625 0.0546875
7 0.35625 0.68515625 0.19375 0.10703125
7 0.32734375 0.77109375 0.134375 0.02890625
6 0.35546875 0.796875 0.19140625 0.08046875
7 0.36328125 0.875 0.20703125 0.1328125
7 0.3671875 0.97890625 0.21484375 0.04140625
0 0.59609375 0.4671875 0.17890625 0.04453125
0 0.6265625 0.40546875 0.25390625 0.41015625
7 0.6203125 0.540625 0.2078125 0.09765625
2 0.8796875 0.22421875 0.2171875 0.02109375
0 0.8796875 0.28046875 0.22578125 0.0640625
0 0.8796875 0.35 0.22578125 0.0640625
0 0.8796875 0.42890625 0.22578125 0.084375
0 0.8796875 0.51875 0.22578125 0.084375
0 0.8796875 0.6078125 0.22578125 0.084375
0 0.8109375 0.5703125 0.09296875 0.04140625
0 0.93671875 0.5703125 0.11640625 0.04140625
7 0.753125 0.9640625 0.4921875 0.071875
0 0.75 0.80546875 0.5 0.3890625