4 0.0703125 0.03125 0.1078125 0.04140625
0 0.06953125 0.03125 0.10625 0.0625
4 0.49921875 0.03046875 0.015625 0.021875
0 0.49921875 0.03046875 0.015625 0.021875
4 0.53125 0.03125 0.0171875 0.02109375
0 0.53125 0.03125 0.0171875 0.0625
0 0.625 0.03359375 0.13125 0.0234375
0 0.7390625 0.03359375 0.05859375 0.0234375
4 0.840625 0.03125 0.1171875 0.0625
0 0.840625 0.0328125 0.1171875 0.04453125
7 0.840625 0.0328125 0.0921875 0.03671875
7 0.940625 0.03203125 0.0515625 0.02734375
0 0.94921875 0.03203125 0.06875 0.02734375
4 0.978125 0.03125 0.009375 0.01328125
4 0.5 0.17890625 1 0.23046875
0 0.5 0.17890625 1 0.23046875
2 0.5 0.44296875 0.7125 0.06484375
0 0.2640625 0.51640625 0.08515625 0.0328125
7 0.54140625 0.51484375 0.471875 0.0296875
4 0.5 0.565625 0.0390625 0.00625
4 0.48984375 0.81796875 0.7140625 0.3640625
4 0.5 0.82265625 0.7125 0.35390625