7 0.30390625 0.0609375 0.509375 0.07578125
6 0.09296875 0.115625 0.0875 0.02109375
7 0.31875 0.115625 0.36328125 0.02109375
0 0.90546875 0.07578125 0.03515625 0.02109375
0 0.78046875 0.078125 0.1015625 0.0234375
3 0.5 0.06875 0.7109375 0.1171875
7 0.90234375 0.15859375 0.165625 0.03125
7 0.04453125 0.22734375 0.03984375 0.02734375
0 0.053125 0.22734375 0.075 0.040625
4 0.0734375 0.228125 0.01640625 0.021875
4 0.1859375 0.228125 0.16015625 0.05234375
0 0.1859375 0.228125 0.16015625 0.05234375
0 0.7390625 0.22734375 0.071875 0.025
7 0.83046875 0.2265625 0.05 0.0234375
0 0.8453125 0.22734375 0.07890625 0.0296875
4 0.8734375 0.22734375 0.02265625 0.0296875
7 0.9359375 0.2265625 0.040625 0.0234375
0 0.95 0.22734375 0.06953125 0.0296875
4 0.9734375 0.22734375 0.021875 0.0296875
4 0.696875 0.4890625 0.57421875 0.41796875
2 0.20703125 0.3765625 0.3203125 0.1109375
7 0.21328125 0.48984375 0.3328125 0.07578125
2 0.5 0.5 1 1
4 0.1296875 0.8015625 0.228125 0.16796875
2 0.12578125 0.95390625 0.2203125 0.0921875
4 0.37578125 0.8015625 0.228125 0.16796875
2 0.3734375 0.95390625 0.225 0.0921875
2 0.61953125 0.76484375 0.2234375 0.0921875
4 0.86796875 0.8015625 0.228125 0.16796875
2 0.86796875 0.95390625 0.2296875 0.0921875