0 0.03515625 0.0375 0.0390625 0.046875
7 0.10234375 0.03984375 0.0390625 0.02734375
0 0.10234375 0.040625 0.06875 0.08046875
7 0.1734375 0.03984375 0.04375 0.02734375
0 0.1734375 0.040625 0.0734375 0.08046875
7 0.24765625 0.03984375 0.04609375 0.02734375
0 0.24765625 0.040625 0.075 0.08046875
7 0.33125 0.03984375 0.0625 0.02734375
0 0.33125 0.040625 0.0921875 0.08046875
7 0.40546875 0.03984375 0.02734375 0.02734375
0 0.40546875 0.040625 0.05625 0.08046875
7 0.46171875 0.03984375 0.0265625 0.02734375
0 0.46171875 0.040625 0.05546875 0.08046875
7 0.521875 0.03984375 0.03515625 0.02734375
0 0.521875 0.040625 0.0640625 0.08046875
7 0.60546875 0.040625 0.07421875 0.03125
0 0.60546875 0.040625 0.103125 0.08046875
7 0.940625 0.040625 0.04765625 0.0234375
0 0.940625 0.040625 0.08671875 0.04140625
7 0.825 0.040625 0.10625 0.0234375
0 0.825 0.040625 0.12578125 0.04453125
4 0.5 0.45546875 1 0.75
4 0.21953125 0.22265625 0.3421875 0.09921875
7 0.1046875 0.34921875 0.1125 0.02109375
7 0.1140625 0.4578125 0.1296875 0.0328125
7 0.0671875 0.49453125 0.0375 0.03359375
7 0.12890625 0.5921875 0.11875 0.02109375
4 0.934375 0.7578125 0.034375 0.04453125
4 0.0828125 0.67421875 0.009375 0.01328125
4 0.1078125 0.67421875 0.009375 0.01328125
4 0.13203125 0.67421875 0.009375 0.01328125
4 0.15625 0.67421875 0.009375 0.01328125
2 0.50234375 0.77109375 0.90703125 0.046875
4 0.153125 0.90703125 0.215625 0.1859375
0 0.15625 0.909375 0.21484375 0.18125
4 0.153125 0.90703125 0.215625 0.1859375
4 0.15625 0.909375 0.21484375 0.18125
4 0.3828125 0.90703125 0.215625 0.1859375
0 0.38515625 0.909375 0.215625 0.18125
4 0.3828125 0.90703125 0.215625 0.1859375
4 0.38515625 0.909375 0.215625 0.18125
4 0.6125 0.90703125 0.215625 0.1859375
0 0.61484375 0.909375 0.215625 0.18125
4 0.6125 0.90703125 0.215625 0.1859375
4 0.61484375 0.909375 0.215625 0.18125
4 0.84140625 0.90703125 0.2140625 0.1859375
0 0.84375 0.909375 0.21484375 0.18125
4 0.84140625 0.90703125 0.2140625 0.1859375
4 0.84375 0.909375 0.21484375 0.18125
4 0.98125 0.90703125 0.0375 0.1859375
0 0.9828125 0.909375 0.034375 0.18125
4 0.98125 0.90703125 0.0375 0.1859375
4 0.9828125 0.909375 0.034375 0.18125
4 0.95078125 0.99296875 0.0390625 0.0140625