4 0.5 0.03828125 0.9609375 0.025
7 0.03828125 0.12890625 0.0375 0.02890625
7 0.13671875 0.12890625 0.1015625 0.02890625
7 0.26484375 0.12890625 0.0953125 0.02890625
7 0.396875 0.12890625 0.109375 0.02890625
7 0.0515625 0.2328125 0.06328125 0.02890625
7 0.1359375 0.2328125 0.046875 0.02890625
7 0.21015625 0.2328125 0.04375 0.02890625
4 0.659375 0.13046875 0.1390625 0.10703125
0 0.78515625 0.12890625 0.390625 0.10390625
4 0.6046875 0.16171875 0.0296875 0.0390625
4 0.81171875 0.10546875 0.1375 0.01796875
2 0.7671875 0.1328125 0.04765625 0.02890625
2 0.85546875 0.1453125 0.225 0.053125
4 0.034375 0.2328125 0.0484375 0.0390625
0 0.09375 0.2328125 0.1875 0.10390625
6 0.26796875 0.2328125 0.09453125 0.02890625
6 0.39296875 0.2328125 0.096875 0.02890625
6 0.4984375 0.2328125 0.05546875 0.02890625
6 0.58828125 0.2328125 0.065625 0.02890625
6 0.68203125 0.2328125 0.06328125 0.02890625
6 0.76640625 0.2328125 0.046875 0.02890625
6 0.85390625 0.2328125 0.06953125 0.02890625
6 0.5546875 0.3375 0.2890625 0.02890625
7 0.66640625 0.3375 0.07734375 0.02109375
4 0.89140625 0.33359375 0.01953125 0.02578125
0 0.8828125 0.334375 0.078125 0.10390625
4 0.96015625 0.2328125 0.03828125 0.05234375
4 0.275 0.49765625 0.4484375 0.29921875
0 0.275 0.49765625 0.4484375 0.29921875
4 0.275 0.49765625 0.4484375 0.29921875
7 0.3875 0.6296875 0.2078125 0.0140625
2 0.10390625 0.6359375 0.075 0.021875
0 0.10390625 0.634375 0.075 0.0140625
2 0.2578125 0.7203125 0.3828125 0.12734375
2 0.275 0.84453125 0.4171875 0.04296875
2 0.275 0.9078125 0.4171875 0.04296875
4 0.6125 0.496875 0.225 0.2984375
0 0.6125 0.496875 0.225 0.2984375
4 0.6125 0.496875 0.225 0.2984375
2 0.55390625 0.634375 0.0765625 0.021875
0 0.55390625 0.63359375 0.0765625 0.0140625
2 0.60390625 0.74140625 0.1765625 0.16796875
2 0.6125 0.878125 0.19375 0.021875
2 0.6125 0.93046875 0.19375 0.0640625
4 0.8375 0.496875 0.2234375 0.2984375
0 0.8375 0.496875 0.2234375 0.2984375
4 0.8375 0.496875 0.2234375 0.2984375
2 0.7796875 0.634375 0.0765625 0.021875
0 0.7796875 0.63359375 0.0765625 0.0140625
2 0.83359375 0.725 0.184375 0.13515625
2 0.8375 0.86640625 0.1921875 0.0640625