4 0.48671875 0.06171875 0.9734375 0.1234375
7 0.08203125 0.09140625 0.125 0.02109375
6 0.6953125 0.0921875 0.0390625 0.0234375
1 0.80390625 0.0921875 0.15703125 0.02890625
1 0.9328125 0.090625 0.09453125 0.025
2 0.4203125 0.2796875 0.41875 0.02734375
7 0.41171875 0.34296875 0.45234375 0.04296875
6 0.446875 0.3546875 0.1546875 0.01953125
7 0.534375 0.3546875 0.01953125 0.01953125
6 0.5796875 0.3546875 0.07421875 0.01953125
7 0.6171875 0.3546875 0.00390625 0.01953125
4 0.4203125 0.64296875 0.4390625 0.453125
7 0.4203125 0.9125 0.44921875 0.0546875
6 0.4875 0.93203125 0.02265625 0.015625
7 0.5 0.93203125 0.00390625 0.015625
7 0.41875 0.98515625 0.465625 0.0296875
4 0.70546875 0.6234375 0.0046875 0.75234375
2 0.8734375 0.2390625 0.253125 0.021875
6 0.8734375 0.26640625 0.253125 0.021875
6 0.846875 0.28984375 0.19921875 0.021875
6 0.87109375 0.31328125 0.2484375 0.021875
7 0.8734375 0.3453125 0.253125 0.0390625
2 0.8734375 0.4203125 0.253125 0.02734375
2 0.8703125 0.45390625 0.24609375 0.02734375
7 0.759375 0.5015625 0.025 0.01953125
6 0.84375 0.5015625 0.1421875 0.01953125
7 0.8734375 0.525 0.253125 0.06640625
2 0.8734375 0.6234375 0.253125 0.025
2 0.8734375 0.6703125 0.253125 0.02890625
2 0.8734375 0.7046875 0.253125 0.02890625
4 0.8734375 0.8703125 0.253125 0.259375
4 0.071875 0.14609375 0.14375 0.0578125
4 0.071875 0.20390625 0.14375 0.0578125
4 0.071875 0.26328125 0.14375 0.0578125
4 0.071875 0.32109375 0.14375 0.0578125
4 0.071875 0.38046875 0.14375 0.0578125
4 0.071875 0.43828125 0.14375 0.0578125
4 0.071875 0.49765625 0.14375 0.0578125
4 0.071875 0.55546875 0.14375 0.0578125
4 0.0734375 0.60859375 0.146875 0.0453125