4 0.04296875 0.01640625 0.0546875 0.025
0 0.0484375 0.0171875 0.065625 0.03359375
0 0.1265625 0.01640625 0.08125 0.0328125
0 0.20390625 0.01640625 0.0625 0.0328125
3 0.73359375 0.01796875 0.5078125 0.0359375
2 0.0890625 0.078125 0.146875 0.07578125
2 0.0890625 0.1 0.146875 0.0328125
1 0.2296875 0.06875 0.11640625 0.02734375
1 0.56328125 0.06875 0.53125 0.0234375
0 0.884375 0.07109375 0.05390625 0.0296875
7 0.49921875 0.1625 0.27265625 0.01953125
7 0.4234375 0.1828125 0.2625 0.01953125
6 0.6296875 0.1828125 0.15 0.01953125
7 0.7046875 0.1828125 0.00390625 0.01953125
7 0.41640625 0.20390625 0.1765625 0.01953125
6 0.58515625 0.20390625 0.16484375 0.01953125
7 0.6703125 0.20390625 0.0046875 0.01953125
2 0.4875 0.27734375 0.48125 0.03671875
7 0.4875 0.32890625 0.48125 0.0453125
6 0.30390625 0.37890625 0.0890625 0.02109375
7 0.3515625 0.37890625 0.0078125 0.02109375
6 0.3796875 0.37890625 0.04375 0.02109375
7 0.40546875 0.37890625 0.0078125 0.02109375
6 0.446875 0.37890625 0.071875 0.02109375
7 0.4890625 0.37890625 0.01171875 0.02109375
6 0.54765625 0.37890625 0.1078125 0.02109375
2 0.32578125 0.44375 0.1296875 0.025
0 0.24765625 0.259375 0.00078125 0.0015625
6 0.32578125 0.49609375 0.1296875 0.06015625
7 0.3890625 0.5484375 0.06875 0.0234375
2 0.4828125 0.44375 0.13125 0.025
0 0.24765625 0.259375 0.00078125 0.0015625
6 0.4828125 0.49609375 0.13125 0.06015625
7 0.55390625 0.5484375 0.08515625 0.0234375
2 0.63984375 0.44375 0.13125 0.025
0 0.24765625 0.259375 0.00078125 0.0015625
6 0.63984375 0.49609375 0.13125 0.06015625
7 0.7015625 0.5484375 0.0640625 0.0234375
2 0.32578125 0.7140625 0.1296875 0.025
0 0.24765625 0.259375 0.00078125 0.0015625
6 0.32578125 0.7671875 0.1296875 0.06015625
7 0.3921875 0.81875 0.075 0.0234375
2 0.4828125 0.7140625 0.13125 0.025
0 0.24765625 0.259375 0.00078125 0.0015625
6 0.4828125 0.7671875 0.13125 0.06015625
7 0.54375 0.81875 0.0640625 0.0234375
2 0.63984375 0.7140625 0.13125 0.025
0 0.24765625 0.259375 0.00078125 0.0015625
6 0.63984375 0.7671875 0.13125 0.06015625
7 0.7078125 0.8296875 0.078125 0.0453125
0 0.13203125 0.27890625 0.22734375 0.03359375
0 0.13203125 0.3109375 0.22734375 0.03359375
7 0.1296875 0.3265625 0.2421875 0.00546875
0 0.13203125 0.34765625 0.22734375 0.03359375
0 0.13203125 0.38046875 0.22734375 0.03359375
0 0.13203125 0.4125 0.22734375 0.03359375
0 0.13203125 0.4453125 0.22734375 0.03359375
0 0.13203125 0.478125 0.22734375 0.03359375
0 0.13203125 0.51015625 0.22734375 0.03359375
0 0.13203125 0.54296875 0.22734375 0.03359375
0 0.13203125 0.57578125 0.22734375 0.03359375
0 0.13203125 0.6078125 0.22734375 0.03359375
0 0.13203125 0.640625 0.22734375 0.03359375
0 0.13203125 0.6734375 0.22734375 0.03359375
0 0.13203125 0.70546875 0.22734375 0.03359375
0 0.13203125 0.73828125 0.22734375 0.03359375
0 0.13203125 0.77109375 0.22734375 0.03359375
0 0.13203125 0.803125 0.22734375 0.03359375
2 0.8078125 0.284375 0.125 0.021875
6 0.76875 0.3140625 0.04765625 0.02109375
6 0.7734375 0.3453125 0.05625 0.02109375
6 0.79140625 0.3765625 0.09296875 0.02109375
6 0.765625 0.4078125 0.040625 0.02109375
6 0.775 0.4390625 0.0609375 0.02109375
6 0.7703125 0.4703125 0.05 0.02109375
6 0.75859375 0.5015625 0.02734375 0.02109375
6 0.7609375 0.5328125 0.03203125 0.02109375
6 0.765625 0.5640625 0.040625 0.02109375
6 0.77421875 0.5953125 0.0578125 0.02109375
2 0.80625 0.6703125 0.121875 0.021875
6 0.8265625 0.70859375 0.16328125 0.02109375
7 0.865625 0.728125 0.23046875 0.021875
7 0.8609375 0.8296875 0.23125 0.17734375
7 0.81171875 0.9078125 0.10078125 0.02109375
7 0.86875 0.9078125 0.0140625 0.02109375
6 0.85078125 0.83359375 0.2109375 0.04140625
7 0.865625 0.8640625 0.23046875 0.021875
7 0.8609375 0.93828125 0.2328125 0.1234375
7 0.846875 0.996875 0.1015625 0.00625
7 0.903125 0.996875 0.0140625 0.00625
6 0.8609375 0.94765625 0.2328125 0.04140625
7 0.865625 0.978125 0.23046875 0.021875
7 0.86015625 0.9953125 0.2296875 0.009375