4 0.3515625 0.0625 0.64453125 0.08359375
0 0.51796875 0.021875 0.03828125 0.02890625
7 0.54453125 0.02265625 0.01640625 0.025
0 0.61796875 0.021875 0.10234375 0.02890625
7 0.6765625 0.02265625 0.01640625 0.025
6 0.709375 0.02265625 0.05078125 0.025
7 0.74140625 0.02265625 0.01640625 0.025
6 0.76484375 0.02265625 0.03125 0.025
2 0.50703125 0.228125 0.903125 0.05703125
2 0.50703125 0.2875 0.903125 0.0375
0 0.14140625 0.3546875 0.2 0.07421875
7 0.0984375 0.55 0.0765625 0.0296875
0 0.10546875 0.55 0.08984375 0.0375
7 0.25 0.55 0.16015625 0.0296875
0 0.25703125 0.55 0.1734375 0.0375
7 0.4015625 0.55 0.07734375 0.0296875
0 0.40859375 0.55 0.090625 0.0375
7 0.55703125 0.55 0.1671875 0.0296875
0 0.5640625 0.55 0.18046875 0.0375
7 0.71953125 0.55 0.090625 0.0296875
0 0.72578125 0.55 0.1046875 0.0375
7 0.0828125 0.596875 0.04375 0.0296875
0 0.0890625 0.596875 0.0578125 0.0375
1 0.846875 0.5546875 0.08203125 0.02890625
7 0.8984375 0.553125 0.00390625 0.04140625
4 0.93671875 0.553125 0.0125 0.01796875
0 0.93671875 0.553125 0.04375 0.03671875
4 0.184375 0.7984375 0.2875 0.21640625
2 0.171875 0.96796875 0.26171875 0.0640625
4 0.5 0.7984375 0.2875 0.21640625
2 0.496875 0.96796875 0.28125 0.0640625
4 0.815625 0.7984375 0.2875 0.21640625
2 0.8125 0.96796875 0.28125 0.0640625