0 0.11875 0.02421875 0.03828125 0.021875
0 0.18515625 0.02421875 0.0578125 0.021875
0 0.246875 0.025 0.0296875 0.0234375
0 0.3046875 0.02421875 0.0484375 0.021875
0 0.3734375 0.02421875 0.05078125 0.021875
0 0.4359375 0.02421875 0.0375 0.021875
0 0.509375 0.02421875 0.0734375 0.021875
0 0.58125 0.02421875 0.0328125 0.021875
0 0.6359375 0.02421875 0.03984375 0.021875
0 0.69453125 0.02421875 0.0390625 0.021875
0 0.7578125 0.02421875 0.05078125 0.021875
0 0.83125 0.02421875 0.05859375 0.021875
0 0.903125 0.02421875 0.0484375 0.021875
0 0.9609375 0.025 0.0296875 0.0234375
0 0.996875 0.025 0.00625 0.0234375
4 0.0484375 0.0765625 0.096875 0.025
0 0.18359375 0.0765625 0.1015625 0.02734375
0 0.28359375 0.0765625 0.05390625 0.02734375
0 0.3578125 0.0765625 0.05 0.02734375
0 0.4265625 0.0765625 0.0421875 0.02734375
0 0.49140625 0.0765625 0.04375 0.02734375
0 0.56328125 0.0765625 0.0546875 0.02734375
0 0.64375 0.0765625 0.06171875 0.02734375
0 0.71953125 0.0765625 0.04375 0.02734375
0 0.79453125 0.0765625 0.06171875 0.02734375
4 0.903125 0.06875 0.02421875 0.02578125
4 0.9484375 0.06875 0.021875 0.02734375
4 0.9859375 0.06875 0.0078125 0.03671875
4 0.8484375 0.078125 0.025 0.01015625
7 0.5703125 0.12578125 0.859375 0.0140625
3 0.615625 0.196875 0.7109375 0.1171875
2 0.05859375 0.31875 0.0875 0.03125
4 0.165625 0.4859375 0.33125 0.271875
0 0.165625 0.4859375 0.33125 0.271875
2 0.15390625 0.61875 0.278125 0.05234375
2 0.06875 0.71640625 0.1078125 0.03125
4 0.065625 0.7984375 0.10234375 0.103125
0 0.065625 0.7984375 0.10234375 0.103125
2 0.21953125 0.796875 0.17578125 0.04453125
4 0.065625 0.93046875 0.10234375 0.103125
0 0.065625 0.93046875 0.10234375 0.103125
2 0.215625 0.928125 0.16796875 0.06796875
4 0.634375 0.51640625 0.55625 0.45703125
0 0.634375 0.51640625 0.55625 0.45703125
2 0.634375 0.7015625 0.509375 0.0640625
4 0.49140625 0.88125 0.2703125 0.22109375
0 0.49140625 0.88125 0.2703125 0.22109375
4 0.6734375 0.79765625 0.053125 0.02734375
0 0.778125 0.88125 0.2703125 0.22109375
0 0.778125 0.9953125 0.2703125 0.009375
7 0.96875 0.27578125 0.0625 0.01328125
3 0.96875 0.45078125 0.0625 0.32578125
7 0.96875 0.65078125 0.0625 0.0234375
7 0.96875 0.7265625 0.0625 0.11171875
7 0.96875 0.771875 0.0625 0.0171875
0 0.96875 0.725 0.0625 0.109375
2 0.97578125 0.82734375 0.04765625 0.0328125
3 0.97578125 0.928125 0.04765625 0.14296875
4 0.9734375 0.940625 0.025 0.03515625
3 0.5 0.96328125 0.33203125 0.05234375
4 0.79921875 0.915625 0.0984375 0.02109375
0 0.79921875 0.9234375 0.0984375 0.0375
7 0.78984375 0.93359375 0.0796875 0.01796875
4 0.88359375 0.91796875 0.0203125 0.02578125
7 0.775 0.96484375 0.05 0.02890625
7 0.825 0.96484375 0.04296875 0.02890625
4 0.87109375 0.96484375 0.0453125 0.02890625