4 0.834375 0.04375 0.028125 0.0328125
4 0.88359375 0.04375 0.025 0.0328125
4 0.934375 0.04375 0.03125 0.0328125
4 0.11015625 0.08671875 0.15703125 0.08984375
0 0.11015625 0.08671875 0.15703125 0.08984375
0 0.2703125 0.0796875 0.0828125 0.02734375
0 0.39609375 0.0796875 0.159375 0.02734375
0 0.5453125 0.0796875 0.1296875 0.02734375
0 0.6375 0.0796875 0.04375 0.02734375
0 0.7109375 0.0796875 0.09375 0.02734375
0 0.82578125 0.0796875 0.12578125 0.02734375
0 0.92265625 0.0796875 0.0578125 0.02734375
4 0.5 0.15546875 0.9375 0.0171875
4 0.37421875 0.38359375 0.68671875 0.47265625
4 0.85859375 0.38359375 0.28203125 0.47265625
4 0.015625 0.38359375 0.03125 0.47265625
0 0.0484375 0.6375 0.0125 0.0171875
0 0.06328125 0.6375 0.0125 0.0171875
0 0.07734375 0.6375 0.0125 0.0171875
0 0.0921875 0.6375 0.0125 0.0171875
0 0.10703125 0.6375 0.0125 0.0171875
0 0.121875 0.6375 0.0125 0.0171875
4 0.8484375 0.42265625 0.21796875 0.4546875
2 0.17890625 0.70078125 0.29609375 0.03125
7 0.17890625 0.8578125 0.29609375 0.24609375
2 0.52890625 0.70078125 0.32109375 0.03125
6 0.5203125 0.7515625 0.2609375 0.05078125
6 0.5171875 0.80859375 0.25625 0.0234375
6 0.45625 0.8515625 0.1328125 0.0234375
6 0.5140625 0.89453125 0.24921875 0.0234375
6 0.5375 0.9515625 0.2953125 0.05078125
2 0.39140625 0.996875 0.0484375 0.00625
4 0.84296875 0.803125 0.2078125 0.21640625
4 0.84296875 0.99140625 0.2078125 0.0171875