4 0.21171875 0.075 0.321875 0.0453125
6 0.1390625 0.16328125 0.165625 0.02734375
6 0.2609375 0.16328125 0.05859375 0.02734375
6 0.328125 0.16328125 0.05625 0.02734375
6 0.38515625 0.16328125 0.03828125 0.02734375
6 0.45859375 0.16328125 0.0890625 0.02734375
6 0.5453125 0.16328125 0.0640625 0.02734375
6 0.6265625 0.16328125 0.0796875 0.02734375
6 0.71171875 0.16328125 0.0703125 0.02734375
6 0.78828125 0.16328125 0.06328125 0.02734375
4 0.87265625 0.0640625 0.0109375 0.0140625
0 0.9046875 0.06796875 0.0890625 0.03125
7 0.92109375 0.0671875 0.05546875 0.021875
1 0.875 0.1640625 0.09765625 0.05703125
4 0.34609375 0.4484375 0.57109375 0.43125
7 0.60625 0.5453125 0.17265625 0.02578125
2 0.66953125 0.5921875 0.3 0.0640625
6 0.5640625 0.64765625 0.0890625 0.021875
7 0.6265625 0.64765625 0.0375 0.021875
7 0.6828125 0.64765625 0.07421875 0.021875
7 0.72421875 0.64765625 0.00859375 0.021875
6 0.775 0.64765625 0.09375 0.021875
4 0.20078125 0.846875 0.28046875 0.2125
7 0.19921875 0.9890625 0.27734375 0.021875
4 0.50078125 0.846875 0.28046875 0.2125
7 0.4515625 0.9890625 0.1828125 0.021875
4 0.8 0.84609375 0.2796875 0.2109375
7 0.72578125 0.98828125 0.13203125 0.0234375