4 0.1265625 0.26484375 0.2109375 0.1390625
2 0.6375 0.24765625 0.6828125 0.15625
2 0.6375 0.3640625 0.6828125 0.05078125
7 0.6375 0.42890625 0.6828125 0.02734375
7 0.6375 0.46953125 0.6828125 0.02734375
7 0.6375 0.509375 0.6828125 0.02734375
3 0.44453125 0.6265625 0.296875 0.1015625
7 0.51484375 0.7421875 0.4375 0.02890625
6 0.79609375 0.7421875 0.12578125 0.02890625
7 0.8609375 0.7421875 0.00390625 0.02890625
7 0.43125 0.821875 0.2703125 0.02890625
6 0.6640625 0.821875 0.1953125 0.02890625
7 0.7640625 0.821875 0.00390625 0.02890625