7 0.5 0.00625 1 0.0125
4 0.11171875 0.05078125 0.15703125 0.04453125
0 0.11171875 0.05078125 0.15703125 0.04453125
7 0.23984375 0.05859375 0.059375 0.04453125
1 0.81015625 0.053125 0.31328125 0.0390625
4 0.9484375 0.053125 0.01484375 0.03125
0 0.0578125 0.13359375 0.05 0.04296875
0 0.16875 0.13359375 0.0953125 0.04296875
0 0.3140625 0.13359375 0.11875 0.04296875
0 0.44375 0.13359375 0.06328125 0.04296875
4 0.26328125 0.38125 0.46015625 0.40859375
6 0.13984375 0.646875 0.1390625 0.0234375
2 0.24765625 0.734375 0.3546875 0.1328125
7 0.26328125 0.90234375 0.3859375 0.1953125
4 0.61796875 0.27578125 0.22265625 0.19765625
6 0.5734375 0.4125 0.0953125 0.0234375
2 0.6125 0.4890625 0.1734375 0.11328125
7 0.61796875 0.61328125 0.1859375 0.125
4 0.85546875 0.27578125 0.22265625 0.19765625
6 0.828125 0.4125 0.13125 0.0234375
2 0.84296875 0.475 0.16015625 0.0859375
7 0.77578125 0.53671875 0.0265625 0.02578125
7 0.86484375 0.53671875 0.153125 0.02578125
7 0.8484375 0.6234375 0.171875 0.15
4 0.61796875 0.84140625 0.22265625 0.19765625
6 0.553125 0.978125 0.05546875 0.0234375
2 0.584375 0.9984375 0.1171875 0.00234375
4 0.85546875 0.84140625 0.22265625 0.19765625
6 0.7984375 0.978125 0.071875 0.0234375
2 0.84609375 0.9984375 0.1671875 0.00234375