4 0.0703125 0.03125 0.1078125 0.04140625
0 0.06953125 0.03125 0.10625 0.0625
4 0.49921875 0.03046875 0.015625 0.021875
0 0.49921875 0.03046875 0.015625 0.021875
4 0.53125 0.03125 0.0171875 0.02109375
0 0.53125 0.03125 0.0171875 0.0625
0 0.625 0.03359375 0.13125 0.0234375
0 0.7390625 0.03359375 0.05859375 0.0234375
4 0.840625 0.03125 0.1171875 0.0625
0 0.840625 0.0328125 0.1171875 0.04453125
7 0.840625 0.0328125 0.0921875 0.03671875
7 0.940625 0.03203125 0.0515625 0.02734375
0 0.94921875 0.03203125 0.06875 0.02734375
4 0.978125 0.03125 0.009375 0.01328125
2 0.20078125 0.1609375 0.34296875 0.0640625
7 0.078125 0.253125 0.10546875 0.021875
0 0.078125 0.253125 0.10546875 0.05859375
7 0.19140625 0.253125 0.0625 0.021875
0 0.19140625 0.253125 0.0625 0.05859375
7 0.29609375 0.253125 0.0875 0.021875
0 0.29609375 0.253125 0.0875 0.05859375
7 0.425 0.253125 0.1125 0.021875
0 0.425 0.253125 0.1125 0.05859375
7 0.5390625 0.253125 0.05625 0.021875
0 0.5390625 0.253125 0.05625 0.05859375
4 0.48984375 0.61875 0.653125 0.5875
4 0.5 0.62734375 0.65234375 0.5859375
0 0.27734375 0.64765625 0.16796875 0.025
7 0.49375 0.75625 0.60078125 0.18125
4 0.2 0.88125 0.0140625 0.0171875
0 0.22578125 0.88125 0.065625 0.025
7 0.23671875 0.88125 0.04375 0.025
4 0.31953125 0.96171875 0.3171875 0.0765625
0 0.33203125 0.9734375 0.31640625 0.053125
4 0.33203125 0.9734375 0.31640625 0.053125
4 0.33203125 0.9734375 0.31640625 0.053125
4 0.65546875 0.965625 0.3171875 0.06875
4 0.66796875 0.9734375 0.31640625 0.053125