4 0.06328125 0.02890625 0.053125 0.03671875
0 0.16171875 0.04140625 0.24921875 0.015625
7 0.190625 0.04140625 0.19140625 0.015625
0 0.553125 0.02890625 0.03203125 0.02578125
0 0.6140625 0.02890625 0.0328125 0.02578125
0 0.6796875 0.02890625 0.040625 0.02578125
7 0.7671875 0.02890625 0.0703125 0.02578125
0 0.821875 0.02890625 0.01953125 0.02578125
0 0.84375 0.02890625 0.01953125 0.02578125
0 0.865625 0.02890625 0.01953125 0.02578125
0 0.88671875 0.02890625 0.01953125 0.02578125
0 0.9078125 0.02890625 0.01953125 0.02578125
0 0.9296875 0.02890625 0.01953125 0.02578125
0 0.9515625 0.02890625 0.01953125 0.02578125
0 0.178125 0.12578125 0.28203125 0.0875
0 0.5953125 0.15078125 0.1046875 0.0390625
7 0.66328125 0.15 0.03203125 0.03671875
1 0.80625 0.15078125 0.25390625 0.0390625
1 0.9484375 0.15078125 0.0296875 0.0390625
2 0.115625 0.23359375 0.15625 0.02734375
6 0.3953125 0.23359375 0.39453125 0.02734375
4 0.265625 0.48671875 0.45703125 0.40625
0 0.26640625 0.6359375 0.4578125 0.7046875
2 0.26640625 0.73984375 0.43828125 0.046875
6 0.26640625 0.8125 0.43828125 0.0859375
4 0.61640625 0.384375 0.2265625 0.20078125
0 0.61640625 0.45703125 0.2265625 0.34609375
2 0.61640625 0.47890625 0.20703125 0.02890625
7 0.60625 0.54453125 0.1875 0.09375
7 0.5296875 0.603125 0.0328125 0.025
4 0.85 0.384375 0.22578125 0.20078125
0 0.85 0.45703125 0.22578125 0.34609375
2 0.85 0.49140625 0.20625 0.02734375
6 0.85 0.55703125 0.20625 0.09375
4 0.61640625 0.7421875 0.2265625 0.20078125
0 0.61640625 0.81484375 0.2265625 0.34609375
2 0.61640625 0.85 0.20703125 0.02734375
6 0.61640625 0.90390625 0.20703125 0.0703125
7 0.846875 0.7078125 0.2 0.0921875
0 0.85 0.81484375 0.22578125 0.34609375
6 0.7953125 0.76640625 0.0953125 0.021875
7 0.85 0.825 0.20625 0.1390625
4 0.9125 0.9375 0.08203125 0.04453125