0 0.0640625 0.02578125 0.08203125 0.03125
0 0.05234375 0.0484375 0.0265625 0.05625
0 0.05234375 0.0484375 0.0265625 0.05625
7 0.1765625 0.0265625 0.0421875 0.01953125
0 0.1953125 0.02578125 0.1625 0.0515625
0 0.30546875 0.02578125 0.0578125 0.0515625
0 0.3625 0.02578125 0.05625 0.0515625
0 0.41640625 0.02578125 0.0515625 0.0515625
0 0.4796875 0.02578125 0.075 0.0515625
0 0.54765625 0.02578125 0.0609375 0.0515625
0 0.61015625 0.02578125 0.0640625 0.0515625
7 0.6703125 0.0265625 0.03125 0.01953125
0 0.70625 0.02578125 0.128125 0.0515625
4 0.75546875 0.028125 0.00703125 0.00390625
1 0.86328125 0.025 0.1640625 0.0328125
0 0.9609375 0.025 0.03125 0.0328125
7 0.12109375 0.14765625 0.1 0.021875
0 0.1203125 0.146875 0.0984375 0.04296875
7 0.1984375 0.14765625 0.059375 0.021875
0 0.19921875 0.146875 0.0609375 0.04296875
7 0.259375 0.14765625 0.06171875 0.021875
0 0.25859375 0.146875 0.0609375 0.04296875
7 0.3421875 0.14765625 0.10859375 0.021875
0 0.34296875 0.146875 0.109375 0.04296875
7 0.41875 0.14765625 0.0453125 0.021875
0 0.41875 0.146875 0.04375 0.04296875
7 0.4796875 0.14765625 0.08125 0.021875
0 0.4796875 0.146875 0.08125 0.04296875
7 0.54609375 0.14765625 0.05390625 0.021875
0 0.546875 0.146875 0.0546875 0.04296875
7 0.61015625 0.14765625 0.07421875 0.021875
0 0.61015625 0.146875 0.0734375 0.04296875
7 0.6796875 0.14765625 0.06875 0.021875
0 0.6796875 0.146875 0.06875 0.04296875
7 0.78828125 0.14765625 0.15 0.021875
0 0.78828125 0.146875 0.15 0.04296875
2 0.10078125 0.303125 0.15546875 0.21640625
7 0.121875 0.46953125 0.19609375 0.0953125
4 0.0296875 0.5375 0.0125 0.01796875
4 0.4390625 0.34609375 0.409375 0.30703125
7 0.128125 0.58984375 0.1734375 0.04140625
0 0.1140625 0.590625 0.21171875 0.053125
7 0.3359375 0.58984375 0.16796875 0.04140625
0 0.325 0.590625 0.2125 0.053125
7 0.55 0.58984375 0.171875 0.04140625
0 0.5375 0.590625 0.2125 0.053125
2 0.14453125 0.7234375 0.1796875 0.053125
0 0.14453125 0.709375 0.1796875 0.08046875
4 0.3734375 0.7375 0.22265625 0.16796875
2 0.36875 0.85859375 0.2140625 0.05078125
7 0.3734375 0.94375 0.22265625 0.0953125
4 0.6109375 0.7375 0.22265625 0.16796875
2 0.61015625 0.85859375 0.21953125 0.05078125
7 0.6109375 0.93125 0.22265625 0.071875
4 0.50625 0.9984375 0.0125 0.00234375
4 0.85 0.7375 0.22265625 0.16796875
2 0.84296875 0.85859375 0.21015625 0.05078125
7 0.85 0.93125 0.22265625 0.071875
4 0.74453125 0.9984375 0.0125 0.00234375