4 0.0171875 0.01171875 0.015625 0.02109375
6 0.04765625 0.0140625 0.034375 0.01953125
6 0.10703125 0.0140625 0.02421875 0.01953125
6 0.165625 0.0140625 0.03203125 0.01953125
6 0.2359375 0.0140625 0.04609375 0.01953125
6 0.3078125 0.0140625 0.03828125 0.01953125
6 0.396875 0.0140625 0.0796875 0.01953125
6 0.4875 0.0140625 0.040625 0.01953125
6 0.5578125 0.0140625 0.03828125 0.01953125
6 0.62265625 0.0140625 0.03046875 0.01953125
0 0.1109375 0.0734375 0.1828125 0.05859375
1 0.28984375 0.0671875 0.1609375 0.0453125
0 0.44375 0.0671875 0.13671875 0.0453125
0 0.58515625 0.0671875 0.13671875 0.0453125
0 0.88046875 0.06875 0.08125 0.03359375
4 0.9578125 0.06953125 0.03046875 0.0453125
0 0.97109375 0.06953125 0.0578125 0.0453125
6 0.98828125 0.06796875 0.0234375 0.0421875
0 0.05546875 0.13515625 0.071875 0.0546875
7 0.8125 0.13671875 0.05625 0.02109375
4 0.8796875 0.13671875 0.01484375 0.02109375
0 0.8796875 0.13515625 0.01484375 0.0546875
4 0.9046875 0.1359375 0.015625 0.021875
0 0.9046875 0.13515625 0.015625 0.0546875
4 0.92890625 0.13671875 0.01484375 0.02109375
0 0.92890625 0.13515625 0.01484375 0.0546875
4 0.95390625 0.13671875 0.01484375 0.02109375
0 0.95390625 0.13515625 0.01484375 0.0546875
0 0.1578125 0.13515625 0.0765625 0.0546875
0 0.23359375 0.13515625 0.01875 0.0546875
0 0.28984375 0.13515625 0.0359375 0.0546875
0 0.359375 0.13515625 0.046875 0.0546875
0 0.45234375 0.13515625 0.08203125 0.0546875
0 0.54140625 0.13515625 0.03984375 0.0546875
0 0.14453125 0.18984375 0.0484375 0.0546875
0 0.22578125 0.18984375 0.05625 0.0546875
0 0.315625 0.18984375 0.0671875 0.0546875
0 0.39921875 0.18984375 0.04296875 0.0546875
4 0.59921875 0.1359375 0.01640625 0.021875
7 0.0921875 0.209375 0.14453125 0.02890625
0 0.5 0.209375 1 0.09375
2 0.49453125 0.209375 0.621875 0.03125
4 0.9140625 0.209375 0.1328125 0.09375
4 0.52578125 0.42265625 0.246875 0.2875
0 0.21171875 0.42265625 0.38359375 0.2875
4 0.21171875 0.42265625 0.38359375 0.2875
4 0.52578125 0.42265625 0.246875 0.2875
2 0.5265625 0.34375 0.20703125 0.078125
6 0.5265625 0.421875 0.20703125 0.04453125
7 0.465625 0.459375 0.0859375 0.02109375
4 0.434375 0.53984375 0.0203125 0.02734375
0 0.434375 0.53984375 0.03984375 0.053125
4 0.4671875 0.540625 0.0203125 0.02734375
0 0.52421875 0.53984375 0.13359375 0.02734375
7 0.5359375 0.53828125 0.11015625 0.0171875
4 0.07890625 0.61484375 0.11875 0.07578125
0 0.07890625 0.646875 0.11875 0.1390625
2 0.075 0.6859375 0.11015625 0.06015625
4 0.20625 0.61484375 0.1203125 0.07578125
0 0.20625 0.646875 0.1203125 0.1390625
2 0.20234375 0.6859375 0.1109375 0.06015625
4 0.334375 0.61484375 0.11875 0.07578125
0 0.334375 0.646875 0.11875 0.1390625
2 0.3296875 0.6859375 0.11015625 0.06015625
4 0.46171875 0.61484375 0.1203125 0.07578125
0 0.46171875 0.646875 0.1203125 0.1390625
2 0.45703125 0.6859375 0.1109375 0.06015625
4 0.5890625 0.61484375 0.11875 0.07578125
0 0.5890625 0.646875 0.11875 0.1390625
2 0.584375 0.6859375 0.11015625 0.06015625
4 0.103125 0.8140625 0.1671875 0.1265625
7 0.23125 0.76015625 0.04296875 0.02109375
7 0.290625 0.759375 0.0609375 0.01953125
2 0.39765625 0.81484375 0.375 0.07578125
7 0.4078125 0.85625 0.396875 0.0453125
7 0.63125 0.76640625 0.03515625 0.01953125
0 0.63125 0.7921875 0.03515625 0.03515625
4 0.63125 0.78984375 0.01953125 0.02734375
4 0.63125 0.821875 0.01953125 0.02734375
0 0.63125 0.821875 0.0390625 0.053125
4 0.10234375 0.95859375 0.1671875 0.0828125
7 0.22734375 0.92734375 0.034375 0.02109375
7 0.28671875 0.9265625 0.06953125 0.01953125
2 0.4046875 0.96953125 0.3890625 0.05078125
7 0.63125 0.9328125 0.03515625 0.01953125
0 0.63125 0.959375 0.03515625 0.03515625
4 0.63125 0.95625 0.01953125 0.02734375
4 0.63125 0.9875 0.01953125 0.025
0 0.63125 0.98125 0.0390625 0.0375
4 0.834375 0.32578125 0.29296875 0.09375
4 0.834375 0.32578125 0.29296875 0.09375
0 0.8375 0.42421875 0.3 0.10390625
4 0.72421875 0.5046875 0.04375 0.05859375
4 0.76953125 0.50546875 0.0234375 0.03125
4 0.8046875 0.50546875 0.0234375 0.03125
4 0.83984375 0.50546875 0.0234375 0.03125
4 0.875 0.50546875 0.0234375 0.03125
7 0.840625 0.6 0.25390625 0.10390625
0 0.834375 0.696875 0.1171875 0.03671875
2 0.734375 0.8140625 0.09375 0.021875
2 0.79609375 0.81640625 0.01640625 0.02109375
0 0.79609375 0.81484375 0.03203125 0.03125
2 0.7234375 0.8640625 0.0375 0.01953125
4 0.72421875 0.9125 0.0421875 0.05625
7 0.71484375 0.95078125 0.025 0.02109375
7 0.7359375 0.95078125 0.01953125 0.02109375
2 0.79765625 0.8640625 0.0171875 0.01953125
4 0.79765625 0.9125 0.0421875 0.05625
7 0.78828125 0.95078125 0.025 0.02109375
7 0.809375 0.95078125 0.01953125 0.02109375
2 0.87109375 0.8640625 0.021875 0.01953125
4 0.8703125 0.9125 0.0421875 0.05625
7 0.8609375 0.95078125 0.025 0.02109375
7 0.8828125 0.95078125 0.01953125 0.02109375
2 0.94453125 0.8640625 0.025 0.01953125
4 0.94375 0.9125 0.0421875 0.05625
7 0.934375 0.95078125 0.025 0.02109375
7 0.95625 0.95078125 0.01953125 0.02109375