7 0.03515625 0.2890625 0.0234375 0.01796875
7 0.05625 0.2890625 0.01875 0.01796875
7 0.09375 0.2890625 0.0484375 0.01796875
7 0.12109375 0.2890625 0.0078125 0.01796875
7 0.1640625 0.2890625 0.08203125 0.01796875
2 0.5 0.2890625 0.328125 0.08828125
0 0.93125 0.27421875 0.08984375 0.04296875
6 0.91484375 0.3140625 0.05 0.01953125
6 0.95625 0.3140625 0.0328125 0.01953125
2 0.04375 0.403125 0.03984375 0.0328125
7 0.08515625 0.403125 0.03203125 0.01953125
4 0.115625 0.40078125 0.01640625 0.02109375
7 0.1390625 0.40234375 0.01875 0.01796875
7 0.15 0.40234375 0.0046875 0.01796875
7 0.159375 0.40234375 0.01875 0.01796875
6 0.2453125 0.4 0.0578125 0.021875
6 0.309375 0.4 0.040625 0.021875
6 0.375 0.4 0.05859375 0.021875
6 0.43984375 0.4 0.04375 0.021875
6 0.525 0.4 0.09765625 0.021875
6 0.6296875 0.4 0.0796875 0.021875
6 0.7125 0.4 0.05625 0.021875
6 0.775 0.4 0.0390625 0.021875
1 0.95703125 0.4 0.0859375 0.05
0 0.9671875 0.40078125 0.01953125 0.04921875
2 0.5 0.46953125 0.921875 0.04296875
7 0.0640625 0.521875 0.0734375 0.015625
4 0.17734375 0.6890625 0.3078125 0.30703125
0 0.17734375 0.6890625 0.3078125 0.30703125
2 0.16640625 0.92421875 0.2859375 0.15078125
6 0.35234375 0.521875 0.0125 0.015625
2 0.4953125 0.54921875 0.3 0.02578125
4 0.3953125 0.6234375 0.0984375 0.09921875
0 0.3953125 0.6234375 0.0984375 0.09921875
7 0.5515625 0.6296875 0.1859375 0.1078125
7 0.36875 0.740625 0.046875 0.021875
2 0.48828125 0.7671875 0.28515625 0.02734375
4 0.3953125 0.84140625 0.0984375 0.09921875
0 0.3953125 0.84140625 0.0984375 0.09921875
7 0.55546875 0.84765625 0.19375 0.109375
6 0.41015625 0.9578125 0.12890625 0.0171875
7 0.51484375 0.9578125 0.07421875 0.0171875
2 0.47734375 0.98515625 0.2640625 0.02734375