7 0.440625 0.4203125 0.16796875 0.0328125
6 0.5484375 0.4203125 0.0484375 0.0328125
7 0.503125 0.4578125 0.28046875 0.1078125
6 0.5296875 0.4953125 0.12421875 0.0328125
7 0.60078125 0.4953125 0.0171875 0.0328125
0 0.5 0.5640625 0.2484375 0.04140625
3 0.5 0.94140625 0.7109375 0.1171875
7 0.9859375 0.8578125 0.02734375 0.0375
4 0.5 0.03515625 0.21875 0.04140625
7 0.48671875 0.1046875 0.159375 0.0328125
0 0.5 0.1046875 0.234375 0.040625
7 0.57890625 0.1046875 0.02734375 0.0328125
4 0.028125 0.025 0.028125 0.00546875
0 0.028125 0.03515625 0.028125 0.03671875
4 0.028125 0.03515625 0.028125 0.00546875
4 0.028125 0.0453125 0.028125 0.00546875
4 0.9390625 0.03671875 0.02421875 0.03125
0 0.9390625 0.03828125 0.02421875 0.0375
4 0.97421875 0.03671875 0.02421875 0.03125
0 0.97421875 0.03828125 0.02421875 0.0375
4 0.33515625 0.45234375 0.6421875 0.571875
2 0.33515625 0.70703125 0.62109375 0.03359375
0 0.0453125 0.1875 0.046875 0.0234375
0 0.7046875 0.1875 0.046875 0.0234375
2 0.8296875 0.2828125 0.28984375 0.09921875
0 0.7046875 0.48671875 0.046875 0.0234375
2 0.8296875 0.58203125 0.28984375 0.09921875
2 0.5 0.78359375 0.97265625 0.03671875
4 0.1703125 0.91015625 0.3125 0.1796875
0 0.0453125 0.84140625 0.046875 0.0234375
4 0.5 0.91015625 0.3125 0.1796875
0 0.3984375 0.84140625 0.09375 0.0234375
4 0.8296875 0.91015625 0.31171875 0.1796875
0 0.7046875 0.84140625 0.046875 0.0234375