4 0.046875 0.04140625 0.03125 0.04140625
0 0.046875 0.04140625 0.03125 0.04140625
7 0.11328125 0.040625 0.0390625 0.02109375
7 0.175 0.040625 0.053125 0.02109375
7 0.2515625 0.040625 0.0703125 0.02109375
7 0.32265625 0.040625 0.03984375 0.02109375
7 0.38125 0.040625 0.0453125 0.02109375
7 0.4484375 0.040625 0.059375 0.02109375
7 0.51484375 0.040625 0.0421875 0.02109375
7 0.590625 0.040625 0.07734375 0.02109375
7 0.665625 0.040625 0.04296875 0.02109375
7 0.765625 0.040625 0.0609375 0.02109375
7 0.8390625 0.040625 0.0546875 0.02109375
7 0.9 0.040625 0.0375 0.02109375
7 0.959375 0.040625 0.05 0.02109375
3 0.5 0.1734375 0.7109375 0.1171875
4 0.3375 0.4984375 0.628125 0.47109375
6 0.3375 0.76875 0.565625 0.0171875
0 0.3375 0.61953125 0.628125 0.71328125
2 0.3375 0.82109375 0.565625 0.0484375
6 0.3375 0.91015625 0.565625 0.09140625
0 0.72578125 0.29296875 0.0359375 0.0390625
0 0.82890625 0.29140625 0.0515625 0.03671875
6 0.82421875 0.3671875 0.26953125 0.04453125
6 0.809375 0.4375 0.2390625 0.04453125
6 0.821875 0.5078125 0.265625 0.04453125
6 0.8234375 0.578125 0.26875 0.04453125
6 0.8015625 0.6484375 0.225 0.04453125
6 0.81015625 0.71875 0.24140625 0.04453125
6 0.81015625 0.7890625 0.24140625 0.04453125
6 0.825 0.859375 0.271875 0.04453125
6 0.825 0.9296875 0.271875 0.04453125
0 0.825 0.9859375 0.0703125 0.02109375