2 0.5 0.05078125 0.9375 0.0390625
7 0.5 0.11875 0.9375 0.03515625
7 0.5 0.203125 0.9375 0.0703125
7 0.34453125 0.2875 0.62578125 0.0296875
6 0.78359375 0.2875 0.253125 0.0296875
7 0.11484375 0.321875 0.1671875 0.0296875
0 0.1765625 0.40703125 0.28984375 0.071875
0 0.48671875 0.40703125 0.28203125 0.071875
4 0.0796875 0.53515625 0.09765625 0.05234375
0 0.0796875 0.53515625 0.09765625 0.05234375
1 0.8109375 0.53515625 0.2296875 0.05234375
7 0.0859375 0.62265625 0.078125 0.02578125
0 0.0859375 0.62265625 0.109375 0.06796875
7 0.26328125 0.62265625 0.065625 0.02578125
0 0.26328125 0.62265625 0.096875 0.06796875
7 0.4640625 0.62265625 0.12578125 0.02578125
0 0.4640625 0.62265625 0.15703125 0.06796875
7 0.678125 0.62265625 0.090625 0.02578125
0 0.678125 0.62265625 0.121875 0.06796875
7 0.89140625 0.62265625 0.12421875 0.02578125
0 0.89140625 0.62265625 0.15546875 0.06796875
2 0.5 0.7078125 0.9375 0.040625
6 0.2015625 0.75625 0.340625 0.0296875