0 0.01484375 0.0234375 0.0296875 0.046875
7 0.0515625 0.0234375 0.04765625 0.01796875
0 0.0515625 0.0234375 0.04765625 0.046875
7 0.0984375 0.0234375 0.0515625 0.01796875
0 0.0984375 0.0234375 0.0515625 0.046875
7 0.13828125 0.0234375 0.034375 0.01796875
0 0.13828125 0.0234375 0.034375 0.046875
7 0.18046875 0.0234375 0.05625 0.01796875
0 0.18046875 0.0234375 0.05625 0.046875
7 0.2359375 0.0234375 0.059375 0.01796875
0 0.2359375 0.0234375 0.059375 0.046875
7 0.28203125 0.0234375 0.03828125 0.01796875
0 0.28203125 0.0234375 0.03828125 0.046875
7 0.31796875 0.0234375 0.03984375 0.01796875
0 0.3171875 0.0234375 0.0390625 0.046875
7 0.35859375 0.0234375 0.05 0.01796875
0 0.359375 0.0234375 0.05078125 0.046875
7 0.73359375 0.0234375 0.040625 0.01796875
0 0.73359375 0.0234375 0.040625 0.046875
7 0.77890625 0.0234375 0.05546875 0.01796875
0 0.77890625 0.0234375 0.05546875 0.046875
7 0.8453125 0.0234375 0.084375 0.01796875
0 0.8453125 0.0234375 0.084375 0.046875
7 0.91875 0.0234375 0.0671875 0.01796875
0 0.91875 0.0234375 0.0671875 0.046875
7 0.97421875 0.02265625 0.0515625 0.0171875
0 0.97421875 0.0234375 0.0515625 0.046875
2 0.0875 0.075 0.175 0.0375
2 0.0875 0.075 0.175 0.0375
7 0.03203125 0.125 0.0546875 0.02890625
7 0.090625 0.125 0.0546875 0.02890625
7 0.14921875 0.125 0.0546875 0.02890625
1 0.321875 0.125 0.28125 0.04140625
4 0.4703125 0.11484375 0.00390625 0.01796875
3 0.77109375 0.10625 0.4578125 0.078125
2 0.15625 0.18515625 0.3125 0.02578125
2 0.15625 0.22890625 0.3125 0.0625
2 0.15625 0.2765625 0.3125 0.0328125
4 0.11171875 0.3234375 0.00703125 0.01171875
7 0.1609375 0.32421875 0.0890625 0.01796875
4 0.07890625 0.42265625 0.15703125 0.11875
0 0.15625 0.421875 0.3125 0.1171875
7 0.0171875 0.37890625 0.02734375 0.02109375
7 0.23828125 0.421875 0.1484375 0.04921875
4 0.07890625 0.5609375 0.15703125 0.11875
0 0.15625 0.56015625 0.3125 0.1171875
7 0.0171875 0.5171875 0.02734375 0.02109375
7 0.23828125 0.56015625 0.1484375 0.07578125
4 0.07890625 0.6984375 0.15703125 0.11875
0 0.15625 0.69765625 0.3125 0.1171875
7 0.0171875 0.6546875 0.02734375 0.02109375
7 0.23828125 0.69765625 0.1484375 0.04921875
4 0.07890625 0.83671875 0.15703125 0.11875
0 0.15625 0.8359375 0.3125 0.1171875
7 0.0171875 0.79296875 0.02734375 0.02109375
7 0.23828125 0.8359375 0.1484375 0.02578125
4 0.07890625 0.9578125 0.15703125 0.084375
0 0.15625 0.9578125 0.3125 0.084375
7 0.02265625 0.93125 0.0375 0.02109375
7 0.23828125 0.97421875 0.1484375 0.04921875
4 0.49921875 0.28984375 0.31328125 0.2359375
0 0.5 0.31875 0.3125 0.29453125
7 0.3625 0.1875 0.0296875 0.02109375
7 0.5 0.44140625 0.3125 0.04921875
4 0.42265625 0.54609375 0.15703125 0.11875
0 0.5 0.5453125 0.3125 0.1171875
7 0.3625 0.50234375 0.0296875 0.02109375
7 0.58203125 0.5453125 0.1484375 0.09921875
4 0.42265625 0.684375 0.15703125 0.11875
0 0.5 0.68359375 0.3125 0.1171875
7 0.3625 0.640625 0.0296875 0.02109375
7 0.58203125 0.68359375 0.1484375 0.02578125
4 0.42265625 0.821875 0.15703125 0.11875
0 0.5 0.821875 0.3125 0.1171875
7 0.3625 0.77890625 0.0296875 0.02109375
7 0.58203125 0.821875 0.1484375 0.07578125
6 0.48828125 0.91875 0.2890625 0.01953125
6 0.4875 0.97734375 0.28828125 0.01953125
3 0.84296875 0.34609375 0.29296875 0.32578125
2 0.84375 0.57578125 0.2875 0.02890625
4 0.96015625 0.5734375 0.00703125 0.01171875
7 0.97578125 0.57421875 0.02265625 0.01796875
6 0.85 0.621875 0.3 0.01953125
6 0.85 0.6671875 0.3 0.01953125
6 0.77109375 0.7125 0.14140625 0.01953125
6 0.778125 0.75859375 0.15625 0.01953125
7 0.815625 0.8109375 0.08125 0.01796875
7 0.93828125 0.8109375 0.0984375 0.01796875
3 0.84375 0.9140625 0.29296875 0.078125
7 0.84296875 0.98203125 0.3109375 0.0359375