4 0.8046875 0.009375 0.015625 0.0140625
0 0.84375 0.01171875 0.103125 0.0234375
7 0.85625 0.0109375 0.078125 0.021875
0 0.946875 0.01015625 0.075 0.0203125
4 0.0359375 0.0421875 0.0421875 0.084375
0 0.0359375 0.0421875 0.0421875 0.084375
0 0.11875 0.0421875 0.09453125 0.03515625
0 0.2203125 0.0421875 0.11015625 0.03515625
0 0.31171875 0.0421875 0.075 0.03515625
0 0.41328125 0.0421875 0.12890625 0.03515625
1 0.8765625 0.0421875 0.16015625 0.03515625
4 0.97109375 0.0421875 0.028125 0.03515625
4 0.5 0.41015625 1 0.65078125
2 0.275 0.37734375 0.47265625 0.06484375
6 0.3328125 0.459375 0.5875 0.02890625
4 0.25 0.86796875 0.5 0.2640625
2 0.24296875 0.8984375 0.378125 0.13046875
7 0.2421875 0.99765625 0.378125 0.0046875
4 0.75 0.86796875 0.5 0.2640625
2 0.75703125 0.9 0.378125 0.06484375
7 0.75625 0.98203125 0.378125 0.0359375