0 0.04765625 0.07578125 0.09453125 0.05234375
7 0.8140625 0.07578125 0.025 0.01796875
0 0.8140625 0.07578125 0.05546875 0.05234375
4 0.89921875 0.07578125 0.01875 0.02109375
0 0.9359375 0.07578125 0.0921875 0.02109375
7 0.9453125 0.07734375 0.071875 0.0171875
0 0.0484375 0.1484375 0.096875 0.09375
0 0.30546875 0.1484375 0.1296875 0.09375
0 0.4015625 0.1484375 0.065625 0.09375
0 0.4765625 0.1484375 0.0859375 0.09375
0 0.55234375 0.1484375 0.0671875 0.09375
0 0.6390625 0.1484375 0.1078125 0.09375
0 0.72578125 0.1484375 0.06875 0.09375
1 0.8828125 0.146875 0.1953125 0.05234375
7 0.00078125 0.2171875 0.00078125 0.01796875
7 0.5 0.2171875 1 0.01796875
6 0.5015625 0.24609375 0.05 0.01796875
4 0.5 0.63515625 0.890625 0.72890625
2 0.2671875 0.91484375 0.35625 0.1703125
7 0.26796875 0.99375 0.35625 0.01171875
4 0.5 0.5 1 1
7 0.49921875 0.0796875 0.06953125 0.02109375
7 0.49921875 0.103125 0.08671875 0.02109375
4 0.5 0.27578125 0.41015625 0.0625
7 0.5 0.34453125 0.60546875 0.025
7 0.5 0.46015625 0.390625 0.040625
7 0.5 0.49921875 0.390625 0.040625
0 0.42421875 0.64375 0.1375 0.0609375
0 0.57578125 0.64375 0.1375 0.0609375
7 0.5 0.878125 0.60546875 0.025
7 0.5 0.91328125 0.3421875 0.0484375
4 0.7828125 0.03359375 0.01953125 0.02578125
0 0.7828125 0.03359375 0.01953125 0.02578125
7 0.46796875 0.0234375 0.184375 0.01796875
7 0.596875 0.0234375 0.0546875 0.015625
0 0.596875 0.0234375 0.0546875 0.015625