4 0.30703125 0.06875 0.17109375 0.09140625
7 0.5125 0.0640625 0.05078125 0.03515625
7 0.6 0.06328125 0.125 0.040625
7 0.7078125 0.0640625 0.090625 0.03515625
7 0.5 0.14765625 0.55859375 0.01953125
1 0.4453125 0.175 0.4453125 0.0296875
1 0.73125 0.1796875 0.0921875 0.0390625
7 0.29609375 0.2140625 0.13984375 0.0140625
7 0.46875 0.2140625 0.20703125 0.0140625
1 0.23671875 0.24140625 0.0125 0.0171875
7 0.3625 0.2453125 0.23359375 0.0140625
6 0.53984375 0.2453125 0.1234375 0.0140625
7 0.3484375 0.31328125 0.14453125 0.01953125
7 0.4640625 0.31328125 0.0859375 0.01953125
1 0.6203125 0.3109375 0.1703125 0.0296875
7 0.28515625 0.390625 0.09765625 0.02578125
7 0.2734375 0.43984375 0.07421875 0.015625
7 0.3828125 0.4609375 0.29296875 0.015625
7 0.26796875 0.50234375 0.06328125 0.015625
7 0.2828125 0.5234375 0.09296875 0.015625
7 0.28515625 0.61328125 0.09765625 0.02578125
7 0.565625 0.69296875 0.659375 0.12265625
7 0.565625 0.7921875 0.659375 0.03515625
7 0.565625 0.84453125 0.659375 0.06875
6 0.453125 0.9109375 0.0953125 0.021875
6 0.5484375 0.9109375 0.08984375 0.021875