4 0.0234375 0.01640625 0.015625 0.0140625
7 0.17265625 0.0171875 0.26640625 0.01953125
7 0.3234375 0.0171875 0.0203125 0.021875
0 0.3296875 0.0171875 0.0328125 0.01953125
4 0.15703125 0.08125 0.28203125 0.05078125
0 0.15703125 0.08125 0.28203125 0.05078125
1 0.746875 0.08125 0.1875 0.05078125
0 0.8640625 0.08125 0.046875 0.05078125
0 0.93984375 0.08125 0.0890625 0.05078125
4 0.25 0.29375 0.5 0.334375
0 0.25 0.29375 0.5 0.334375
7 0.25 0.37421875 0.46875 0.02734375
0 0.25 0.37421875 0.5 0.06875
4 0.625 0.29375 0.25 0.334375
0 0.625 0.29375 0.25 0.334375
7 0.625 0.3875 0.21875 0.053125
0 0.625 0.3875 0.25 0.0953125
4 0.875 0.29375 0.25 0.334375
0 0.875 0.29375 0.25 0.334375
7 0.875 0.4 0.21875 0.0796875
0 0.875 0.4 0.25 0.12109375
7 0.50390625 0.509375 0.5765625 0.0328125
6 0.50390625 0.57109375 0.49375 0.0328125
2 0.5 0.753125 0.96875 0.07421875
7 0.5 0.84375 0.96875 0.046875
4 0.1671875 0.95390625 0.303125 0.0921875
4 0.5 0.95390625 0.303125 0.0921875
4 0.8328125 0.95390625 0.303125 0.0921875