4 0.03125 0.040625 0.0234375 0.01953125
0 0.03203125 0.040625 0.06328125 0.053125
7 0.15546875 0.03671875 0.07890625 0.04921875
0 0.1390625 0.03828125 0.1515625 0.053125
4 0.5 0.0375 0.1265625 0.06640625
0 0.5 0.040625 0.1265625 0.07421875
0 0.8234375 0.03984375 0.09765625 0.0453125
4 0.9078125 0.03984375 0.03125 0.040625
0 0.9078125 0.040625 0.053125 0.08125
4 0.9609375 0.040625 0.03125 0.040625
0 0.9609375 0.040625 0.053125 0.08125
0 0.5 0.13359375 0.98046875 0.071875
7 0.1359375 0.225 0.20390625 0.071875
6 0.41328125 0.221875 0.11875 0.0328125
6 0.53984375 0.2203125 0.05390625 0.0328125
6 0.64140625 0.2203125 0.071875 0.0328125
6 0.803125 0.2203125 0.17265625 0.0328125
4 0.5 0.646875 1 0.70546875