7 0.42890625 0.034375 0.83203125 0.0484375
6 0.0828125 0.046875 0.0875 0.0234375
7 0.12890625 0.046875 0.00390625 0.0234375
0 0.934375 0.03515625 0.10625 0.04453125
2 0.5 0.1578125 0.1078125 0.11171875
0 0.5 0.1640625 0.1078125 0.125
6 0.1046875 0.2796875 0.17890625 0.025
6 0.2859375 0.2796875 0.0859375 0.025
6 0.425 0.2796875 0.09453125 0.025
6 0.5765625 0.2796875 0.1125 0.025
6 0.70625 0.2796875 0.0484375 0.025
6 0.84765625 0.2796875 0.13671875 0.025
4 0.97421875 0.2796875 0.0203125 0.02578125
4 0.5 0.56640625 1 0.5
2 0.5 0.85625 0.96875 0.03515625
3 0.5 0.95234375 0.48828125 0.0953125