4 0.5 0.06171875 0.11875 0.09765625
0 0.5 0.06171875 0.95703125 0.09765625
6 0.23046875 0.13203125 0.03515625 0.025
6 0.30390625 0.13203125 0.0421875 0.025
6 0.39921875 0.13203125 0.07734375 0.025
6 0.4890625 0.13203125 0.0328125 0.025
6 0.5828125 0.13203125 0.084375 0.025
6 0.6890625 0.13203125 0.0578125 0.025
6 0.7703125 0.13203125 0.034375 0.025
7 0.371875 0.2484375 0.3328125 0.03359375
6 0.6640625 0.2484375 0.2515625 0.03359375
7 0.7921875 0.2484375 0.0046875 0.03359375
2 0.5 0.33046875 0.71875 0.06015625
7 0.36796875 0.409375 0.134375 0.05078125
0 0.36796875 0.42578125 0.2375 0.10703125
6 0.36796875 0.4546875 0.20234375 0.0328125
6 0.296875 0.5046875 0.103125 0.025
6 0.39375 0.5046875 0.06328125 0.025
6 0.46484375 0.5046875 0.05078125 0.025
7 0.63203125 0.409375 0.17109375 0.05078125
0 0.63203125 0.42578125 0.2375 0.10703125
6 0.63203125 0.4546875 0.20234375 0.0328125
6 0.5609375 0.5046875 0.10234375 0.025
6 0.6578125 0.5046875 0.06328125 0.025
6 0.72890625 0.5046875 0.0515625 0.025
7 0.3578125 0.56640625 0.171875 0.03359375
6 0.5859375 0.56640625 0.28515625 0.03359375
4 0.1 0.69453125 0.1171875 0.05078125
0 0.1 0.69453125 0.1171875 0.05078125
6 0.70625 0.69375 0.11875 0.025
6 0.83671875 0.69375 0.12109375 0.025
6 0.93359375 0.69375 0.05078125 0.025
7 0.5 0.7515625 0.91796875 0.02890625
7 0.29375 0.79609375 0.5046875 0.025
6 0.68828125 0.79609375 0.284375 0.025
7 0.83125 0.79609375 0.003125 0.025
6 0.14921875 0.82734375 0.2171875 0.025
7 0.259375 0.82734375 0.003125 0.025
4 0.3734375 0.915625 0.0390625 0.053125
0 0.3734375 0.915625 0.0390625 0.053125
7 0.4390625 0.9015625 0.065625 0.025
6 0.4984375 0.9015625 0.05390625 0.025
7 0.559375 0.9015625 0.0671875 0.025
6 0.52109375 0.915625 0.22578125 0.05234375
6 0.521875 0.92890625 0.090625 0.025