2 0.27265625 0.02578125 0.0953125 0.02578125
0 0.55 0.02578125 0.45 0.02578125
7 0.9734375 0.02578125 0.0328125 0.02578125
0 0.9734375 0.02578125 0.053125 0.02578125
0 0.0296875 0.09140625 0.05859375 0.078125
1 0.34140625 0.09140625 0.565625 0.078125
1 0.34140625 0.09140625 0.565625 0.078125
7 0.68671875 0.09140625 0.12578125 0.078125
0 0.68671875 0.09140625 0.1265625 0.078125
7 0.81171875 0.09140625 0.1265625 0.078125
0 0.81171875 0.09140625 0.1265625 0.078125
7 0.93671875 0.09140625 0.1265625 0.078125
0 0.93671875 0.09140625 0.1265625 0.078125
2 0.25 0.584375 0.4609375 0.08046875
0 0.25 0.390625 0.5 0.52109375
2 0.75 0.32421875 0.4609375 0.08046875
0 0.75 0.26015625 0.5 0.26015625
2 0.75 0.5296875 0.4609375 0.0171875
0 0.75 0.52109375 0.5 0.26015625
2 0.75 0.584375 0.4609375 0.08046875
3 0.5 0.7484375 0.7109375 0.1171875
3 0.81875 0.92265625 0.29375 0.1546875
4 0.1921875 0.9359375 0.3015625 0.12734375
7 0.48125 0.9125 0.24921875 0.07578125
0 0.49296875 0.9125 0.27265625 0.08046875
6 0.37890625 0.96328125 0.0453125 0.01796875
7 0.43828125 0.96328125 0.075 0.01796875