7 0.29140625 0.8234375 0.55390625 0.10546875
6 0.434375 0.85859375 0.084375 0.03515625
0 0.6984375 0.81484375 0.1828125 0.0625
0 0.6984375 0.90390625 0.1828125 0.0625
4 0.06015625 0.0453125 0.090625 0.02734375
0 0.06015625 0.0453125 0.090625 0.08984375
7 0.465625 0.0453125 0.59296875 0.08984375
4 0.87109375 0.0453125 0.01953125 0.02734375
0 0.87109375 0.04609375 0.01953125 0.0296875
4 0.92265625 0.0453125 0.021875 0.02734375
0 0.92265625 0.0453125 0.021875 0.02734375
4 0.975 0.04375 0.01953125 0.01953125
0 0.975 0.0453125 0.01953125 0.01953125
2 0.27265625 0.56171875 0.3625 0.2125
0 0.184375 0.8609375 0.1859375 0.071875