2 0.0890625 0.04140625 0.0953125 0.03359375
0 0.0890625 0.04140625 0.0953125 0.03359375
7 0.8265625 0.04140625 0.046875 0.015625
7 0.9203125 0.04140625 0.046875 0.015625
0 0.9203125 0.04140625 0.078125 0.04140625
7 0.084375 0.11484375 0.0859375 0.0625
0 0.084375 0.11484375 0.0859375 0.0625
7 0.1703125 0.11484375 0.0859375 0.0625
0 0.1703125 0.11484375 0.0859375 0.0625
7 0.25625 0.11484375 0.0859375 0.0625
0 0.25625 0.11484375 0.0859375 0.0625
7 0.33515625 0.11484375 0.040625 0.01796875
0 0.34765625 0.11484375 0.09765625 0.0625
7 0.3703125 0.11484375 0.021875 0.02109375
7 0.45234375 0.11484375 0.1140625 0.0625
0 0.45234375 0.11484375 0.1140625 0.0625
7 0.55234375 0.11484375 0.05546875 0.01796875
0 0.5640625 0.11484375 0.11015625 0.0625
0 0.075 0.18125 0.06875 0.06875
0 0.14375 0.18125 0.06875 0.06875
0 0.2046875 0.18125 0.0546875 0.06875
0 0.259375 0.18125 0.0546875 0.06875
0 0.328125 0.18125 0.08203125 0.06875
0 0.41015625 0.18125 0.08203125 0.06875
0 0.5125 0.18125 0.1234375 0.06875
0 0.62890625 0.18125 0.109375 0.06875
0 0.725 0.18125 0.08203125 0.06875
7 0.91484375 0.18125 0.040625 0.02109375
0 0.91875 0.18125 0.0796875 0.06875
2 0.45390625 0.29921875 0.8265625 0.0390625
4 0.3390625 0.6015625 0.5953125 0.41640625
2 0.32890625 0.88359375 0.575 0.0765625
7 0.06875 0.9484375 0.015625 0.01953125
7 0.2125 0.9484375 0.25859375 0.025
4 0.8140625 0.46015625 0.275 0.13125
7 0.7765625 0.5609375 0.16875 0.0234375
7 0.73125 0.6 0.03828125 0.025
7 0.8140625 0.6453125 0.24375 0.0484375
4 0.8140625 0.778125 0.275 0.13125
7 0.79375 0.87890625 0.20234375 0.0234375
7 0.728125 0.9171875 0.03203125 0.025
7 0.8140625 0.96953125 0.24375 0.0609375