0 0.5 0.00078125 1 0.0015625
4 0.14140625 0.1859375 0.1984375 0.26015625
0 0.140625 0.30859375 0.196875 0.0234375
6 0.11796875 0.3515625 0.15234375 0.0234375
0 0.11796875 0.35234375 0.15234375 0.025
7 0.1 0.42421875 0.04296875 0.0234375
0 0.14140625 0.425 0.1984375 0.04296875
7 0.11484375 0.4671875 0.0734375 0.0234375
0 0.14140625 0.4671875 0.1984375 0.0234375
7 0.0984375 0.5 0.040625 0.0234375
0 0.14140625 0.5 0.1984375 0.0234375
7 0.12109375 0.53125 0.0859375 0.0234375
0 0.14140625 0.53125 0.1984375 0.0234375
7 0.11796875 0.5640625 0.07890625 0.0234375
0 0.14140625 0.5640625 0.1984375 0.0234375
7 0.09453125 0.59609375 0.03203125 0.0234375
0 0.14140625 0.59609375 0.1984375 0.0234375
7 0.1046875 0.62890625 0.053125 0.0234375
0 0.14140625 0.62890625 0.1984375 0.0234375
7 0.103125 0.66015625 0.05078125 0.0234375
0 0.14140625 0.66015625 0.1984375 0.0234375
4 0.1 0.8015625 0.115625 0.11875
0 0.14140625 0.803125 0.1984375 0.12109375
0 0.14140625 0.896875 0.1984375 0.06015625
0 0.14140625 0.93828125 0.1984375 0.01171875
2 0.6421875 0.084375 0.63203125 0.05703125
7 0.6359375 0.22578125 0.61875 0.10546875
0 0.88984375 0.2640625 0.03828125 0.03125
7 0.36171875 0.3015625 0.07109375 0.0296875
7 0.503125 0.3578125 0.3546875 0.0296875
0 0.71171875 0.3578125 0.06640625 0.03125
7 0.6375 0.4703125 0.6234375 0.25625
4 0.54921875 0.8203125 0.44609375 0.359375