4 0.034375 0.05234375 0.0296875 0.0390625
0 0.06171875 0.05234375 0.08515625 0.0390625
7 0.08125 0.05234375 0.04609375 0.03125
7 0.45390625 0.05234375 0.0515625 0.02890625
0 0.46015625 0.05234375 0.08515625 0.0390625
4 0.4875 0.053125 0.0109375 0.0140625
7 0.5484375 0.05234375 0.06640625 0.02890625
0 0.55546875 0.05234375 0.1 0.0390625
4 0.590625 0.053125 0.0109375 0.0140625
7 0.65390625 0.05234375 0.090625 0.0390625
0 0.65390625 0.05234375 0.09453125 0.0390625
7 0.73515625 0.05234375 0.065625 0.0390625
0 0.73515625 0.05234375 0.06953125 0.0390625
7 0.79609375 0.05234375 0.0515625 0.0390625
0 0.79609375 0.05234375 0.05546875 0.0390625
7 0.87578125 0.05234375 0.0609375 0.0390625
0 0.87578125 0.05234375 0.0640625 0.0390625
7 0.94375 0.05234375 0.06953125 0.0390625
0 0.94375 0.05234375 0.0734375 0.0390625
2 0.5 0.2609375 0.7328125 0.10546875
2 0.5 0.34609375 0.55859375 0.0390625
1 0.4578125 0.4109375 0.2484375 0.03515625
7 0.6375 0.4109375 0.0765625 0.0484375
7 0.5 0.4609375 0.35546875 0.02890625
4 0.28515625 0.7484375 0.17578125 0.2359375
0 0.28515625 0.778125 0.21484375 0.2953125
7 0.28515625 0.89765625 0.0953125 0.03515625
4 0.5 0.7484375 0.17578125 0.2359375
0 0.5 0.778125 0.21484375 0.2953125
7 0.5 0.89765625 0.0390625 0.03515625
4 0.71484375 0.7484375 0.17578125 0.2359375
0 0.71484375 0.778125 0.21484375 0.2953125
7 0.71484375 0.89765625 0.115625 0.03515625
4 0.5 0.975 0.91796875 0.04921875