4 0.0390625 0.03671875 0.0390625 0.03359375
0 0.0203125 0.03671875 0.00078125 0.07265625
0 0.7921875 0.03671875 0.0796875 0.0390625
0 0.87890625 0.03671875 0.078125 0.0390625
2 0.5 0.1359375 0.94140625 0.0453125
7 0.5 0.20078125 0.365625 0.06015625
7 0.54296875 0.21640625 0.053125 0.02890625
7 0.5 0.28984375 0.1390625 0.021875
0 0.5 0.2890625 0.1875 0.04921875
4 0.5 0.53828125 0.521875 0.3890625
7 0.50625 0.6609375 0.08203125 0.0296875
4 0.50078125 0.58359375 0.5203125 0.203125
4 0.49921875 0.5640625 0.5203125 0.30234375
4 0.775 0.5640625 0.140625 0.30234375
4 0.83984375 0.58359375 0.140625 0.203125
4 0.5 0.69375 1 0.46875
6 0.1234375 0.79921875 0.115625 0.046875
0 0.5 0.81796875 0.86875 0.02890625
4 0.6453125 0.79921875 0.0765625 0.05234375
4 0.771875 0.79921875 0.0765625 0.05234375
4 0.896875 0.79921875 0.075 0.05234375
2 0.49921875 0.97265625 0.46953125 0.0546875
4 0.80859375 0.88359375 0.359375 0.1265625
7 0.8296875 0.8859375 0.26953125 0.1578125
6 0.82890625 0.8625 0.1515625 0.02734375
7 0.82734375 0.8734375 0.26484375 0.04921875
0 0.83203125 0.9421875 0.2734375 0.04296875