7 0.5 0.83203125 0.9375 0.0703125
7 0.5 0.89453125 0.9375 0.0234375
0 0.846875 0.94765625 0.0703125 0.05234375
0 0.93203125 0.94765625 0.0734375 0.05234375
4 0.3234375 0.05546875 0.05859375 0.0375
6 0.3953125 0.0515625 0.04609375 0.040625
7 0.496875 0.0515625 0.1578125 0.040625
6 0.61171875 0.0515625 0.07109375 0.040625
4 0.68671875 0.0515625 0.0390625 0.04296875
7 0.0484375 0.15078125 0.03515625 0.046875
7 0.30390625 0.15078125 0.47734375 0.046875
7 0.6171875 0.15078125 0.06875 0.02578125
0 0.6171875 0.15078125 0.0875 0.046875
0 0.69453125 0.15078125 0.06953125 0.046875
0 0.796875 0.15078125 0.13671875 0.046875
0 0.9171875 0.15078125 0.10546875 0.046875
4 0.065625 0.2453125 0.06875 0.0296875
1 0.40546875 0.2421875 0.465625 0.05234375
0 0.7015625 0.2421875 0.11796875 0.06484375
0 0.84609375 0.24140625 0.10859375 0.0640625
0 0.9421875 0.24140625 0.053125 0.0375
2 0.5 0.5828125 0.71875 0.26171875
7 0.5 0.8296875 0.5 0.0953125
2 0.5 0.9578125 0.5 0.084375