7 0.81953125 0.0359375 0.1125 0.021875
0 0.8390625 0.0359375 0.29296875 0.071875
7 0.75078125 0.09375 0.0953125 0.02109375
0 0.75078125 0.0953125 0.0953125 0.04453125
7 0.853125 0.09375 0.08203125 0.02109375
0 0.853125 0.0953125 0.08203125 0.04453125
7 0.94140625 0.09375 0.06640625 0.02109375
0 0.94140625 0.0953125 0.06640625 0.04453125
4 0.05 0.0359375 0.0703125 0.0328125
0 0.05 0.0359375 0.0703125 0.0328125
7 0.56640625 0.0359375 0.05078125 0.021875
0 0.5734375 0.0359375 0.1109375 0.0328125
6 0.60625 0.0359375 0.0296875 0.021875
0 0.6609375 0.0359375 0.034375 0.0453125
4 0.74296875 0.2859375 0.44609375 0.334375
0 0.74296875 0.2859375 0.44609375 0.334375
7 0.74296875 0.46171875 0.44609375 0.01953125
2 0.12265625 0.12734375 0.1765625 0.01796875
2 0.25703125 0.2078125 0.446875 0.12109375
0 0.25703125 0.2078125 0.44609375 0.12109375
6 0.25703125 0.31796875 0.44609375 0.0859375
0 0.25703125 0.31796875 0.44609375 0.0859375
2 0.50703125 0.50234375 0.90703125 0.02578125
0 0.5 0.49296875 0.921875 0.0453125
3 0.5 0.7484375 0.93125 0.41640625