4 0.02421875 0.0328125 0.0296875 0.0390625
2 0.5 0.02421875 0.8140625 0.021875
7 0.49296875 0.0953125 0.8 0.08359375
6 0.24140625 0.1265625 0.084375 0.02109375
7 0.4859375 0.1421875 0.7875 0.05234375
6 0.3828125 0.1578125 0.1734375 0.02109375
7 0.02421875 0.23515625 0.0296875 0.0453125
0 0.1125 0.234375 0.225 0.071875
7 0.125 0.2328125 0.171875 0.040625
7 0.8625 0.23515625 0.05078125 0.025
0 0.85625 0.23515625 0.0953125 0.071875
2 0.959375 0.23515625 0.0375 0.025
0 0.95234375 0.23515625 0.0953125 0.071875
7 0.68046875 0.44921875 0.31171875 0.02109375
2 0.74296875 0.53515625 0.43671875 0.12734375
0 0.6140625 0.646875 0.1796875 0.05703125
6 0.4953125 0.86953125 0.1 0.02890625
7 0.49140625 0.9234375 0.06875 0.02109375
0 0.4953125 0.9234375 0.8203125 0.04296875
6 0.4953125 0.97890625 0.1734375 0.01796875