4 0.98046875 0.9390625 0.01953125 0.02890625
7 0.41328125 0.925 0.7296875 0.0484375
6 0.4171875 0.95234375 0.7359375 0.0484375
0 0.86796875 0.9390625 0.1125 0.01953125
0 0.5 0.003125 1 0.00625
4 0.25 0.22265625 0.5 0.4453125
0 0.5 0.24765625 1 0.49453125
2 0.75 0.1140625 0.4375 0.14453125
6 0.75 0.275 0.4375 0.15625
7 0.6125 0.4234375 0.16328125 0.05859375
0 0.06640625 0.56875 0.0703125 0.12890625
0 0.1625 0.54921875 0.06875 0.11171875
0 0.27578125 0.54921875 0.0890625 0.11171875
0 0.396875 0.54921875 0.08515625 0.11171875
0 0.52109375 0.54921875 0.09296875 0.11171875
0 0.63359375 0.54921875 0.0640625 0.11171875
0 0.9109375 0.54921875 0.11796875 0.11171875
1 0.7671875 0.646875 0.05 0.04296875
7 0.83671875 0.646875 0.090625 0.04296875
0 0.83671875 0.646875 0.090625 0.04296875
1 0.92265625 0.646875 0.06171875 0.04296875
2 0.5 0.51015625 0.8984375 0.03359375
2 0.184375 0.7640625 0.30625 0.178125
7 0.184375 0.915625 0.30625 0.0875
0 0.09765625 0.99453125 0.1328125 0.01015625
4 0.69921875 0.8015625 0.6015625 0.396875
7 0.18125 0.7203125 0.3625 0.05625
2 0.15 0.81875 0.3 0.025
1 0.15 0.87890625 0.3 0.0578125
1 0.24765625 0.8796875 0.10625 0.05859375
2 0.1109375 0.978125 0.20234375 0.025