7 0.5328125 0.11171875 0.1125 0.03671875
0 0.56953125 0.11171875 0.1859375 0.03671875
7 0.61640625 0.11171875 0.04296875 0.01796875
2 0.2328125 0.10078125 0.3828125 0.0921875
0 0.88671875 0.0703125 0.0609375 0.02578125
0 0.9390625 0.0703125 0.03984375 0.02578125
1 0.8 0.11171875 0.25625 0.0390625
0 0.9421875 0.11171875 0.0328125 0.0390625
0 0.0609375 0.2234375 0.0390625 0.06875
0 0.16875 0.22421875 0.1765625 0.0703125
0 0.3203125 0.22421875 0.1265625 0.0703125
0 0.44453125 0.22421875 0.12109375 0.0703125
0 0.60390625 0.22421875 0.1984375 0.0703125
0 0.75703125 0.22421875 0.1078125 0.0703125
0 0.884375 0.22421875 0.1484375 0.0703125
7 0.5 0.31015625 0.91796875 0.04921875
6 0.25859375 0.37890625 0.3953125 0.02109375
0 0.9453125 0.303125 0.015625 0.02109375
0 0.0484375 0.4515625 0.015625 0.0078125
7 0.8453125 0.76875 0.0125 0.0171875
7 0.8609375 0.76875 0.0125 0.0171875
7 0.8765625 0.76875 0.0125 0.0171875
7 0.8921875 0.76875 0.0125 0.0171875
7 0.90703125 0.76875 0.01171875 0.0171875
0 0.05859375 0.62578125 0.03515625 0.0765625
0 0.94140625 0.62578125 0.03515625 0.0765625
0 0.30859375 0.86875 0.20703125 0.05234375
0 0.50859375 0.86875 0.19453125 0.05234375
0 0.7 0.86875 0.190625 0.05234375
4 0.12421875 0.99296875 0.1671875 0.0140625
0 0.2703125 0.99296875 0.459375 0.0140625
7 0.3546875 0.99375 0.234375 0.01171875
4 0.58359375 0.99296875 0.1671875 0.0140625
0 0.7296875 0.99296875 0.459375 0.0140625
7 0.8234375 0.99375 0.25390625 0.01171875