4 0.03203125 0.03671875 0.01953125 0.02578125
0 0.06484375 0.03671875 0.08515625 0.03125
7 0.0796875 0.03671875 0.05546875 0.02109375
4 0.15546875 0.03515625 0.0171875 0.0234375
0 0.18125 0.03515625 0.06953125 0.02890625
7 0.19453125 0.03671875 0.04296875 0.02109375
7 0.83984375 0.03828125 0.0234375 0.021875
0 0.825 0.03828125 0.053125 0.03515625
7 0.95390625 0.0375 0.04765625 0.021875
0 0.934375 0.0375 0.08671875 0.0328125
2 0.50703125 0.0359375 0.29375 0.05859375
0 0.50703125 0.0359375 0.29375 0.05859375
3 0.83125 0.54140625 0.29296875 0.78125
7 0.73359375 0.9921875 0.0984375 0.015625
0 0.803125 0.98515625 0.034375 0.0296875
0 0.8421875 0.98515625 0.034375 0.0296875
0 0.88125 0.98515625 0.034375 0.0296875
0 0.9203125 0.98515625 0.034375 0.0296875
0 0.959375 0.98515625 0.034375 0.0296875
4 0.346875 0.4390625 0.6484375 0.57578125
0 0.346875 0.4390625 0.6484375 0.57578125
2 0.346875 0.62265625 0.609375 0.15625
0 0.346875 0.62265625 0.6484375 0.16953125
4 0.17890625 0.87578125 0.3140625 0.2484375
0 0.17890625 0.87578125 0.3140625 0.2484375
2 0.1796875 0.95234375 0.275 0.0953125
0 0.1796875 0.9453125 0.3140625 0.109375
4 0.51328125 0.87578125 0.3140625 0.2484375
0 0.51328125 0.87578125 0.3140625 0.2484375
2 0.5140625 0.95234375 0.275 0.0953125
0 0.5140625 0.9453125 0.3140625 0.109375