3 0.5 0.178125 1 0.35625
4 0.04609375 0.384375 0.01640625 0.02109375
0 0.04609375 0.384375 0.034375 0.04296875
4 0.0875 0.384375 0.01640625 0.02109375
0 0.0875 0.384375 0.034375 0.04296875
0 0.15 0.375 0.025 0.02578125
0 0.15 0.375 0.025 0.02578125
0 0.4515625 0.38125 0.059375 0.0296875
0 0.5109375 0.38125 0.06171875 0.0296875
0 0.559375 0.38125 0.0375 0.0296875
0 0.834375 0.384375 0.11796875 0.04140625
0 0.834375 0.384375 0.11796875 0.04140625
0 0.93125 0.384375 0.0640625 0.04140625
0 0.93125 0.384375 0.0640625 0.04140625
7 0.0890625 0.4609375 0.11875 0.015625
0 0.93359375 0.459375 0.07421875 0.02890625
4 0.5 0.4390625 0.4203125 0.0765625
0 0.5 0.4390625 0.4203125 0.07578125
0 0.10625 0.5078125 0.0375 0.03125
0 0.14140625 0.5078125 0.0296875 0.03125
0 0.18046875 0.5078125 0.0453125 0.03125
0 0.21875 0.5078125 0.02734375 0.03125
0 0.2609375 0.5078125 0.0515625 0.03125
0 0.31171875 0.5078125 0.04609375 0.03125
0 0.35234375 0.5078125 0.03125 0.03125
0 0.39375 0.5078125 0.04765625 0.03125
0 0.440625 0.5078125 0.040625 0.03125
0 0.4828125 0.5078125 0.03984375 0.03125
0 0.51875 0.5078125 0.028125 0.03125
0 0.5546875 0.5078125 0.0390625 0.03125
0 0.59296875 0.5078125 0.0328125 0.03125
0 0.6265625 0.5078125 0.03125 0.03125
0 0.66328125 0.5078125 0.0375 0.03125
0 0.71171875 0.5078125 0.05546875 0.03125
0 0.7734375 0.5078125 0.0640625 0.03125
0 0.84140625 0.5078125 0.065625 0.03125
0 0.89375 0.5078125 0.0359375 0.03125
4 0.05625 0.5828125 0.0546875 0.071875
0 0.05625 0.5828125 0.0546875 0.071875
2 0.15703125 0.56640625 0.128125 0.01796875
0 0.1859375 0.5828125 0.18671875 0.0640625
6 0.1859375 0.59453125 0.18671875 0.040625
2 0.38359375 0.5765625 0.15 0.0171875
0 0.40234375 0.5828125 0.1875 0.04296875
6 0.40234375 0.59453125 0.1875 0.01953125
4 0.553125 0.5828125 0.0546875 0.071875
0 0.553125 0.5828125 0.0546875 0.071875
2 0.65859375 0.56640625 0.13984375 0.01796875
0 0.68125 0.5828125 0.1859375 0.0640625
6 0.68125 0.59453125 0.1859375 0.040625
4 0.82109375 0.5796875 0.034375 0.0296875
7 0.85625 0.56953125 0.03125 0.01953125
7 0.8890625 0.57109375 0.01953125 0.0140625
7 0.9078125 0.57109375 0.0171875 0.0140625
7 0.88671875 0.59140625 0.0921875 0.02109375
2 0.125 0.71484375 0.19140625 0.109375
0 0.14375 0.8296875 0.228125 0.33984375
6 0.14375 0.85 0.228125 0.1234375
6 0.14375 0.959375 0.228125 0.08046875
2 0.509375 0.984375 0.43671875 0.03125
4 0.49921875 0.83671875 0.45625 0.3265625
0 0.49921875 0.83671875 0.45625 0.3265625
2 0.7953125 0.67421875 0.0671875 0.02109375
7 0.875 0.67421875 0.07421875 0.02109375
2 0.78203125 0.72421875 0.03984375 0.01796875
0 0.78671875 0.72421875 0.05 0.01796875
2 0.85859375 0.77734375 0.18046875 0.06484375
2 0.86796875 0.85703125 0.19921875 0.06484375
2 0.85625 0.9359375 0.17578125 0.06484375
2 0.78984375 0.99296875 0.0578125 0.0140625
0 0.79453125 0.99296875 0.0671875 0.0140625