7 0.5 0.0328125 1 0.0390625
7 0.5 0.071875 1 0.0390625
4 0.4234375 0.20078125 0.02265625 0.02890625
0 0.4234375 0.20078125 0.03046875 0.0390625
0 0.4578125 0.20078125 0.03046875 0.0390625
6 0.53203125 0.19921875 0.1046875 0.02890625
0 0.53359375 0.20078125 0.11640625 0.0390625
0 0.30078125 0.1390625 0.0765625 0.04296875
0 0.41640625 0.13671875 0.1140625 0.0390625
0 0.52421875 0.13671875 0.06171875 0.0390625
0 0.60546875 0.13671875 0.0625 0.0390625
0 0.696875 0.13671875 0.08125 0.0390625
4 0.49921875 0.5 0.9984375 1
2 0.5 0.41015625 1 0.1171875
7 0.396875 0.5078125 0.109375 0.02578125
4 0.471875 0.5078125 0.0203125 0.02578125
4 0.49140625 0.50625 0.0203125 0.02578125
4 0.5109375 0.5078125 0.0203125 0.02578125
7 0.590625 0.5078125 0.1328125 0.02578125
7 0.26875 0.61015625 0.10859375 0.04296875
0 0.26875 0.6109375 0.215625 0.06484375
0 0.5 0.6109375 0.21484375 0.06484375
0 0.73125 0.6109375 0.215625 0.06484375
7 0.49921875 0.7171875 0.64375 0.03515625
7 0.49921875 0.81875 0.69609375 0.03515625
4 0.55546875 0.9953125 0.78203125 0.009375