3 0.50078125 0.9546875 0.9984375 0.08203125
0 0.95546875 0.95703125 0.0484375 0.04765625
7 0.4671875 0.9578125 0.89765625 0.03203125
2 0.14765625 0.0484375 0.184375 0.06640625
3 0.5015625 0.22421875 0.7125 0.11796875
4 0.22734375 0.22421875 0.16171875 0.11875
6 0.909375 0.1234375 0.05859375 0.0265625
6 0.97421875 0.12109375 0.0375 0.02109375
0 0.03125 0.121875 0.0296875 0.04453125
4 0.03125 0.12109375 0.0203125 0.0296875
2 0.6984375 0.34453125 0.18515625 0.034375
2 0.19609375 0.33984375 0.3765625 0.02890625
2 0.3 0.73671875 0.57421875 0.13203125
2 0.28671875 0.39453125 0.55390625 0.034375
6 0.52265625 0.38828125 0.06640625 0.03046875
7 0.78984375 0.4171875 0.371875 0.0578125
7 0.79140625 0.50546875 0.36484375 0.05546875
7 0.7890625 0.60703125 0.37265625 0.08046875
7 0.79609375 0.72578125 0.38125 0.08359375
7 0.7984375 0.83046875 0.38671875 0.0546875
7 0.796875 0.90390625 0.38828125 0.028125
7 0.11484375 0.4875 0.13203125 0.1375
7 0.3078125 0.48515625 0.15 0.14921875
7 0.49296875 0.48671875 0.13984375 0.14375
6 0.790625 0.23046875 0.0765625 0.03203125
7 0.48203125 0.2203125 0.32890625 0.0796875