0 0.76796875 0.0265625 0.090625 0.02734375
7 0.865625 0.0203125 0.0703125 0.021875
4 0.17265625 0.103125 0.28046875 0.0765625
0 0.17265625 0.1015625 0.28046875 0.0234375
0 0.3515625 0.12734375 0.04296875 0.0703125
0 0.4265625 0.12734375 0.0796875 0.0703125
0 0.51875 0.12734375 0.07734375 0.0703125
0 0.6140625 0.12734375 0.0859375 0.0703125
0 0.70625 0.12734375 0.0703125 0.0703125
0 0.78359375 0.12734375 0.0578125 0.0703125
0 0.85859375 0.12734375 0.065625 0.0703125
0 0.93671875 0.12734375 0.0625 0.0703125
2 0.534375 0.2265625 0.853125 0.07265625
2 0.75390625 0.2890625 0.4140625 0.07265625
4 0.8296875 0.63125 0.340625 0.4546875
2 0.2234375 0.97421875 0.228125 0.0515625
2 0.50546875 0.96484375 0.221875 0.0703125
2 0.78671875 0.96484375 0.13359375 0.0703125