4 0.2140625 0.0625 0.365625 0.078125
4 0.5109375 0.0296875 0.0296875 0.02734375
7 0.628125 0.02734375 0.1859375 0.02578125
4 0.75078125 0.02734375 0.0421875 0.04453125
4 0.79609375 0.02734375 0.04375 0.04453125
4 0.84296875 0.02734375 0.04375 0.04453125
4 0.8875 0.02734375 0.04375 0.04453125
4 0.934375 0.02734375 0.0453125 0.04453125
6 0.8609375 0.09375 0.025 0.01796875
6 0.9203125 0.09375 0.05859375 0.01796875
4 0.06171875 0.15703125 0.0296875 0.0328125
6 0.3671875 0.15703125 0.11328125 0.02734375
1 0.76484375 0.1546875 0.1203125 0.01953125
7 0.8359375 0.15390625 0.00390625 0.03125
4 0.871875 0.15546875 0.0125 0.0171875
0 0.871875 0.15546875 0.03828125 0.0328125
0 0.9265625 0.15625 0.06171875 0.01796875
7 0.0171875 0.40390625 0.034375 0.43203125
7 0.28828125 0.3125 0.4296875 0.15625
6 0.23046875 0.46640625 0.2953125 0.02578125
7 0.76171875 0.58828125 0.00625 0.015625
0 0.7625 0.58828125 0.02265625 0.02890625
7 0.78828125 0.58828125 0.00703125 0.015625
0 0.78828125 0.58828125 0.02265625 0.02890625
7 0.81484375 0.58828125 0.00703125 0.015625
0 0.81484375 0.58828125 0.02265625 0.02890625
7 0.8421875 0.58828125 0.0078125 0.015625
0 0.8421875 0.58828125 0.0234375 0.02890625
7 0.86796875 0.58828125 0.00703125 0.015625
0 0.86796875 0.58828125 0.02265625 0.02890625
7 0.89375 0.58828125 0.00703125 0.015625
0 0.89375 0.58828125 0.02265625 0.02890625
7 0.15546875 0.67421875 0.2 0.046875
7 0.3734375 0.678125 0.21484375 0.07265625
4 0.52578125 0.6796875 0.07109375 0.08828125
7 0.5890625 0.66015625 0.0265625 0.01796875
7 0.6046875 0.678125 0.0578125 0.015625
7 0.596875 0.696875 0.040625 0.015625
4 0.85078125 0.68125 0.16796875 0.046875
2 0.334375 0.78125 0.60546875 0.03359375
7 0.52890625 0.7828125 0.00703125 0.01796875
6 0.5703125 0.7828125 0.0703125 0.01796875
4 0.01796875 0.87109375 0.0359375 0.1171875
6 0.00546875 0.96640625 0.0109375 0.03359375
4 0.1171875 0.87109375 0.1171875 0.1171875
6 0.10078125 0.96640625 0.08125 0.03359375
4 0.25703125 0.87109375 0.1171875 0.1171875
6 0.2421875 0.97421875 0.084375 0.0515625
4 0.396875 0.87109375 0.1171875 0.1171875
6 0.3875 0.95703125 0.0953125 0.015625
4 0.5359375 0.87109375 0.1171875 0.1171875
6 0.53046875 0.96640625 0.1015625 0.03359375
4 0.67578125 0.87109375 0.1171875 0.1171875
6 0.67265625 0.96640625 0.10625 0.03359375
4 0.815625 0.87109375 0.1171875 0.1171875
6 0.81796875 0.95703125 0.11796875 0.015625
4 0.9484375 0.87109375 0.103125 0.1171875
6 0.93046875 0.95703125 0.0640625 0.015625
7 0.8109375 0.7984375 0.2796875 0.11953125
4 0.81796875 0.9734375 0.2953125 0.053125