4 0.0765625 0.0328125 0.06171875 0.02578125
0 0.82421875 0.0328125 0.0859375 0.06484375
0 0.9109375 0.03203125 0.08671875 0.040625
0 0.24765625 0.0328125 0.0734375 0.06484375
0 0.34296875 0.0328125 0.0734375 0.06484375
0 0.42890625 0.0328125 0.0921875 0.06484375
0 0.51796875 0.0328125 0.08125 0.06484375
0 0.61953125 0.0328125 0.11640625 0.06484375
4 0.5 0.259375 1 0.51796875
2 0.08125 0.11796875 0.04765625 0.021875
0 0.26328125 0.11796875 0.434375 0.0484375
2 0.115625 0.11796875 0.01953125 0.021875
6 0.26484375 0.11875 0.2390625 0.01796875
7 0.43671875 0.11796875 0.071875 0.02734375
2 0.28828125 0.2203125 0.48515625 0.05859375
2 0.2921875 0.2859375 0.49296875 0.0921875
7 0.23515625 0.35859375 0.378125 0.025
7 0.24453125 0.3859375 0.39765625 0.025
7 0.10234375 0.4546875 0.07421875 0.025
6 0.21171875 0.4546875 0.128125 0.025
7 0.096875 0.52890625 0.06953125 0.02578125
0 0.12890625 0.52890625 0.165625 0.05703125
7 0.16328125 0.52890625 0.06328125 0.02578125
0 0.3078125 0.52890625 0.153125 0.0546875
4 0.8078125 0.35234375 0.07109375 0.10546875
0 0.80390625 0.36015625 0.07890625 0.025
4 0.8125 0.39921875 0.3125 0.384375
2 0.35546875 0.71171875 0.04296875 0.0484375
2 0.409375 0.71171875 0.0671875 0.0484375
2 0.55390625 0.71171875 0.22265625 0.0484375
4 0.0109375 0.87578125 0.021875 0.084375
7 0.18515625 0.809375 0.278125 0.021875
4 0.0921875 0.8703125 0.06328125 0.084375
0 0.0921875 0.88359375 0.0734375 0.1109375
6 0.0921875 0.92890625 0.028125 0.01953125
4 0.18515625 0.8703125 0.06328125 0.084375
0 0.18515625 0.88359375 0.0734375 0.1109375
6 0.18515625 0.92890625 0.02421875 0.01953125
4 0.278125 0.8703125 0.06328125 0.084375
0 0.278125 0.88359375 0.0734375 0.1109375
6 0.278125 0.92890625 0.03203125 0.01953125
7 0.5 0.809375 0.2796875 0.021875
4 0.40703125 0.8703125 0.0640625 0.084375
0 0.40703125 0.88359375 0.07421875 0.1109375
6 0.40703125 0.92890625 0.0421875 0.01953125
4 0.5 0.8703125 0.0640625 0.084375
0 0.5 0.88359375 0.07421875 0.1109375
6 0.49921875 0.92890625 0.06171875 0.01953125
4 0.59296875 0.8703125 0.0640625 0.084375
0 0.59296875 0.88359375 0.07421875 0.1109375
6 0.59296875 0.92890625 0.0546875 0.01953125
7 0.8140625 0.809375 0.2796875 0.021875
4 0.721875 0.8703125 0.0640625 0.084375
0 0.721875 0.88359375 0.07421875 0.1109375
6 0.721875 0.92890625 0.0546875 0.01953125
4 0.8140625 0.8703125 0.0640625 0.084375
0 0.8140625 0.88359375 0.07421875 0.1109375
6 0.8140625 0.92890625 0.02734375 0.01953125
4 0.90703125 0.8703125 0.0640625 0.084375
0 0.90703125 0.88359375 0.07421875 0.1109375
6 0.90703125 0.92890625 0.0546875 0.01953125
4 0.984375 0.87578125 0.03125 0.084375
7 0.1390625 0.9953125 0.1859375 0.009375
7 0.3828125 0.9953125 0.1859375 0.009375
7 0.6171875 0.9953125 0.1859375 0.009375
7 0.8609375 0.9953125 0.1859375 0.009375
4 0.5 0.3625 0.0921875 0.040625
7 0.0921875 0.45703125 0.0921875 0.02890625
6 0.109375 0.49921875 0.1265625 0.021875
6 0.0859375 0.52421875 0.0796875 0.021875
6 0.065625 0.5484375 0.03984375 0.021875
6 0.096875 0.58671875 0.1015625 0.021875
6 0.11015625 0.62421875 0.128125 0.021875
7 0.090625 0.67421875 0.08984375 0.02890625
6 0.10703125 0.7171875 0.121875 0.021875
6 0.0671875 0.74140625 0.0421875 0.021875
6 0.0765625 0.7796875 0.06171875 0.021875
6 0.06875 0.80390625 0.0453125 0.021875
6 0.08515625 0.82890625 0.07890625 0.021875
7 0.2625 0.45703125 0.06953125 0.02890625
6 0.29296875 0.49921875 0.13125 0.021875
6 0.253125 0.5375 0.05078125 0.021875
6 0.2546875 0.56171875 0.05390625 0.021875
6 0.271875 0.6 0.0875 0.021875
6 0.2828125 0.62421875 0.1109375 0.021875
6 0.259375 0.6625 0.06328125 0.021875
7 0.4453125 0.45703125 0.0703125 0.02890625
6 0.4515625 0.49921875 0.0828125 0.021875
6 0.43515625 0.52421875 0.05 0.021875
6 0.43125 0.56171875 0.04296875 0.021875
6 0.425 0.58671875 0.0296875 0.021875
6 0.44453125 0.6109375 0.06875 0.021875
6 0.42578125 0.64921875 0.03125 0.021875
6 0.45234375 0.68671875 0.084375 0.021875
6 0.446875 0.71171875 0.0734375 0.021875
6 0.428125 0.74921875 0.0359375 0.021875
7 0.45 0.74921875 0.009375 0.021875
6 0.47734375 0.74921875 0.046875 0.021875
7 0.5046875 0.74921875 0.009375 0.021875
6 0.52734375 0.74921875 0.0375 0.021875
6 0.43671875 0.77421875 0.053125 0.021875
7 0.4671875 0.77421875 0.009375 0.021875
6 0.48359375 0.77421875 0.0265625 0.021875
4 0.68046875 0.4546875 0.0203125 0.02734375
7 0.71953125 0.45390625 0.05 0.021875
7 0.8015625 0.56640625 0.2640625 0.1015625
7 0.8078125 0.67578125 0.2765625 0.046875
7 0.09765625 0.9671875 0.103125 0.01796875
4 0.17734375 0.965625 0.04609375 0.01953125
0 0.1234375 0.9671875 0.1546875 0.01796875