6 0.12109375 0.0140625 0.08984375 0.01953125
7 0.17109375 0.0140625 0.0140625 0.01953125
6 0.2125 0.0140625 0.07109375 0.01953125
7 0.6359375 0.0140625 0.046875 0.01953125
7 0.6625 0.0140625 0.0109375 0.01953125
6 0.69296875 0.0140625 0.05 0.01953125
7 0.72109375 0.0140625 0.0109375 0.01953125
6 0.75 0.0140625 0.046875 0.01953125
7 0.778125 0.0140625 0.01171875 0.01953125
6 0.80546875 0.0140625 0.04609375 0.01953125
7 0.834375 0.0140625 0.01171875 0.01953125
6 0.8640625 0.0140625 0.0515625 0.01953125
7 0.8953125 0.0140625 0.01171875 0.01953125
6 0.91171875 0.0140625 0.02421875 0.01953125
4 0.24765625 0.1265625 0.34296875 0.1640625
0 0.24765625 0.1265625 0.34296875 0.1640625
1 0.81015625 0.071875 0.1765625 0.0375
4 0.9125 0.07265625 0.015625 0.02109375
0 0.9125 0.071875 0.0296875 0.0375
0 0.56953125 0.14453125 0.26484375 0.0546875
0 0.82109375 0.14453125 0.20625 0.0546875
7 0.1140625 0.28671875 0.0390625 0.05234375
4 0.1140625 0.3359375 0.0421875 0.015625
7 0.2046875 0.28671875 0.06640625 0.05234375
7 0.3109375 0.28671875 0.04765625 0.05234375
7 0.4171875 0.28671875 0.103125 0.05234375
7 0.5234375 0.28671875 0.103125 0.05234375
7 0.6296875 0.28671875 0.103125 0.05234375
7 0.7359375 0.28671875 0.103125 0.05234375
7 0.85703125 0.28671875 0.13203125 0.05234375
7 0.17109375 0.428125 0.1640625 0.04296875
0 0.16796875 0.42734375 0.18359375 0.0859375
4 0.2609375 0.428125 0.01171875 0.05625
7 0.17109375 0.5140625 0.1640625 0.04296875
0 0.16796875 0.51328125 0.18359375 0.0859375
4 0.2640625 0.5140625 0.0109375 0.021875
7 0.17109375 0.6 0.1640625 0.04296875
0 0.16796875 0.59921875 0.18359375 0.0859375
4 0.2640625 0.6 0.0109375 0.021875
7 0.17109375 0.6859375 0.1640625 0.04296875
0 0.16796875 0.68515625 0.18359375 0.0859375
4 0.2640625 0.6859375 0.0109375 0.021875
7 0.17109375 0.771875 0.1640625 0.04296875
0 0.16796875 0.77109375 0.18359375 0.0859375
4 0.2640625 0.771875 0.0109375 0.021875
6 0.4953125 0.4125 0.3953125 0.05078125
4 0.4875 0.5984375 0.3796875 0.27734375
7 0.48359375 0.83125 0.371875 0.13125
0 0.35625 0.91640625 0.1171875 0.03359375
0 0.63984375 0.91640625 0.0765625 0.03359375
4 0.83203125 0.42578125 0.18359375 0.08359375
3 0.83203125 0.6703125 0.18359375 0.353125
7 0.77421875 0.8765625 0.06875 0.021875
4 0.75546875 0.9109375 0.03046875 0.040625
4 0.78828125 0.9109375 0.03046875 0.040625
4 0.82109375 0.9109375 0.03046875 0.040625
4 0.85390625 0.9109375 0.03046875 0.040625
4 0.8875 0.9109375 0.03046875 0.040625
7 0.80703125 0.9796875 0.13359375 0.021875
4 0.75078125 0.996875 0.0203125 0.00625
7 0.790625 0.99921875 0.0625 0.0015625
4 0.8421875 0.996875 0.0203125 0.00625
7 0.878125 0.99921875 0.05390625 0.0015625