7 0.515625 0.14609375 0.96875 0.1796875
7 0.20546875 0.28828125 0.0578125 0.025
0 0.20546875 0.28828125 0.096875 0.0375
7 0.3 0.28828125 0.05390625 0.025
0 0.3 0.28828125 0.09296875 0.0375
7 0.39140625 0.28828125 0.05 0.025
0 0.39140625 0.28828125 0.0890625 0.0375
7 0.4734375 0.28828125 0.0375 0.025
0 0.4734375 0.28828125 0.0765625 0.0375
7 0.56875 0.28828125 0.075 0.025
0 0.56875 0.28828125 0.1140625 0.0375
7 0.66015625 0.28828125 0.0296875 0.025
0 0.66015625 0.28828125 0.06875 0.0375
1 0.78671875 0.2921875 0.1453125 0.021875
2 0.19609375 0.3375 0.3296875 0.0296875
7 0.03828125 0.3671875 0.0140625 0.01796875
7 0.1140625 0.3671875 0.1375 0.01796875
7 0.19140625 0.3671875 0.0171875 0.01796875
7 0.24140625 0.3671875 0.08203125 0.01796875
4 0.321875 0.70390625 0.58125 0.5921875
4 0.725 0.4140625 0.09765625 0.18203125
7 0.88515625 0.4046875 0.2 0.1640625
6 0.92734375 0.475 0.0359375 0.0234375
7 0.9578125 0.475 0.025 0.0234375
6 0.8328125 0.4984375 0.09453125 0.0234375
7 0.8828125 0.51015625 0.1953125 0.046875
6 0.8296875 0.5453125 0.08984375 0.0234375
7 0.8921875 0.5453125 0.034375 0.0234375
2 0.83671875 0.5921875 0.3265625 0.0234375
4 0.73125 0.64609375 0.03125 0.04140625
4 0.77265625 0.64609375 0.03125 0.04140625
4 0.81328125 0.64609375 0.03125 0.04140625
4 0.8546875 0.64609375 0.03125 0.04140625
4 0.8953125 0.64609375 0.03125 0.04140625
4 0.93671875 0.64609375 0.03125 0.04140625
2 0.83671875 0.7171875 0.3265625 0.0234375
6 0.78203125 0.76171875 0.2171875 0.0234375
6 0.821875 0.79609375 0.296875 0.025
6 0.76640625 0.83125 0.1859375 0.025
6 0.77578125 0.86640625 0.20390625 0.025
6 0.7828125 0.9015625 0.21796875 0.025
6 0.8328125 0.93671875 0.31875 0.025