4 0.06171875 0.1 0.0796875 0.10703125
0 0.06171875 0.1 0.0796875 0.10703125
0 0.63828125 0.078125 0.03828125 0.0625
5 0.71484375 0.1421875 0.19140625 0.02109375
1 0.7890625 0.18125 0.33984375 0.04140625
5 0.64921875 0.24453125 0.059375 0.02109375
1 0.7890625 0.28359375 0.33984375 0.04140625
1 0.7890625 0.35546875 0.33984375 0.04140625
6 0.78828125 0.41953125 0.065625 0.01796875
7 0.7890625 0.484375 0.0953125 0.0234375
0 0.7046875 0.54296875 0.09375 0.04140625
4 0.7953125 0.54296875 0.03125 0.04140625
0 0.7953125 0.54296875 0.03125 0.04140625
4 0.85 0.54296875 0.03125 0.04140625
0 0.85 0.54296875 0.03125 0.04140625
4 0.9046875 0.54296875 0.03125 0.04140625
0 0.9046875 0.54296875 0.03125 0.04140625
7 0.30078125 0.64453125 0.53515625 0.02578125
4 0.053125 0.7046875 0.0390625 0.05234375
0 0.053125 0.7046875 0.0390625 0.05234375
6 0.11796875 0.69296875 0.0671875 0.01796875
7 0.12578125 0.7171875 0.084375 0.01953125
7 0.15390625 0.78671875 0.24140625 0.07578125
4 0.30078125 0.7875 0.53515625 0.08203125
4 0.3 0.91875 0.534375 0.1625
3 0.796875 0.8140625 0.234375 0.37109375
4 0.0484375 0.93359375 0.015625 0.02109375
0 0.0703125 0.93359375 0.05859375 0.01796875
7 0.08046875 0.93359375 0.03828125 0.01796875
6 0.15390625 0.93359375 0.07734375 0.01796875
6 0.21328125 0.93359375 0.01484375 0.01796875
6 0.246875 0.93359375 0.0203125 0.01796875
6 0.2828125 0.93359375 0.02421875 0.01796875
6 0.37578125 0.93359375 0.13125 0.01796875
6 0.47109375 0.93359375 0.03046875 0.01796875
6 0.51875 0.93359375 0.0359375 0.01796875
6 0.57734375 0.93359375 0.05390625 0.01796875
6 0.67109375 0.93359375 0.1015625 0.01796875
7 0.1578125 0.9703125 0.23359375 0.01796875
7 0.7796875 0.30625 0.36328125 0.04921875
7 0.76875 0.44140625 0.3421875 0.22109375
7 0.68828125 0.58359375 0.18125 0.03125
7 0.6421875 0.62109375 0.08984375 0.03125
7 0.68828125 0.65859375 0.18046875 0.03125
7 0.703125 0.696875 0.2109375 0.03125
7 0.6375 0.734375 0.0796875 0.03125
7 0.69375 0.8796875 0.0625 0.021875
0 0.68828125 0.8796875 0.17578125 0.040625
7 0.8703125 0.8796875 0.053125 0.021875
0 0.8703125 0.8796875 0.17578125 0.040625
0 0.7796875 0.9328125 0.09375 0.04296875
4 0.94140625 0.29140625 0.0390625 0.05234375
4 0.5890625 0.959375 0.015625 0.0140625