4 0.1109375 0.0578125 0.16796875 0.053125
0 0.1109375 0.0578125 0.16796875 0.0875
7 0.2703125 0.05703125 0.08515625 0.02890625
0 0.2765625 0.0578125 0.13125 0.053125
4 0.31953125 0.059375 0.00859375 0.01171875
0 0.3828125 0.0578125 0.084375 0.053125
0 0.49453125 0.0578125 0.14140625 0.053125
7 0.62109375 0.05703125 0.078125 0.02890625
0 0.6265625 0.0578125 0.12421875 0.053125
4 0.6671875 0.059375 0.00859375 0.01171875
7 0.740625 0.05703125 0.07109375 0.02890625
0 0.74609375 0.0578125 0.1171875 0.053125
4 0.78359375 0.059375 0.00859375 0.01171875
0 0.8390625 0.0578125 0.0453125 0.0609375
0 0.92890625 0.0578125 0.0875 0.0609375
7 0.31875 0.1859375 0.04765625 0.02890625
0 0.5 0.1859375 0.42578125 0.04921875
7 0.52578125 0.1859375 0.35859375 0.02890625
4 0.6953125 0.7328125 0.609375 0.40390625
2 0.34296875 0.3375 0.6046875 0.1484375
7 0.26484375 0.52734375 0.446875 0.171875
0 0.10390625 0.6953125 0.12578125 0.06015625
0 0.253125 0.6953125 0.1296875 0.06015625
7 0.10078125 0.7578125 0.11875 0.02109375
4 0.9515625 0.93515625 0.02734375 0.04140625
0 0.9515625 0.93515625 0.05859375 0.078125