7 0.32265625 0.01875 0.184375 0.025
7 0.4671875 0.01875 0.10625 0.025
6 0.56875 0.01875 0.0984375 0.025
7 0.69375 0.01875 0.15234375 0.025
4 0.1484375 0.09453125 0.2046875 0.0328125
7 0.8875 0.0953125 0.1046875 0.02578125
0 0.8875 0.0953125 0.1046875 0.02578125
7 0.5 0.26796875 0.60546875 0.02578125
7 0.5 0.35 0.60546875 0.10703125
1 0.5 0.45859375 0.60546875 0.0625
4 0.77734375 0.45546875 0.04296875 0.05703125
6 0.73828125 0.5140625 0.12890625 0.02890625
0 0.5 0.6015625 0.31875 0.06796875
0 0.196875 0.75703125 0.1734375 0.0484375
0 0.5 0.75703125 0.25390625 0.0484375
0 0.803125 0.75703125 0.24609375 0.0484375
2 0.5 0.86484375 0.9078125 0.04140625
2 0.1140625 0.9375 0.103125 0.03125
6 0.11171875 0.9796875 0.0984375 0.025
2 0.3390625 0.9375 0.08515625 0.03125
6 0.36796875 0.9796875 0.14140625 0.025
2 0.56875 0.9375 0.07421875 0.03125
6 0.59140625 0.9796875 0.1203125 0.025
2 0.79921875 0.9375 0.0671875 0.03125
6 0.81640625 0.9796875 0.1015625 0.025