7 0.76484375 0.0328125 0.07109375 0.021875
1 0.89296875 0.03359375 0.184375 0.02890625
4 0.146875 0.0703125 0.26171875 0.13046875
1 0.58125 0.034375 0.13359375 0.02734375
1 0.67734375 0.034375 0.04609375 0.02734375
7 0.38828125 0.0875 0.221875 0.0453125
6 0.49921875 0.1546875 0.378125 0.03515625
0 0.43671875 0.20390625 0.04765625 0.021875
0 0.50703125 0.20390625 0.06171875 0.021875
0 0.578125 0.20390625 0.0484375 0.021875
0 0.63203125 0.20390625 0.028125 0.021875
0 0.68359375 0.20390625 0.04296875 0.021875
0 0.74765625 0.20390625 0.0515625 0.021875
0 0.8265625 0.20390625 0.07734375 0.021875
0 0.9328125 0.20390625 0.1046875 0.021875
0 0.03671875 0.20390625 0.03828125 0.02734375
2 0.37265625 0.3078125 0.4953125 0.0296875
0 0.34296875 0.321875 0.55390625 0.05859375
6 0.37265625 0.33984375 0.4953125 0.0234375
2 0.37265625 0.39375 0.4953125 0.0296875
0 0.34296875 0.4109375 0.55390625 0.0640625
6 0.37265625 0.428125 0.4953125 0.02890625
7 0.221875 0.459375 0.19375 0.0171875
6 0.378125 0.459375 0.121875 0.0171875
7 0.4421875 0.459375 0.009375 0.0171875
6 0.53125 0.459375 0.1703125 0.0171875
7 0.6171875 0.459375 0.00390625 0.0171875
2 0.37265625 0.5140625 0.4953125 0.0296875
0 0.34296875 0.528125 0.55390625 0.05859375
6 0.37265625 0.5453125 0.4953125 0.0234375
2 0.37265625 0.6 0.4953125 0.0296875
0 0.34296875 0.6140625 0.55390625 0.05859375
6 0.37265625 0.63125 0.4953125 0.0234375
2 0.37265625 0.6859375 0.4953125 0.0296875
0 0.34296875 0.7 0.55390625 0.05859375
6 0.37265625 0.7171875 0.4953125 0.0234375
2 0.37265625 0.771875 0.4953125 0.0296875
0 0.34296875 0.7859375 0.55390625 0.05859375
6 0.37265625 0.803125 0.4953125 0.0234375
4 0.13359375 0.8375 0.01640625 0.021875
6 0.1734375 0.84296875 0.0609375 0.0171875
4 0.22421875 0.8375 0.01640625 0.021875
6 0.2609375 0.84296875 0.05078125 0.0171875
4 0.30546875 0.8375 0.01640625 0.021875
6 0.3328125 0.84296875 0.034375 0.0171875
4 0.3703125 0.8375 0.01640625 0.021875
6 0.403125 0.84296875 0.0453125 0.0171875
4 0.1375 0.95546875 0.08671875 0.04140625
2 0.7953125 0.27578125 0.25 0.02890625
6 0.89765625 0.31328125 0.0453125 0.0171875
7 0.7140625 0.3484375 0.0875 0.0171875
6 0.79453125 0.3703125 0.24921875 0.0171875
7 0.72109375 0.3921875 0.10234375 0.0171875
6 0.7640625 0.41484375 0.18828125 0.0171875
7 0.71953125 0.43671875 0.1 0.0171875
6 0.7640625 0.459375 0.18828125 0.0171875
7 0.7140625 0.48125 0.0875 0.0171875
6 0.79453125 0.5140625 0.24921875 0.0390625
7 0.71953125 0.54765625 0.1 0.0171875
6 0.7640625 0.56953125 0.18828125 0.0171875
7 0.7140625 0.5921875 0.0875 0.0171875
6 0.7640625 0.6140625 0.18828125 0.0171875
7 0.71953125 0.6359375 0.1 0.0171875
6 0.76640625 0.66953125 0.1921875 0.0390625
7 0.7140625 0.70234375 0.0875 0.0171875
6 0.7640625 0.725 0.18828125 0.0171875
7 0.7140625 0.746875 0.0875 0.0171875
6 0.7640625 0.76875 0.18828125 0.0171875
7 0.72109375 0.790625 0.10234375 0.0171875
6 0.77265625 0.81328125 0.2046875 0.0171875
7 0.70390625 0.83515625 0.06875 0.0171875
6 0.77265625 0.8578125 0.2046875 0.0171875
7 0.7046875 0.8796875 0.06953125 0.0171875
6 0.73828125 0.9015625 0.13671875 0.0171875
7 0.71953125 0.9234375 0.1 0.0171875
6 0.78203125 0.94609375 0.2234375 0.0171875
2 0.7953125 0.65078125 0.25 0.02890625
6 0.88203125 0.68828125 0.0765625 0.0171875
2 0.7953125 0.740625 0.25 0.05625
7 0.72109375 0.790625 0.10234375 0.0171875
7 0.7828125 0.80234375 0.22578125 0.0390625
6 0.7890625 0.82421875 0.23828125 0.0390625
7 0.71484375 0.83515625 0.0390625 0.0171875
6 0.76953125 0.83515625 0.07421875 0.0171875
7 0.7890625 0.84609375 0.23828125 0.0390625
6 0.728125 0.8796875 0.11640625 0.0171875
7 0.79140625 0.890625 0.24296875 0.0390625
2 0.7953125 0.98515625 0.25 0.0296875