4 0.06875 0.0390625 0.07890625 0.0390625
0 0.07890625 0.0390625 0.0984375 0.0390625
5 0.96171875 0.0390625 0.046875 0.0625
2 0.25234375 0.409375 0.465625 0.16796875
7 0.25234375 0.5328125 0.465625 0.02890625
0 0.13984375 0.63515625 0.240625 0.08046875
7 0.13984375 0.71875 0.240625 0.02578125
4 0.68359375 0.53984375 0.6328125 0.9203125
4 0.5 0.95546875 0.025 0.03359375
0 0.5 0.94921875 0.0390625 0.05234375
7 0.075 0.865625 0.11015625 0.0234375
7 0.365625 0.91171875 0.69140625 0.04140625
6 0.64765625 0.921875 0.115625 0.02109375
7 0.03359375 0.94296875 0.028125 0.02109375
6 0.0921875 0.94296875 0.0890625 0.02109375
7 0.13828125 0.94296875 0.003125 0.02109375
7 0.87109375 0.9015625 0.21875 0.05078125