0 0.0375 0.04140625 0.04296875 0.05703125
0 0.0796875 0.0390625 0.04296875 0.05703125
0 0.1265625 0.0390625 0.040625 0.04921875
1 0.5359375 0.0390625 0.7796875 0.04921875
7 0.39140625 0.0375 0.490625 0.02890625
0 0.95390625 0.0390625 0.03828125 0.05234375
2 0.10234375 0.3890625 0.13125 0.04296875
0 0.16484375 0.51171875 0.25625 0.2890625
2 0.16484375 0.43359375 0.25625 0.04921875
7 0.16484375 0.490625 0.25625 0.02578125
7 0.16484375 0.57265625 0.25625 0.125
2 0.4015625 0.3890625 0.0625 0.04296875
0 0.4984375 0.49921875 0.25625 0.2640625
2 0.4984375 0.43359375 0.25625 0.04921875
7 0.4984375 0.490625 0.25625 0.02578125
7 0.4984375 0.5609375 0.25625 0.1
2 0.83203125 0.4515625 0.25625 0.16796875
7 0.83203125 0.6046875 0.25625 0.1
6 0.78203125 0.69609375 0.1125 0.021875
6 0.778125 0.7578125 0.1046875 0.02109375
6 0.71328125 0.91484375 0.028125 0.0140625
0 0.71328125 0.91484375 0.028125 0.0328125
6 0.75234375 0.91484375 0.028125 0.0140625
0 0.75234375 0.91484375 0.028125 0.0328125
6 0.79140625 0.91484375 0.028125 0.0140625
0 0.79140625 0.91484375 0.028125 0.0328125
6 0.83046875 0.91484375 0.028125 0.0140625
0 0.83046875 0.91484375 0.028125 0.0328125
6 0.86953125 0.91484375 0.028125 0.0140625
0 0.86953125 0.91484375 0.028125 0.0328125