7 0.35 0.03203125 0.6703125 0.025
6 0.4546875 0.0453125 0.8796875 0.05078125
7 0.06875 0.0578125 0.00390625 0.025
5 0.94375 0.0453125 0.0515625 0.02578125
0 0.94375 0.0453125 0.0828125 0.04921875
4 0.12578125 0.1625 0.215625 0.0875
0 0.15703125 0.17578125 0.2796875 0.11484375
7 0.15703125 0.22265625 0.2796875 0.02109375
7 0.8171875 0.13125 0.1234375 0.025
0 0.8171875 0.13125 0.1546875 0.046875
7 0.93046875 0.13125 0.05 0.046875
0 0.940625 0.13125 0.09453125 0.046875
7 0.678125 0.20546875 0.07734375 0.03671875
0 0.684375 0.20546875 0.1125 0.0546875
1 0.84453125 0.20546875 0.21015625 0.0546875
7 0.1171875 0.29921875 0.1796875 0.03125
0 0.1171875 0.29921875 0.2109375 0.078125
7 0.340625 0.29921875 0.20703125 0.03125
0 0.340625 0.29921875 0.23828125 0.078125
7 0.50859375 0.29921875 0.0671875 0.03125
0 0.50859375 0.29921875 0.0984375 0.078125
7 0.596875 0.29921875 0.05 0.03125
0 0.596875 0.29921875 0.08125 0.078125
4 0.5 0.55703125 0.0703125 0.09375
2 0.5 0.73671875 0.96484375 0.21328125
7 0.49921875 0.9265625 0.9765625 0.146875