4 0.5921875 0.23671875 0.446875 0.334375
4 0.23515625 0.15390625 0.09453125 0.0890625
2 0.39453125 0.44921875 0.0546875 0.02578125
2 0.62265625 0.44609375 0.05234375 0.021875
7 0.70703125 0.66171875 0.22421875 0.3765625
7 0.475 0.51796875 0.221875 0.0859375
7 0.47734375 0.671875 0.2203125 0.178125
7 0.4765625 0.86953125 0.21796875 0.1765625
7 0.70546875 0.91640625 0.2203125 0.0859375
7 0.59453125 0.9921875 0.4578125 0.015625
0 0.24609375 0.265625 0.12734375 0.03828125
0 0.246875 0.30859375 0.12734375 0.0375
0 0.24765625 0.35859375 0.1265625 0.059375
0 0.24765625 0.41328125 0.12578125 0.04609375
0 0.24765625 0.45625 0.12421875 0.0359375
0 0.24765625 0.4953125 0.12578125 0.04140625
2 0.22734375 0.56796875 0.0859375 0.02421875
7 0.24609375 0.65234375 0.121875 0.09921875
7 0.2484375 0.8296875 0.121875 0.07578125
2 0.23203125 0.7609375 0.0953125 0.02734375
6 0.2328125 0.8890625 0.0921875 0.02265625
2 0.23515625 0.9578125 0.09921875 0.02734375
7 0.246875 0.9921875 0.11953125 0.015625