0 0.07265625 0.040625 0.121875 0.040625
4 0.978125 0.03828125 0.01953125 0.02734375
0 0.978125 0.03828125 0.01953125 0.02734375
4 0.5 0.3 0.2671875 0.115625
2 0.5 0.41953125 0.4609375 0.078125
2 0.5 0.48984375 0.4359375 0.078125
7 0.5 0.57578125 0.9140625 0.0390625
0 0.42578125 0.66015625 0.19921875 0.06796875
7 0.540625 0.65625 0.03203125 0.03359375
0 0.61484375 0.66015625 0.11796875 0.06796875
2 0.38515625 0.90859375 0.24296875 0.0546875
2 0.62109375 0.90859375 0.23046875 0.0546875
2 0.265625 0.99921875 0.4453125 0.0015625
2 0.734375 0.99921875 0.4453125 0.0015625
2 0.14765625 0.72265625 0.178125 0.0703125
7 0.91953125 0.7328125 0.04375 0.0390625
0 0.91953125 0.72265625 0.04375 0.06015625
4 0.91953125 0.703125 0.01640625 0.02109375
7 0.49921875 0.846875 0.88125 0.1109375
6 0.24765625 0.8859375 0.11015625 0.0328125
7 0.30546875 0.8859375 0.0046875 0.0328125