4 0.0890625 0.05 0.13203125 0.05859375
1 0.47734375 0.05390625 0.5859375 0.053125
7 0.75078125 0.06640625 0.009375 0.046875
6 0.68984375 0.05 0.10859375 0.025
6 0.8 0.05 0.07890625 0.025
0 0.86640625 0.04921875 0.03515625 0.04453125
0 0.93828125 0.05 0.0765625 0.0484375
7 0.046875 0.11875 0.053125 0.01328125
0 0.046875 0.115625 0.0640625 0.06484375
7 0.1203125 0.11875 0.07109375 0.01328125
0 0.1203125 0.115625 0.0828125 0.06484375
7 0.2140625 0.11875 0.09296875 0.01328125
0 0.2140625 0.115625 0.1046875 0.06484375
7 0.284375 0.11875 0.0234375 0.01328125
0 0.284375 0.115625 0.03515625 0.06484375
7 0.3578125 0.11875 0.10078125 0.01328125
0 0.3578125 0.115625 0.1125 0.06484375
7 0.43671875 0.11875 0.034375 0.01328125
0 0.43671875 0.115625 0.04609375 0.06484375
7 0.51640625 0.11875 0.10078125 0.01328125
0 0.51640625 0.115625 0.1125 0.06484375
7 0.615625 0.11875 0.075 0.01328125
0 0.615625 0.115625 0.08671875 0.06484375
7 0.68515625 0.11875 0.03984375 0.01328125
0 0.68515625 0.115625 0.0515625 0.06484375
7 0.759375 0.11875 0.0859375 0.01328125
0 0.759375 0.115625 0.09765625 0.06484375
4 0.5 0.3515625 1 0.40625
4 0.5 0.6890625 1 0.103125
7 0.4359375 0.82578125 0.26640625 0.0625
4 0.11171875 0.94609375 0.1953125 0.1078125
4 0.33046875 0.94609375 0.1953125 0.1078125
4 0.54921875 0.94609375 0.1953125 0.1078125
4 0.76796875 0.94609375 0.1953125 0.1078125
7 0.49453125 0.865625 0.95 0.1109375
6 0.21171875 0.88359375 0.090625 0.025
0 0.4140625 0.946875 0.165625 0.0546875
0 0.58515625 0.94609375 0.1484375 0.05859375