4 0.07734375 0.0453125 0.12421875 0.04921875
0 0.07734375 0.03203125 0.1546875 0.0640625
7 0.95703125 0.046875 0.0859375 0.09375
0 0.16328125 0.11171875 0.090625 0.09375
0 0.2515625 0.11171875 0.0859375 0.09375
0 0.35625 0.11171875 0.121875 0.09375
0 0.49921875 0.11171875 0.1640625 0.09375
0 0.64609375 0.11171875 0.1296875 0.09375
0 0.78125 0.11171875 0.140625 0.09375
0 0.890625 0.11171875 0.078125 0.09375
4 0.5 0.33359375 1 0.34921875
7 0.7 0.2078125 0.50078125 0.0296875
0 0.7 0.3296875 0.50078125 0.2734375
7 0.7 0.3390625 0.4671875 0.25390625
0 0.7 0.5015625 0.26484375 0.05859375
7 0.5 0.6921875 1 0.02734375
4 0.31484375 0.878125 0.60078125 0.24375
6 0.628125 0.78984375 0.14375 0.03515625
7 0.628125 0.9109375 0.2125 0.178125
4 0.8796875 0.86796875 0.22265625 0.22265625
0 0.88046875 0.978125 0.00078125 0.0015625
0 0.88046875 0.978125 0.2078125 0.021875
4 0.26484375 0.29453125 0.109375 0.14609375
7 0.56171875 0.409375 0.703125 0.0328125
7 0.56171875 0.45234375 0.703125 0.0296875
7 0.853125 0.35 0.0671875 0.04453125
7 0.896875 0.35 0.01953125 0.04453125
7 0.909375 0.35 0.00703125 0.04453125