0 0.053125 0.0140625 0.10625 0.02734375
4 0.02734375 0.04140625 0.0234375 0.03125
0 0.03515625 0.04140625 0.0390625 0.07265625
7 0.084375 0.0421875 0.0515625 0.021875
0 0.103125 0.04140625 0.096875 0.0390625
4 0.12421875 0.04375 0.01171875 0.0171875
7 0.2015625 0.0421875 0.0796875 0.021875
0 0.2171875 0.04140625 0.13125 0.0390625
4 0.2546875 0.04375 0.01171875 0.0171875
0 0.31015625 0.04140625 0.04375 0.02890625
7 0.3953125 0.0421875 0.07109375 0.021875
0 0.4109375 0.04140625 0.121875 0.0390625
4 0.44453125 0.04375 0.01171875 0.0171875
0 0.51328125 0.04140625 0.07109375 0.02890625
4 0.51640625 0.0421875 0.015625 0.021875
1 0.63203125 0.0421875 0.215625 0.025
0 0.79375 0.04140625 0.0390625 0.02890625
7 0.909375 0.04140625 0.15 0.04140625
0 0.909375 0.04140625 0.15 0.0828125
7 0.43828125 0.19140625 0.5921875 0.02890625
7 0.803125 0.19140625 0.075 0.0234375
0 0.803125 0.19140625 0.10859375 0.04453125
4 0.01953125 0.275 0.015625 0.02109375
7 0.24296875 0.27265625 0.41484375 0.02734375
0 0.51640625 0.2734375 0.12421875 0.03125
7 0.9484375 0.275 0.046875 0.0234375
0 0.9484375 0.275 0.0796875 0.04453125
2 0.24609375 0.5640625 0.4140625 0.2734375
7 0.23203125 0.76640625 0.3859375 0.0796875
7 0.10546875 0.88515625 0.084375 0.02890625
0 0.10546875 0.88515625 0.1328125 0.0625
4 0.75390625 0.60546875 0.0765625 0.1015625
0 0.75390625 0.60625 0.4140625 0.31640625