4 0.05390625 0.04453125 0.1078125 0.0390625
7 0.396875 0.0421875 0.0640625 0.021875
0 0.396875 0.0421875 0.065625 0.084375
0 0.4859375 0.0421875 0.06875 0.084375
0 0.5640625 0.0421875 0.04296875 0.084375
0 0.378125 0.1265625 0.02734375 0.084375
0 0.7875 0.0421875 0.0328125 0.084375
7 0.81796875 0.04453125 0.0125 0.08828125
0 0.91796875 0.0421875 0.1640625 0.05625
2 0.28828125 0.29296875 0.5765625 0.0671875
2 0.30859375 0.365625 0.6171875 0.06640625
2 0.29296875 0.4859375 0.5859375 0.1171875
1 0.121875 0.63046875 0.24375 0.06796875
0 0.3421875 0.63203125 0.16796875 0.071875
7 0.04765625 0.696875 0.09453125 0.0234375
7 0.096875 0.696875 0.0046875 0.0234375
7 0.140625 0.696875 0.0703125 0.0234375
7 0.178125 0.696875 0.0046875 0.0234375
7 0.234375 0.696875 0.0953125 0.02734375
4 0.865625 0.50546875 0.26875 0.46640625
7 0.59921875 0.35 0.03046875 0.00546875
7 0.5984375 0.5546875 0.15546875 0.3671875
4 0.1671875 0.94609375 0.1 0.10546875
0 0.1671875 0.9203125 0.334375 0.15859375
4 0.4734375 0.94609375 0.05078125 0.10546875
0 0.5 0.9203125 0.334375 0.15859375
4 0.5265625 0.94609375 0.05 0.10546875
4 0.83359375 0.94609375 0.08125 0.10546875
0 0.8328125 0.9203125 0.334375 0.15859375