4 0.090625 0.05 0.0484375 0.03515625
0 0.090625 0.05 0.0484375 0.03515625
6 0.3578125 0.053125 0.09453125 0.015625
6 0.478125 0.053125 0.10234375 0.015625
6 0.5828125 0.053125 0.06171875 0.015625
6 0.665625 0.053125 0.059375 0.015625
6 0.74296875 0.053125 0.0515625 0.015625
6 0.803125 0.053125 0.025 0.015625
0 0.8859375 0.05234375 0.096875 0.0390625
2 0.31015625 0.275 0.39140625 0.1328125
7 0.15703125 0.38125 0.08515625 0.0390625
7 0.2875 0.38125 0.16484375 0.03515625
7 0.22421875 0.16953125 0.20390625 0.01328125
0 0.1578125 0.4890625 0.0875 0.0609375
7 0.328125 0.48984375 0.1890625 0.01796875
0 0.3375 0.4890625 0.25 0.0609375
4 0.59609375 0.4203125 0.028125 0.015625
4 0.65703125 0.41875 0.08671875 0.009375
4 0.59609375 0.446875 0.028125 0.01953125
4 0.65703125 0.44609375 0.08671875 0.009375
4 0.59609375 0.4796875 0.028125 0.0375
4 0.65703125 0.478125 0.08671875 0.01015625
4 0.59609375 0.5125 0.028125 0.01953125
4 0.65703125 0.509375 0.08671875 0.009375
4 0.59609375 0.53984375 0.028125 0.025
4 0.65703125 0.5375 0.08671875 0.01015625
4 0.59609375 0.571875 0.028125 0.0375
4 0.65703125 0.5703125 0.08671875 0.01015625
7 0.5890625 0.61015625 0.00703125 0.01171875
7 0.646875 0.61015625 0.11015625 0.01171875
7 0.7421875 0.3875 0.0796875 0.040625