4 0.03125 0.04140625 0.0625 0.0828125
0 0.03125 0.04140625 0.0625 0.0828125
1 0.93828125 0.04140625 0.1078125 0.05234375
0 0.14140625 0.046875 0.134375 0.07265625
7 0.2515625 0.04453125 0.0546875 0.0234375
0 0.2515625 0.046875 0.0859375 0.07265625
7 0.35859375 0.04453125 0.0953125 0.0234375
0 0.35859375 0.046875 0.1265625 0.07265625
7 0.4625 0.04453125 0.05 0.0234375
0 0.4625 0.046875 0.08125 0.07265625
7 0.53671875 0.04453125 0.0359375 0.0234375
0 0.53671875 0.046875 0.0671875 0.07265625
0 0.60390625 0.046875 0.0671875 0.07265625
0 0.7015625 0.046875 0.128125 0.07265625
0 0.82109375 0.046875 0.1109375 0.07265625
7 0.5 0.2984375 0.75 0.1578125
0 0.5 0.34375 1 0.6875
6 0.5 0.390625 1 0.02890625
6 0.134375 0.61484375 0.221875 0.0625
6 0.38046875 0.61484375 0.20625 0.0625
6 0.61875 0.61484375 0.20625 0.0625
6 0.865625 0.61484375 0.22265625 0.0625
7 0.5 0.73046875 1 0.04453125
3 0.5 0.8109375 0.7109375 0.1171875
2 0.0765625 0.9578125 0.10546875 0.0296875
2 0.0546875 0.98203125 0.0625 0.01015625