6 0.77890625 0.02265625 0.06328125 0.01953125
6 0.89765625 0.02265625 0.1453125 0.01953125
0 0.659375 0.0703125 0.0296875 0.04140625
0 0.69140625 0.0703125 0.0296875 0.04140625
0 0.7234375 0.0703125 0.0296875 0.04140625
1 0.84453125 0.06640625 0.1859375 0.02109375
7 0.96015625 0.0671875 0.02734375 0.03515625
0 0.128125 0.0546875 0.203125 0.0703125
0 0.05625 0.1265625 0.059375 0.046875
0 0.12421875 0.1265625 0.07734375 0.046875
0 0.2 0.1265625 0.0734375 0.046875
0 0.2671875 0.1265625 0.06171875 0.046875
7 0.32890625 0.1265625 0.04296875 0.01953125
0 0.3359375 0.1265625 0.0765625 0.046875
0 0.4109375 0.1265625 0.071875 0.046875
0 0.48203125 0.1265625 0.0671875 0.046875
0 0.5703125 0.1265625 0.1078125 0.046875
0 0.6671875 0.1265625 0.08515625 0.046875
0 0.746875 0.1265625 0.07109375 0.046875
0 0.82421875 0.1265625 0.08203125 0.046875
0 0.90390625 0.1265625 0.075 0.046875
4 0.9578125 0.12578125 0.03125 0.0453125
7 0.5 0.1625 1 0.02578125
4 0.26328125 0.38671875 0.4734375 0.421875
2 0.3921875 0.26015625 0.2109375 0.140625
0 0.3921875 0.26015625 0.2109375 0.140625
4 0.7375 0.38671875 0.4734375 0.421875
2 0.74375 0.23046875 0.42578125 0.08046875
0 0.74375 0.23046875 0.42578125 0.08046875
0 0.0953125 0.7640625 0.0546875 0.07265625
4 0.0296875 0.7515625 0.05859375 0.25625
0 0.034375 0.7828125 0.06875 0.36953125
6 0.0296875 0.92421875 0.05859375 0.08359375
4 0.221875 0.7515625 0.28828125 0.25625
0 0.221875 0.7828125 0.3078125 0.36953125
6 0.221875 0.92421875 0.28828125 0.08359375
4 0.5296875 0.7515625 0.28828125 0.25625
0 0.5296875 0.7828125 0.3078125 0.36953125
6 0.5296875 0.92421875 0.28828125 0.08359375
4 0.8375 0.7515625 0.28828125 0.25625
0 0.8375 0.7828125 0.3078125 0.36953125
6 0.8375 0.9109375 0.28828125 0.05625
0 0.9953125 0.7828125 0.00859375 0.36953125
0 0.65625 0.7640625 0.0546875 0.07265625