7 0.5 0.02578125 1 0.0515625
4 0.1234375 0.1390625 0.1640625 0.10703125
0 0.7296875 0.15859375 0.0828125 0.0390625
0 0.83359375 0.15859375 0.09453125 0.0390625
7 0.91328125 0.1578125 0.03828125 0.02109375
7 0.946875 0.12890625 0.02421875 0.02890625
0 0.1234375 0.2390625 0.1640625 0.021875
0 0.2859375 0.2390625 0.1609375 0.021875
0 0.4515625 0.2390625 0.17109375 0.021875
0 0.61796875 0.2390625 0.1625 0.021875
1 0.8453125 0.23828125 0.2515625 0.03671875
1 0.9515625 0.23828125 0.03203125 0.05234375
0 0.0359375 0.5140625 0.0234375 0.03125
4 0.0796875 0.51328125 0.159375 0.4046875
7 0.0171875 0.5140625 0.034375 0.40390625
7 0.5 0.5140625 0.93359375 0.40390625
7 0.9828125 0.5140625 0.034375 0.40390625
0 0.9640625 0.5140625 0.0234375 0.03125
4 0.91953125 0.51328125 0.1609375 0.4046875
2 0.5 0.80703125 0.975 0.05703125
2 0.125 0.89375 0.18359375 0.04296875
2 0.3125 0.89375 0.18359375 0.04296875
2 0.5 0.89375 0.18359375 0.04296875
2 0.6875 0.89375 0.18359375 0.04296875
2 0.875 0.89375 0.18359375 0.04296875
4 0.0859375 0.971875 0.13125 0.05625