0 0.98359375 0.02890625 0.03203125 0.05703125
4 0.025 0.02890625 0.0390625 0.05234375
0 0.0765625 0.02890625 0.15234375 0.05703125
7 0.1 0.02734375 0.09765625 0.03125
7 0.896875 0.02890625 0.034375 0.0234375
0 0.896875 0.02890625 0.059375 0.03671875
7 0.09765625 0.0921875 0.12890625 0.0234375
0 0.1 0.0921875 0.2 0.0390625
7 0.0828125 0.146875 0.14140625 0.021875
7 0.06953125 0.18203125 0.0734375 0.0234375
0 0.1 0.18203125 0.2 0.0390625
7 0.0765625 0.22109375 0.0859375 0.0234375
0 0.1 0.22109375 0.2 0.0390625
7 0.02890625 0.275 0.034375 0.021875
7 0.08828125 0.3109375 0.11015625 0.0234375
0 0.1 0.3109375 0.2 0.0390625
7 0.08828125 0.35 0.11015625 0.0234375
0 0.1 0.35 0.2 0.0390625
7 0.07890625 0.3890625 0.0921875 0.0234375
0 0.1 0.3890625 0.2 0.0390625
7 0.08984375 0.428125 0.11328125 0.0234375
0 0.1 0.428125 0.2 0.0390625
7 0.0546875 0.4828125 0.0859375 0.021875
7 0.10625 0.51796875 0.1453125 0.0234375
0 0.1 0.51796875 0.2 0.0390625
7 0.09296875 0.55703125 0.1203125 0.0234375
0 0.1 0.55703125 0.2 0.0390625
7 0.07578125 0.59609375 0.08515625 0.0234375
0 0.1 0.59609375 0.2 0.0390625
7 0.0765625 0.63515625 0.0859375 0.0234375
0 0.1 0.63515625 0.2 0.0390625
7 0.065625 0.67421875 0.065625 0.0234375
0 0.1 0.67421875 0.2 0.0390625
7 0.053125 0.71328125 0.0390625 0.0234375
0 0.1 0.71328125 0.2 0.0390625
7 0.03515625 0.7671875 0.046875 0.021875
7 0.10390625 0.803125 0.14140625 0.0234375
0 0.1 0.803125 0.2 0.0390625
7 0.0984375 0.8421875 0.13125 0.0234375
0 0.1 0.8421875 0.2 0.0390625
7 0.065625 0.88125 0.065625 0.0234375
0 0.1 0.88125 0.2 0.0390625
7 0.0734375 0.9203125 0.0796875 0.0234375
0 0.1 0.9203125 0.2 0.0390625
7 0.08359375 0.98203125 0.10078125 0.0234375
0 0.1 0.98125 0.2 0.0375
2 0.3671875 0.115625 0.25390625 0.0296875
7 0.28203125 0.17421875 0.0609375 0.0234375
0 0.28203125 0.17421875 0.0921875 0.04140625
7 0.27265625 0.23203125 0.065625 0.0234375
7 0.59765625 0.24609375 0.71484375 0.05234375
2 0.37421875 0.31171875 0.22734375 0.0328125
2 0.490625 0.31171875 0.00390625 0.0328125
2 0.425 0.3578125 0.33515625 0.03359375
2 0.4203125 0.4046875 0.31953125 0.0328125
2 0.584375 0.4046875 0.00859375 0.0328125
2 0.63046875 0.4046875 0.0828125 0.0328125
2 0.6765625 0.4046875 0.00859375 0.0328125
2 0.37734375 0.45078125 0.23359375 0.03359375
2 0.49609375 0.45078125 0.00390625 0.03359375
7 0.44609375 0.49765625 0.353125 0.0234375
6 0.67578125 0.49765625 0.10546875 0.0234375
7 0.7296875 0.49765625 0.003125 0.0234375
7 0.4734375 0.52578125 0.40703125 0.0234375
6 0.7046875 0.52578125 0.05546875 0.0234375
7 0.73359375 0.52578125 0.003125 0.0234375
7 0.43046875 0.5546875 0.32109375 0.0234375
6 0.63984375 0.5546875 0.09765625 0.0234375
7 0.68984375 0.5546875 0.003125 0.0234375
2 0.3 0.6625 0.1203125 0.0296875
2 0.9265625 0.6625 0.04609375 0.0234375
0 0.91875 0.66328125 0.090625 0.0375
7 0.28203125 0.73203125 0.0296875 0.0234375
6 0.40703125 0.73203125 0.21484375 0.0234375
7 0.2828125 0.76015625 0.03046875 0.0234375
6 0.34765625 0.76015625 0.1 0.0234375
7 0.8828125 0.73203125 0.115625 0.02109375
7 0.28203125 0.81015625 0.0296875 0.0234375
6 0.353125 0.81015625 0.10625 0.0234375
7 0.2828125 0.83828125 0.03046875 0.0234375
6 0.365625 0.83828125 0.134375 0.0234375
7 0.8859375 0.81015625 0.10859375 0.02109375
7 0.28203125 0.88828125 0.0296875 0.0234375
6 0.41875 0.88828125 0.23828125 0.0234375
7 0.2828125 0.91640625 0.03046875 0.0234375
6 0.34765625 0.91640625 0.1 0.0234375
7 0.88203125 0.88828125 0.1171875 0.02109375
7 0.28203125 0.96640625 0.0296875 0.0234375
6 0.38359375 0.96640625 0.16796875 0.0234375
7 0.2828125 0.99140625 0.03046875 0.0171875
6 0.353125 0.99140625 0.11015625 0.0171875
7 0.88203125 0.96640625 0.1171875 0.02109375