4 0.0390625 0.04609375 0.040625 0.053125
0 0.0390625 0.04609375 0.040625 0.053125
4 0.0390625 0.115625 0.040625 0.0546875
0 0.0390625 0.115625 0.040625 0.0546875
4 0.0390625 0.1859375 0.040625 0.053125
0 0.0390625 0.1859375 0.040625 0.053125
4 0.5 0.09140625 0.225 0.05234375
0 0.5 0.0609375 0.225 0.12109375
0 0.2046875 0.18046875 0.0671875 0.103125
0 0.28046875 0.18046875 0.0859375 0.103125
0 0.39140625 0.18046875 0.1375 0.103125
0 0.50546875 0.18046875 0.09296875 0.103125
0 0.5984375 0.18046875 0.0953125 0.103125
0 0.69921875 0.18046875 0.1078125 0.103125
0 0.790625 0.18046875 0.07734375 0.103125
4 0.96796875 0.0421875 0.02421875 0.0328125
0 0.96796875 0.0421875 0.04375 0.05859375
4 0.96796875 0.115625 0.02421875 0.03359375
0 0.96796875 0.115625 0.04375 0.06015625
4 0.96796875 0.1890625 0.02421875 0.0328125
0 0.96796875 0.1890625 0.04375 0.05859375
3 0.5 0.4203125 0.946875 0.32578125
4 0.259375 0.83046875 0.44140625 0.33828125
0 0.259375 0.83046875 0.44140625 0.33828125
4 0.259375 0.83046875 0.44140625 0.33828125
2 0.259375 0.93828125 0.3375 0.1234375
4 0.6203125 0.728125 0.2015625 0.134375
0 0.6203125 0.728125 0.2015625 0.134375
2 0.6203125 0.89453125 0.1546875 0.13515625
0 0.6203125 0.89765625 0.2015625 0.2046875
4 0.86015625 0.728125 0.2015625 0.134375
0 0.86015625 0.728125 0.2015625 0.134375
2 0.86015625 0.87734375 0.13671875 0.09921875
0 0.86015625 0.89765625 0.2015625 0.2046875
2 0.82890625 0.9453125 0.0796875 0.03125
2 0.8625 0.96484375 0.1390625 0.0703125
4 0.5 0.41640625 0.0390625 0.05234375
0 0.5 0.41640625 1 0.05234375
7 0.3625 0.52890625 0.15625 0.015625
0 0.46953125 0.52890625 0.053125 0.015625
7 0.50078125 0.52890625 0.01171875 0.015625
0 0.5203125 0.52890625 0.03046875 0.015625
7 0.53984375 0.52890625 0.01171875 0.015625
0 0.5625 0.52890625 0.0375 0.015625
0 0.66796875 0.52890625 0.0953125 0.015625
0 0.15390625 0.59609375 0.06953125 0.015625
0 0.26171875 0.59609375 0.0703125 0.015625
0 0.3640625 0.59609375 0.0578125 0.015625
0 0.4546875 0.59609375 0.0484375 0.015625
0 0.54296875 0.59609375 0.05078125 0.015625
0 0.66171875 0.59609375 0.10859375 0.015625
0 0.8171875 0.59609375 0.1265625 0.015625
4 0.42265625 0.6828125 0.03984375 0.053125
0 0.42265625 0.6828125 0.03984375 0.053125
4 0.47421875 0.6828125 0.03984375 0.053125
0 0.47421875 0.6828125 0.03984375 0.053125
4 0.52578125 0.6828125 0.03984375 0.053125
0 0.52578125 0.6828125 0.03984375 0.053125
4 0.57734375 0.6828125 0.03984375 0.053125
0 0.57734375 0.6828125 0.03984375 0.053125
4 0.2359375 0.8078125 0.16875 0.05859375
7 0.3640625 0.80625 0.0109375 0.01953125
7 0.596875 0.821875 0.4765625 0.05078125
6 0.55625 0.8375 0.08203125 0.01953125
7 0.6546875 0.8375 0.11015625 0.01953125
6 0.60234375 0.853125 0.48828125 0.05078125
7 0.459375 0.86875 0.090625 0.01953125
6 0.58515625 0.86875 0.15703125 0.01953125
0 0.7109375 0.86953125 0.08984375 0.0234375
7 0.609375 0.9 0.5015625 0.08203125
6 0.57109375 0.93125 0.06328125 0.01953125
7 0.653125 0.93125 0.096875 0.01953125
7 0.32890625 0.9546875 0.2640625 0.05859375
0 0.5828125 0.95625 0.13671875 0.0484375
0 0.7296875 0.95625 0.13671875 0.0484375