7 0.41015625 0.03359375 0.31875 0.0234375
0 0.6375 0.03359375 0.075 0.046875
0 0.71953125 0.03359375 0.075 0.046875
7 0.8265625 0.91796875 0.0390625 0.05234375
0 0.82265625 0.9390625 0.0515625 0.01796875
6 0.87421875 0.9078125 0.0359375 0.01796875
6 0.9109375 0.93046875 0.10859375 0.0140625
4 0.05546875 0.11171875 0.0796875 0.04140625
1 0.35546875 0.11171875 0.48828125 0.046875
4 0.5 0.3609375 0.16015625 0.084375
7 0.5 0.42890625 0.35546875 0.025
0 0.5 0.50625 0.29296875 0.053125
0 0.5 0.56875 0.29296875 0.053125
7 0.5 0.63359375 0.28125 0.021875
0 0.4296875 0.68828125 0.0390625 0.053125
0 0.4765625 0.68828125 0.0390625 0.053125
0 0.5234375 0.68828125 0.0390625 0.053125
0 0.5703125 0.68828125 0.0390625 0.053125
7 0.49921875 0.76484375 0.2765625 0.01953125
6 0.4265625 0.7859375 0.0734375 0.01953125
7 0.4765625 0.7859375 0.02734375 0.01953125
6 0.53203125 0.7859375 0.0875 0.01953125
7 0.59375 0.7859375 0.03515625 0.01953125
7 0.0484375 0.98046875 0.0578125 0.0390625
7 0.1296875 0.98046875 0.03984375 0.0390625