4 0.10546875 0.0453125 0.15234375 0.04921875
0 0.10546875 0.0453125 0.15234375 0.04921875
0 0.33671875 0.046875 0.05859375 0.0390625
0 0.4234375 0.046875 0.0578125 0.0390625
0 0.53515625 0.046875 0.109375 0.0390625
0 0.6734375 0.046875 0.1109375 0.0390625
0 0.8296875 0.0453125 0.1375 0.04140625
4 0.9421875 0.0453125 0.0203125 0.02578125
0 0.94765625 0.0453125 0.059375 0.04140625
2 0.42265625 0.2359375 0.684375 0.10546875
2 0.4234375 0.3390625 0.54765625 0.053125
7 0.4234375 0.5328125 0.64453125 0.11484375
0 0.4234375 0.75234375 0.43359375 0.06484375
7 0.4234375 0.81484375 0.025 0.046875
0 0.4234375 0.87734375 0.43359375 0.06484375
7 0.4234375 0.96328125 0.68359375 0.02890625