4 0.05625 0.03671875 0.08203125 0.02890625
0 0.05625 0.03671875 0.08203125 0.02890625
0 0.81640625 0.03671875 0.10546875 0.04140625
0 0.93046875 0.03671875 0.10859375 0.04140625
2 0.84375 0.12890625 0.28125 0.0390625
2 0.84375 0.1796875 0.28125 0.05234375
1 0.84375 0.27890625 0.28125 0.0625
5 0.84375 0.27890625 0.28125 0.0625
1 0.809375 0.35703125 0.2125 0.0625
5 0.84375 0.35703125 0.28125 0.0625
0 0.95 0.3578125 0.0703125 0.06484375
0 0.77109375 0.44296875 0.1359375 0.05234375
0 0.91484375 0.44296875 0.1390625 0.0625
4 0.97265625 0.125 0.0234375 0.03125
0 0.97265625 0.125 0.046875 0.0625
2 0.28203125 0.2671875 0.5328125 0.2734375
4 0.73125 0.56328125 0.5375 0.8734375
7 0.1109375 0.50546875 0.159375 0.03671875
0 0.21484375 0.50546875 0.3984375 0.078125
4 0.38671875 0.50546875 0.0234375 0.03125
7 0.14765625 0.60390625 0.2328125 0.03671875
0 0.21484375 0.60390625 0.3984375 0.078125
4 0.38671875 0.60390625 0.0234375 0.03125
7 0.1515625 0.703125 0.240625 0.03671875
0 0.21484375 0.703125 0.3984375 0.078125
4 0.38671875 0.703125 0.0234375 0.03125