4 0.5 0.05234375 1 0.10390625
7 0.2625 0.17578125 0.10078125 0.04140625
6 0.37109375 0.17578125 0.11875 0.04140625
7 0.43515625 0.17578125 0.00859375 0.04140625
6 0.23359375 0.2203125 0.04296875 0.0234375
6 0.3 0.2203125 0.084375 0.0234375
7 0.3640625 0.2203125 0.046875 0.0234375
6 0.465625 0.2203125 0.1578125 0.0234375
7 0.54765625 0.2203125 0.00625 0.0234375
6 0.2453125 0.2515625 0.06640625 0.0234375
7 0.35703125 0.2515625 0.15703125 0.0234375
6 0.4734375 0.2515625 0.07734375 0.0234375
6 0.7859375 0.1625 0.17890625 0.0234375
7 0.88046875 0.1625 0.01484375 0.0234375
6 0.803125 0.178125 0.24609375 0.0546875
7 0.86640625 0.19375 0.0140625 0.0234375
6 0.903125 0.19375 0.0609375 0.0234375
7 0.93671875 0.19375 0.0109375 0.0234375
6 0.74296875 0.225 0.06640625 0.0234375
7 0.78359375 0.225 0.01484375 0.0234375
6 0.815625 0.225 0.0515625 0.0234375
7 0.8484375 0.225 0.01484375 0.0234375
6 0.87890625 0.225 0.0484375 0.0234375
7 0.90703125 0.225 0.0109375 0.0234375
6 0.7265625 0.25625 0.1015625 0.0234375
7 0.784375 0.25625 0.01484375 0.0234375
6 0.809375 0.25625 0.0375 0.0234375
7 0.834375 0.25625 0.01484375 0.0234375
6 0.8640625 0.25625 0.046875 0.0234375
7 0.89375 0.25625 0.01484375 0.0234375
6 0.9234375 0.25625 0.04609375 0.0234375
6 0.725 0.2984375 0.090625 0.0234375
7 0.778125 0.2984375 0.01484375 0.0234375
6 0.82734375 0.2984375 0.0859375 0.0234375
7 0.87578125 0.2984375 0.01484375 0.0234375
6 0.86171875 0.3140625 0.159375 0.0546875
4 0.38359375 0.384375 0.0203125 0.02578125
7 0.44453125 0.38125 0.103125 0.0234375
6 0.590625 0.38125 0.1890625 0.0234375
7 0.6890625 0.38125 0.00859375 0.0234375
6 0.7171875 0.38125 0.046875 0.0234375
7 0.76953125 0.38125 0.0609375 0.0234375
2 0.23515625 0.4640625 0.03828125 0.05078125
2 0.3015625 0.46171875 0.09765625 0.02734375
7 0.2171875 0.51484375 0.01171875 0.021875
6 0.246875 0.51484375 0.04765625 0.021875
7 0.4171875 0.51484375 0.296875 0.021875
4 0.51875 0.58125 0.0984375 0.0875
7 0.321875 0.553125 0.22265625 0.021875
6 0.2375 0.58125 0.05390625 0.021875
7 0.27109375 0.58203125 0.0046875 0.01796875
7 0.2984375 0.58203125 0.053125 0.01796875
7 0.325 0.58203125 0.00390625 0.01796875
7 0.33125 0.58125 0.00859375 0.021875
7 0.234375 0.61875 0.046875 0.021875
6 0.3234375 0.61875 0.13125 0.021875
7 0.35078125 0.63359375 0.2796875 0.05078125
7 0.22734375 0.6859375 0.03203125 0.021875
6 0.2640625 0.6859375 0.04296875 0.021875
7 0.3625 0.6859375 0.15546875 0.021875
7 0.234375 0.7234375 0.046875 0.021875
6 0.3234375 0.7234375 0.13203125 0.021875
7 0.3578125 0.7375 0.29296875 0.05078125
7 0.28828125 0.78984375 0.1546875 0.021875
6 0.4234375 0.78984375 0.11875 0.021875
7 0.4875 0.78984375 0.00859375 0.021875
6 0.31953125 0.82734375 0.1546875 0.021875
7 0.40234375 0.82734375 0.0140625 0.021875
6 0.4890625 0.82734375 0.1609375 0.021875
2 0.23515625 0.89375 0.03828125 0.05078125
2 0.3015625 0.89140625 0.09765625 0.02734375
7 0.27890625 0.94609375 0.1359375 0.021875
6 0.37421875 0.94609375 0.05546875 0.021875
7 0.40546875 0.94609375 0.00859375 0.021875
6 0.44140625 0.94609375 0.0640625 0.021875
7 0.4796875 0.94609375 0.0140625 0.021875
6 0.371875 0.96015625 0.32109375 0.05078125
7 0.37734375 0.98125 0.3359375 0.0375
2 0.628125 0.4640625 0.03828125 0.05078125
2 0.715625 0.46171875 0.1390625 0.02734375
4 0.91328125 0.584375 0.09765625 0.17421875
6 0.70390625 0.51484375 0.19921875 0.021875
7 0.71953125 0.5296875 0.23046875 0.05078125
6 0.68125 0.54375 0.0625 0.021875
7 0.7296875 0.5578125 0.25 0.05078125
6 0.7953125 0.571875 0.103125 0.021875
7 0.72734375 0.58671875 0.2453125 0.05078125
6 0.7109375 0.6296875 0.2125 0.021875
7 0.82734375 0.6296875 0.0203125 0.021875
6 0.65 0.6578125 0.0921875 0.021875
7 0.7203125 0.6578125 0.0484375 0.021875
6 0.77265625 0.6578125 0.0578125 0.021875
7 0.8078125 0.6578125 0.01484375 0.021875
6 0.62734375 0.68671875 0.04609375 0.021875
7 0.66796875 0.68671875 0.03515625 0.021875
6 0.73671875 0.68671875 0.1046875 0.021875
7 0.7953125 0.68671875 0.01484375 0.021875
6 0.63359375 0.715625 0.05859375 0.021875
7 0.77109375 0.74375 0.3328125 0.0796875
6 0.63359375 0.8015625 0.05859375 0.021875
7 0.78203125 0.8296875 0.35546875 0.0796875
6 0.71015625 0.85859375 0.0375 0.021875
7 0.82109375 0.85859375 0.18828125 0.021875
6 0.6265625 0.8875 0.0453125 0.021875
7 0.778125 0.93828125 0.346875 0.1234375
2 0.096875 0.5078125 0.19375 0.984375
7 0.675 0.02109375 0.13359375 0.02578125
6 0.77421875 0.025 0.0484375 0.01796875
6 0.8234375 0.025 0.0359375 0.01796875
6 0.884375 0.025 0.06953125 0.01796875
6 0.95546875 0.025 0.0578125 0.01796875
0 0.221875 0.078125 0.09765625 0.05234375
0 0.303125 0.078125 0.0671875 0.05234375
0 0.5421875 0.078125 0.0515625 0.05234375
0 0.6171875 0.078125 0.1 0.05234375
0 0.721875 0.078125 0.1109375 0.05234375
1 0.884375 0.08046875 0.2015625 0.03671875
1 0.971875 0.08046875 0.0234375 0.03359375
4 0.0859375 0.10390625 0.15625 0.2078125
6 0.0640625 0.2515625 0.0765625 0.01953125
6 0.06015625 0.2765625 0.0671875 0.01953125
6 0.07890625 0.3015625 0.1046875 0.01953125
6 0.075 0.3265625 0.096875 0.01953125
6 0.0828125 0.35078125 0.11328125 0.01953125
2 0.090625 0.3953125 0.12890625 0.01953125
6 0.05625 0.4265625 0.0609375 0.01953125
6 0.046875 0.4515625 0.040625 0.01953125
6 0.0796875 0.47578125 0.1078125 0.01953125
2 0.090625 0.5203125 0.12890625 0.01953125
6 0.06484375 0.5515625 0.07734375 0.01953125
6 0.07890625 0.5765625 0.1046875 0.01953125
6 0.05625 0.60078125 0.059375 0.01953125
6 0.04609375 0.62578125 0.03984375 0.01953125
6 0.0453125 0.65 0.03828125 0.01953125
6 0.06875 0.675 0.08515625 0.01953125
2 0.090625 0.71953125 0.12890625 0.01953125
6 0.0515625 0.75078125 0.05078125 0.01953125
6 0.08515625 0.775 0.11796875 0.01953125
6 0.05625 0.8 0.059375 0.01953125
6 0.0703125 0.825 0.0875 0.01953125
6 0.0703125 0.85 0.0875 0.01953125
6 0.08671875 0.87421875 0.1203125 0.01953125
6 0.0796875 0.89921875 0.1078125 0.01953125
2 0.090625 0.94375 0.12890625 0.01953125
6 0.0828125 0.9734375 0.1125 0.01953125
6 0.05390625 0.99375 0.05546875 0.01171875