4 0.06171875 0.08203125 0.0390625 0.078125
6 0.3875 0.07421875 0.59453125 0.06796875
7 0.1359375 0.18203125 0.06953125 0.046875
0 0.12734375 0.18203125 0.0890625 0.046875
7 0.23671875 0.18203125 0.0578125 0.046875
0 0.22890625 0.18203125 0.075 0.046875
7 0.3625 0.18203125 0.1140625 0.046875
0 0.353125 0.18203125 0.134375 0.046875
2 0.24921875 0.30625 0.4109375 0.0484375
1 0.24921875 0.37890625 0.4109375 0.06015625
7 0.2515625 0.4453125 0.0703125 0.0234375
0 0.246875 0.4453125 0.1359375 0.0390625
2 0.7359375 0.30625 0.4109375 0.0484375
7 0.74765625 0.378125 0.1515625 0.0328125
0 0.7359375 0.378125 0.4109375 0.05859375
7 0.61953125 0.44609375 0.07109375 0.025
0 0.6140625 0.44609375 0.10859375 0.040625
7 0.73125 0.44609375 0.053125 0.025
0 0.72265625 0.44609375 0.0953125 0.040625
7 0.85078125 0.44609375 0.0875 0.025
0 0.8421875 0.44609375 0.1296875 0.040625
7 0.5 0.6296875 0.8515625 0.0765625
7 0.1234375 0.70703125 0.0984375 0.02578125
7 0.225 0.70703125 0.0984375 0.02578125
6 0.7796875 0.70703125 0.0609375 0.02578125
7 0.8140625 0.70703125 0.0109375 0.02578125
6 0.865625 0.70703125 0.09375 0.02578125
2 0.5 0.8140625 0.9125 0.02890625
7 0.51953125 0.8578125 0.8734375 0.02578125
7 0.51953125 0.90546875 0.8734375 0.053125
7 0.51953125 0.95390625 0.8734375 0.02734375
7 0.51953125 0.9875 0.8734375 0.025