7 0.19375 0.84375 0.33984375 0.02109375
7 0.04609375 0.87421875 0.0453125 0.01953125
6 0.103125 0.87421875 0.071875 0.01953125
7 0.1890625 0.915625 0.33125 0.103125
6 0.1734375 0.9578125 0.07734375 0.01953125
7 0.2140625 0.9578125 0.0046875 0.01953125
4 0.3578125 0.84140625 0.01171875 0.015625
0 0.3578125 0.84765625 0.04296875 0.0703125
4 0.5 0.5 1 1
4 0.271875 0.0390625 0.021875 0.02890625
0 0.271875 0.0390625 0.03125 0.04140625
4 0.31875 0.0390625 0.021875 0.02890625
0 0.31875 0.0390625 0.03125 0.04140625
0 0.7671875 0.0390625 0.12890625 0.04921875
0 0.8921875 0.0390625 0.121875 0.04921875
4 0.0875 0.05703125 0.128125 0.05234375
0 0.1125 0.071875 0.225 0.08203125
4 0.03515625 0.1390625 0.0234375 0.03125
0 0.1125 0.1390625 0.209375 0.05234375
7 0.13984375 0.1390625 0.1546875 0.02578125
4 0.03515625 0.19140625 0.0234375 0.03125
7 0.13984375 0.19140625 0.1546875 0.02578125
0 0.1125 0.19140625 0.209375 0.05234375
4 0.03515625 0.24375 0.0234375 0.03125
7 0.13984375 0.24375 0.1546875 0.02578125
0 0.1125 0.24375 0.209375 0.05234375
0 0.1125 0.68046875 0.0453125 0.02734375
0 0.1125 0.72734375 0.0390625 0.02734375
7 0.35859375 0.81875 0.64140625 0.02109375
7 0.35859375 0.84921875 0.64140625 0.02890625
0 0.871875 0.83359375 0.209375 0.04921875
7 0.32578125 0.9703125 0.03984375 0.02109375
4 0.190625 0.9703125 0.3109375 0.00546875
7 0.67421875 0.9703125 0.03984375 0.02109375
2 0.3296875 0.29453125 0.1484375 0.390625
4 0.3390625 0.2671875 0.128125 0.1703125
7 0.3390625 0.3859375 0.128125 0.02734375
0 0.3390625 0.3859375 0.128125 0.02734375
2 0.28359375 0.7265625 0.05546875 0.390625
0 0.28359375 0.55546875 0.05546875 0.025
7 0.94140625 0.54921875 0.0546875 0.02109375
0 0.94140625 0.54921875 0.0546875 0.02890625
4 0.3390625 0.7 0.128125 0.1703125
7 0.3390625 0.81875 0.128125 0.02734375
0 0.3390625 0.81875 0.128125 0.02734375
7 0.33828125 0.859375 0.12578125 0.04453125
4 0.52109375 0.7 0.128125 0.1703125
7 0.52109375 0.81875 0.128125 0.02734375
0 0.52109375 0.81875 0.128125 0.02734375
7 0.51875 0.859375 0.12421875 0.04453125
4 0.70390625 0.7 0.128125 0.1703125
7 0.70390625 0.81875 0.128125 0.02734375
0 0.70390625 0.81875 0.128125 0.02734375
7 0.69453125 0.87109375 0.11015625 0.06796875
4 0.88515625 0.7 0.128125 0.1703125
7 0.88515625 0.81875 0.128125 0.02734375
0 0.88515625 0.81875 0.128125 0.02734375
7 0.86875 0.87109375 0.0953125 0.06796875
2 0.284375 0.98125 0.059375 0.0375
0 0.28515625 0.9875 0.05859375 0.025
7 0.94140625 0.98203125 0.0546875 0.02109375
0 0.94140625 0.98203125 0.0546875 0.02890625