7 0.25 0.0421875 0.48046875 0.025
6 0.53515625 0.0421875 0.0921875 0.025
7 0.5953125 0.0421875 0.03046875 0.025
6 0.6625 0.0421875 0.10625 0.025
7 0.7625 0.0421875 0.0953125 0.025
7 0.85078125 0.04296875 0.065625 0.04453125
4 0.03828125 0.121875 0.03203125 0.04296875
7 0.37734375 0.12109375 0.0125 0.02890625
0 0.415625 0.12109375 0.08984375 0.02890625
7 0.4234375 0.12109375 0.071875 0.02890625
7 0.5234375 0.12109375 0.05625 0.02890625
7 0.6078125 0.12109375 0.04296875 0.02890625
0 0.6078125 0.12109375 0.04296875 0.02890625
7 0.753125 0.11640625 0.021875 0.021875
0 0.75 0.115625 0.0765625 0.0390625
7 0.85546875 0.11640625 0.053125 0.021875
0 0.84609375 0.11640625 0.08515625 0.04296875
0 0.9203125 0.11640625 0.0203125 0.02734375
7 0.9671875 0.11953125 0.0203125 0.03125
7 0.75 0.31171875 0.5 0.05859375
4 0.33125 0.634375 0.3390625 0.73046875
4 0.3390625 0.61015625 0.378125 0.7796875
7 0.534375 0.5359375 0.1546875 0.053125
7 0.565625 0.5765625 0.22265625 0.0625
7 0.60234375 0.4984375 0.29609375 0.0625
7 0.559375 0.5765625 0.2109375 0.0625
2 0.35078125 0.9390625 0.57109375 0.0484375
7 0.34453125 0.98984375 0.5609375 0.0203125
4 0.771875 0.9390625 0.15 0.06796875
0 0.771875 0.9390625 0.15 0.06796875
4 0.771875 0.99140625 0.15 0.0171875
0 0.771875 0.99140625 0.15 0.0171875