7 0.14375 0.0640625 0.0171875 0.11484375
3 0.5078125 0.06484375 0.7109375 0.1171875
0 0.75 0.1578125 0.078125 0.05234375
0 0.85 0.1578125 0.115625 0.05234375
0 0.94453125 0.1578125 0.06875 0.05234375
2 0.509375 0.2734375 0.95703125 0.05234375
7 0.54453125 0.23125 0.0578125 0.025
7 0.634375 0.23125 0.04609375 0.025
0 0.634375 0.33125 0.08125 0.146875
0 0.634375 0.4375 0.08125 0.06484375
0 0.634375 0.50234375 0.08125 0.06484375
0 0.634375 0.56796875 0.08125 0.06484375
0 0.634375 0.6328125 0.08125 0.06484375
0 0.634375 0.69765625 0.08125 0.06484375
0 0.634375 0.790625 0.08125 0.11953125
0 0.634375 0.8828125 0.08125 0.06484375
0 0.634375 0.94765625 0.08125 0.06484375
0 0.634375 0.98984375 0.08125 0.0203125
7 0.7234375 0.23359375 0.0921875 0.05625
1 0.8734375 0.2328125 0.146875 0.03671875
0 0.884375 0.27890625 0.18828125 0.04140625
4 0.5 0.5625 0.9375 0.47421875
0 0.5 0.5609375 0.9375 0.0234375
7 0.265625 0.6890625 0.4296875 0.02578125
2 0.15546875 0.71328125 0.21015625 0.03125
7 0.265625 0.76171875 0.4296875 0.02578125
2 0.5015625 0.85703125 0.9125 0.046875
2 0.5015625 0.896875 0.9125 0.025
0 0.88359375 0.875 0.13203125 0.05234375
7 0.44453125 0.97109375 0.059375 0.02109375
7 0.16953125 0.9734375 0.0984375 0.01953125
2 0.2265625 0.996875 0.2125 0.00625
4 0.07109375 0.98359375 0.06875 0.0328125
0 0.0765625 0.98359375 0.078125 0.0328125
7 0.9234375 0.97109375 0.059375 0.02109375
7 0.77578125 0.9734375 0.3546875 0.025
2 0.7734375 0.996875 0.35 0.00625
4 0.55 0.98359375 0.06875 0.0328125
0 0.5546875 0.98359375 0.078125 0.0328125