7 0.078125 0.02265625 0.05625 0.025
0 0.09296875 0.02265625 0.08671875 0.025
0 0.27265625 0.021875 0.115625 0.03125
7 0.3546875 0.021875 0.009375 0.02109375
0 0.35546875 0.021875 0.0234375 0.0296875
6 0.36015625 0.021875 0.00390625 0.015625
7 0.38203125 0.021875 0.009375 0.02109375
0 0.3828125 0.021875 0.0234375 0.0296875
7 0.40703125 0.021875 0.009375 0.02109375
0 0.41015625 0.021875 0.0234375 0.0296875
6 0.41484375 0.021875 0.00703125 0.015625
0 0.4375 0.021875 0.0234375 0.0296875
0 0.46484375 0.021875 0.0234375 0.0296875
4 0.5046875 0.021875 0.02421875 0.03125
0 0.5046875 0.021875 0.02421875 0.03125
4 0.534375 0.021875 0.02421875 0.03125
0 0.534375 0.021875 0.02421875 0.03125
4 0.56484375 0.021875 0.02421875 0.03125
0 0.56484375 0.021875 0.02421875 0.03125
4 0.5953125 0.021875 0.02421875 0.03125
0 0.5953125 0.021875 0.02421875 0.03125
1 0.6859375 0.021875 0.128125 0.0296875
6 0.7984375 0.0171875 0.06875 0.021875
1 0.89140625 0.021875 0.0984375 0.0296875
2 0.10234375 0.14375 0.20390625 0.10546875
2 0.11796875 0.175 0.13984375 0.04296875
0 0.10234375 0.140625 0.20390625 0.02578125
4 0.5 0.1953125 1 0.390625
4 0.26640625 0.521875 0.4328125 0.16796875
0 0.26640625 0.6359375 0.346875 0.0640625
0 0.27109375 0.6984375 0.24140625 0.0640625
7 0.6890625 0.46953125 0.146875 0.0296875
0 0.6984375 0.4703125 0.203125 0.06484375
4 0.43828125 0.9078125 0.14765625 0.18359375
0 0.43828125 0.9078125 0.14765625 0.18359375
2 0.4328125 0.98828125 0.11796875 0.0234375
4 0.584375 0.9078125 0.14765625 0.18359375
0 0.584375 0.9078125 0.14765625 0.18359375
2 0.56171875 0.9984375 0.08203125 0.00234375
4 0.73125 0.9078125 0.14765625 0.18359375
0 0.73125 0.9078125 0.14765625 0.18359375
2 0.7015625 0.9984375 0.06953125 0.00234375
4 0.8765625 0.9078125 0.146875 0.18359375
0 0.8765625 0.9078125 0.146875 0.18359375
2 0.871875 0.98828125 0.1171875 0.0234375