0 0.071875 0.03359375 0.075 0.04140625
0 0.14296875 0.03359375 0.06953125 0.04140625
0 0.2171875 0.03359375 0.0796875 0.04140625
0 0.31171875 0.03359375 0.1125 0.04140625
0 0.41484375 0.03359375 0.0953125 0.04140625
6 0.8984375 0.0375 0.040625 0.021875
4 0.24453125 0.1234375 0.39140625 0.06875
1 0.72890625 0.1140625 0.44453125 0.05078125
6 0.90234375 0.15078125 0.1 0.01796875
0 0.09375 0.23359375 0.08984375 0.0609375
0 0.1890625 0.23359375 0.103125 0.0609375
0 0.3078125 0.23359375 0.1359375 0.0609375
0 0.41875 0.23359375 0.0875 0.0609375
0 0.51953125 0.23359375 0.115625 0.0609375
0 0.62890625 0.23359375 0.10546875 0.0609375
2 0.5 0.315625 0.90234375 0.025
0 0.5 0.38125 0.90234375 0.053125
0 0.5 0.46015625 0.90234375 0.053125
0 0.5 0.53984375 0.90234375 0.053125
7 0.5 0.6234375 0.8578125 0.021875
7 0.253125 0.6546875 0.165625 0.021875
6 0.4203125 0.6546875 0.1703125 0.021875
7 0.5203125 0.6546875 0.0328125 0.021875
6 0.68046875 0.6546875 0.2890625 0.021875
7 0.828125 0.6546875 0.00625 0.021875
4 0.025 0.86875 0.05 0.26171875
7 0.0171875 0.99296875 0.034375 0.0140625
0 0.0171875 0.99296875 0.034375 0.0140625
4 0.32890625 0.86875 0.559375 0.26171875
4 0.80390625 0.86875 0.3921875 0.26171875
4 0.728125 0.86015625 0.1375 0.24375
0 0.88203125 0.82421875 0.1390625 0.05234375
0 0.88203125 0.90234375 0.1390625 0.0546875
7 0.33671875 0.9296875 0.4734375 0.04921875
0 0.74296875 0.940625 0.08984375 0.0609375
0 0.8484375 0.928125 0.103125 0.04921875