0 0.0296875 0.02890625 0.03515625 0.05703125
0 0.12421875 0.02890625 0.04609375 0.05703125
0 0.225 0.02890625 0.046875 0.05703125
0 0.33359375 0.02890625 0.06328125 0.05703125
0 0.4484375 0.02890625 0.059375 0.05703125
0 0.5515625 0.02890625 0.03828125 0.05703125
0 0.65234375 0.02890625 0.05625 0.05703125
0 0.7703125 0.02890625 0.07109375 0.05703125
4 0.878125 0.02890625 0.03828125 0.05703125
0 0.96953125 0.02890625 0.0375 0.05703125
4 0.5 0.09140625 1 0.06796875
7 0.06875 0.0921875 0.09453125 0.0328125
0 0.06875 0.0921875 0.09453125 0.02734375
7 0.15390625 0.0921875 0.06953125 0.0328125
7 0.5 0.171875 0.64453125 0.0234375
4 0.26796875 0.3609375 0.21171875 0.2828125
2 0.49375 0.25078125 0.18046875 0.0375
2 0.61015625 0.2515625 0.0234375 0.02109375
2 0.6203125 0.28515625 0.434375 0.02890625
2 0.4265625 0.315625 0.046875 0.02734375
7 0.4171875 0.3578125 0.028125 0.0234375
2 0.225 0.5859375 0.12578125 0.03125
0 0.3265625 0.590625 0.04296875 0.0296875
0 0.378125 0.590625 0.0296875 0.0296875
0 0.4484375 0.590625 0.0796875 0.0296875
4 0.26796875 0.6890625 0.21171875 0.13046875
4 0.5 0.6890625 0.2125 0.13046875
4 0.7328125 0.6890625 0.2125 0.13046875
4 0.92890625 0.6890625 0.1421875 0.13046875
7 0.41328125 0.8453125 0.5015625 0.046875
7 0.41328125 0.90390625 0.5015625 0.0234375
7 0.41328125 0.92734375 0.5015625 0.0234375
7 0.41328125 0.95078125 0.5015625 0.0234375
7 0.41328125 0.98125 0.5015625 0.0375