4 0.03515625 0.04140625 0.0234375 0.03125
0 0.03515625 0.04140625 0.046875 0.0625
7 0.17890625 0.0421875 0.0875 0.0328125
0 0.1421875 0.04453125 0.16015625 0.03125
1 0.503125 0.04140625 0.3625 0.06015625
4 0.2953125 0.04140625 0.0234375 0.03125
0 0.2953125 0.04140625 0.0546875 0.06015625
4 0.85546875 0.04140625 0.0234375 0.03125
0 0.85546875 0.04140625 0.0390625 0.05234375
0 0.93359375 0.04140625 0.09375 0.046875
7 0.5 0.13046875 0.60546875 0.03125
4 0.2515625 0.234375 0.109375 0.14609375
0 0.2515625 0.27578125 0.109375 0.22890625
7 0.24375 0.3359375 0.09375 0.05703125
7 0.24375 0.38046875 0.09375 0.02109375
4 0.37578125 0.234375 0.109375 0.14609375
0 0.37578125 0.27578125 0.109375 0.22890625
7 0.36796875 0.3359375 0.09375 0.05703125
7 0.36796875 0.38046875 0.09375 0.02109375
4 0.5 0.234375 0.109375 0.14609375
0 0.5 0.26328125 0.109375 0.203125
7 0.4921875 0.32265625 0.09375 0.03125
7 0.4921875 0.35390625 0.09375 0.02109375
4 0.62421875 0.234375 0.109375 0.14609375
0 0.62421875 0.26328125 0.109375 0.203125
7 0.61640625 0.32265625 0.09375 0.03125
7 0.61640625 0.35390625 0.09375 0.02109375
4 0.7484375 0.234375 0.109375 0.14609375
0 0.7484375 0.27578125 0.109375 0.22890625
7 0.740625 0.3359375 0.09375 0.05703125
7 0.740625 0.38046875 0.09375 0.02109375
4 0.871875 0.234375 0.109375 0.14609375
0 0.871875 0.26328125 0.109375 0.203125
7 0.8640625 0.32265625 0.09375 0.03125
7 0.8640625 0.35390625 0.09375 0.02109375
4 0.9703125 0.234375 0.05859375 0.14609375
0 0.9703125 0.26328125 0.05859375 0.203125
7 0.9703125 0.32265625 0.05859375 0.03125
7 0.9703125 0.35390625 0.05859375 0.02109375
7 0.5 0.45859375 0.60546875 0.03125
4 0.2515625 0.5625 0.109375 0.14609375
0 0.2515625 0.60390625 0.109375 0.22890625
7 0.24375 0.6640625 0.09375 0.05703125
7 0.24375 0.70859375 0.09375 0.02109375
4 0.37578125 0.5625 0.109375 0.14609375
0 0.37578125 0.59140625 0.109375 0.203125
7 0.36796875 0.65078125 0.09375 0.03125
7 0.36796875 0.68203125 0.09375 0.02109375
4 0.5 0.5625 0.109375 0.14609375
0 0.5 0.59140625 0.109375 0.203125
7 0.4921875 0.65078125 0.09375 0.03125
7 0.4921875 0.68203125 0.09375 0.02109375
4 0.62421875 0.5625 0.109375 0.14609375
0 0.62421875 0.59140625 0.109375 0.203125
7 0.61640625 0.65078125 0.09375 0.03125
7 0.61640625 0.68203125 0.09375 0.02109375
4 0.7484375 0.5625 0.109375 0.14609375
0 0.7484375 0.59140625 0.109375 0.203125
7 0.740625 0.65078125 0.09375 0.03125
7 0.740625 0.68203125 0.09375 0.02109375
4 0.871875 0.5625 0.109375 0.14609375
0 0.871875 0.59140625 0.109375 0.203125
7 0.8640625 0.65078125 0.09375 0.03125
7 0.8640625 0.68203125 0.09375 0.02109375
4 0.9703125 0.5625 0.05859375 0.14609375
0 0.9703125 0.60390625 0.05859375 0.22890625
7 0.9703125 0.6640625 0.05859375 0.05703125
7 0.9703125 0.70859375 0.05859375 0.02109375
7 0.5 0.78671875 0.60546875 0.03125
4 0.2515625 0.890625 0.109375 0.14609375
0 0.2515625 0.90859375 0.109375 0.18203125
7 0.24375 0.98125 0.09375 0.0375
4 0.37578125 0.890625 0.109375 0.14609375
0 0.37578125 0.90859375 0.109375 0.18203125
7 0.36796875 0.97890625 0.09375 0.03125
4 0.5 0.890625 0.109375 0.14609375
0 0.5 0.90859375 0.109375 0.18203125
7 0.4921875 0.98125 0.09375 0.0375
4 0.62421875 0.890625 0.109375 0.14609375
0 0.62421875 0.90859375 0.109375 0.18203125
7 0.61640625 0.97890625 0.09375 0.03125
4 0.7484375 0.890625 0.109375 0.14609375
0 0.7484375 0.90859375 0.109375 0.18203125
7 0.740625 0.98125 0.09375 0.0375
4 0.871875 0.890625 0.109375 0.14609375
0 0.871875 0.90859375 0.109375 0.18203125
7 0.8640625 0.98125 0.09375 0.0375
4 0.9703125 0.890625 0.05859375 0.14609375
0 0.9703125 0.90859375 0.05859375 0.18203125
7 0.96953125 0.98125 0.0578125 0.0375