4 0.1171875 0.215625 0.2046875 0.3609375
4 0.1828125 0.36953125 0.07421875 0.05703125
1 0.3640625 0.05625 0.20234375 0.0484375
4 0.44609375 0.05625 0.0140625 0.01796875
0 0.446875 0.05625 0.0359375 0.0484375
7 0.5359375 0.05625 0.0625 0.0234375
0 0.5421875 0.05625 0.075 0.0296875
4 0.575 0.05625 0.009375 0.01171875
6 0.61953125 0.05625 0.0421875 0.0234375
6 0.696875 0.05625 0.0765625 0.0234375
6 0.76875 0.05625 0.03046875 0.0234375
6 0.89453125 0.05625 0.18359375 0.08984375
6 0.29375 0.1640625 0.06171875 0.02578125
6 0.36796875 0.1640625 0.05546875 0.02578125
6 0.43828125 0.1640625 0.05546875 0.02578125
6 0.540625 0.1640625 0.11875 0.02578125
6 0.64453125 0.1640625 0.05859375 0.02578125
6 0.7171875 0.1640625 0.05546875 0.02578125
6 0.78203125 0.1640625 0.04296875 0.02578125
6 0.85234375 0.1640625 0.06875 0.02578125
7 0.9359375 0.1640625 0.1 0.02578125
7 0.32734375 0.2671875 0.0546875 0.0234375
2 0.55546875 0.3140625 0.5109375 0.06796875
7 0.35625 0.38359375 0.1125 0.021875
7 0.6015625 0.478125 0.603125 0.05625
4 0.6234375 0.778125 0.721875 0.44375
0 0.6234375 0.778125 0.721875 0.44375
7 0.08515625 0.4546875 0.14140625 0.021875
2 0.103125 0.51796875 0.178125 0.09375
7 0.09296875 0.58515625 0.15625 0.021875
7 0.03984375 0.6734375 0.05 0.021875
2 0.09921875 0.73671875 0.16875 0.09375
7 0.10703125 0.80390625 0.184375 0.021875
7 0.0640625 0.8921875 0.0984375 0.021875
2 0.1171875 0.95390625 0.20625 0.0921875