0 0.5 0.078125 0.25625 0.06484375
0 0.746875 0.078125 0.08984375 0.02578125
0 0.84296875 0.078125 0.1046875 0.02578125
0 0.91875 0.078125 0.0484375 0.02578125
0 0.9640625 0.078125 0.040625 0.03359375
3 0.5 0.25546875 0.7109375 0.1171875
2 0.06875 0.3828125 0.04296875 0.02109375
2 0.10859375 0.3828125 0.0390625 0.02109375
7 0.0484375 0.47421875 0.0390625 0.04453125
6 0.18046875 0.47421875 0.2234375 0.04921875
6 0.19453125 0.55859375 0.2515625 0.04921875
6 0.1796875 0.64296875 0.22265625 0.04921875
6 0.19375 0.7390625 0.25 0.071875
3 0.17578125 0.86875 0.29296875 0.15390625
6 0.18515625 0.98125 0.23359375 0.0375
2 0.4125 0.3828125 0.025 0.02109375
2 0.44453125 0.3828125 0.0421875 0.02109375
6 0.42578125 0.4640625 0.0875 0.02734375
2 0.64140625 0.5796875 0.51953125 0.2046875
7 0.6765625 0.69921875 0.5890625 0.02890625
7 0.39140625 0.73125 0.01953125 0.0171875
6 0.45703125 0.73125 0.11328125 0.0171875
7 0.52890625 0.73125 0.03203125 0.0171875
6 0.584375 0.73125 0.0796875 0.0171875
4 0.6765625 0.8796875 0.5890625 0.240625
7 0.4296875 0.9453125 0.8109375 0.05703125
0 0.896875 0.9453125 0.07890625 0.046875
0 0.9671875 0.9453125 0.01640625 0.02578125