4 0.51171875 0.071875 0.5875 0.06484375
0 0.51171875 0.06875 0.5875 0.02578125
3 0.9234375 0.06171875 0.15234375 0.071875
0 0.16796875 0.16953125 0.0703125 0.05234375
0 0.26015625 0.16953125 0.059375 0.05234375
0 0.3453125 0.16953125 0.05546875 0.05234375
0 0.4265625 0.16953125 0.053125 0.05234375
7 0.48515625 0.1625 0.0078125 0.01796875
0 0.503125 0.16953125 0.04609375 0.05234375
7 0.49296875 0.1625 0.009375 0.01796875
7 0.50234375 0.1625 0.0109375 0.01796875
7 0.509375 0.1625 0.0046875 0.01796875
7 0.5140625 0.1625 0.00703125 0.01796875
7 0.52109375 0.1625 0.00859375 0.01796875
0 0.5765625 0.16953125 0.0453125 0.05234375
0 0.65546875 0.16953125 0.05859375 0.05234375
0 0.7359375 0.16953125 0.04765625 0.05234375
0 0.8078125 0.16953125 0.0421875 0.05234375
0 0.87578125 0.16953125 0.0390625 0.05234375
7 0.9875 0.159375 0.025 0.0453125
4 0.128125 0.365625 0.25625 0.34140625
0 0.128125 0.52265625 0.25625 0.6546875
7 0.128125 0.5203125 0.13125 0.0328125
7 0.128125 0.6328125 0.25625 0.1796875
7 0.09765625 0.73515625 0.0171875 0.01953125
7 0.1359375 0.7359375 0.06171875 0.0171875
4 0.38359375 0.365625 0.25625 0.34140625
0 0.38359375 0.52265625 0.25625 0.6546875
7 0.38359375 0.5203125 0.09375 0.0328125
7 0.38359375 0.6328125 0.25625 0.1796875
7 0.34296875 0.73515625 0.0171875 0.01953125
7 0.3921875 0.7359375 0.0828125 0.0171875
4 0.284375 0.234375 0.01171875 0.05234375
4 0.63984375 0.365625 0.25625 0.34140625
0 0.63984375 0.52265625 0.25625 0.6546875
7 0.63984375 0.5203125 0.146875 0.0328125
7 0.63984375 0.65390625 0.25625 0.22109375
7 0.59921875 0.7765625 0.01640625 0.01953125
7 0.64765625 0.778125 0.08125 0.0171875
4 0.88359375 0.365625 0.2328125 0.34140625
0 0.88359375 0.52265625 0.2328125 0.6546875
7 0.8953125 0.5203125 0.1578125 0.0328125
7 0.88359375 0.65390625 0.2328125 0.22109375
7 0.840625 0.7765625 0.01640625 0.01953125
7 0.90390625 0.778125 0.11015625 0.0171875
4 0.37890625 0.925 0.7578125 0.15
0 0.5 0.925 1 0.15
7 0.7953125 0.99140625 0.40703125 0.0171875