7 0.0296875 0.05703125 0.025 0.01328125
0 0.0296875 0.04140625 0.04296875 0.06015625
4 0.5 0.04140625 0.2125 0.02578125
0 0.5 0.04140625 0.2125 0.02578125
7 0.909375 0.05703125 0.03046875 0.01328125
0 0.91015625 0.04140625 0.0484375 0.06015625
7 0.9625 0.05703125 0.040625 0.01328125
0 0.9625 0.04140625 0.05859375 0.06015625
4 0.0640625 0.134375 0.090625 0.08046875
0 0.16328125 0.09375 0.3265625 0.02109375
6 0.2171875 0.125 0.21484375 0.08359375
4 0.38984375 0.134375 0.090625 0.08046875
0 0.4890625 0.09375 0.3265625 0.02109375
6 0.54296875 0.125 0.21484375 0.08359375
4 0.71640625 0.134375 0.090625 0.08046875
0 0.815625 0.09375 0.3265625 0.02109375
6 0.86875 0.125 0.21484375 0.08359375
4 0.9984375 0.134375 0.003125 0.08046875
0 0.9890625 0.09375 0.021875 0.02109375
4 0.25390625 0.4859375 0.4609375 0.41015625
0 0.25390625 0.4859375 0.4609375 0.41015625
0 0.0484375 0.709375 0.05 0.03671875
6 0.21953125 0.78046875 0.39140625 0.0953125
6 0.19453125 0.86875 0.3421875 0.02109375
7 0.0328125 0.9140625 0.01953125 0.01796875
6 0.08515625 0.9140625 0.08515625 0.01796875
4 0.6078125 0.36328125 0.184375 0.1640625
0 0.6078125 0.44921875 0.184375 0.3359375
0 0.7296875 0.29921875 0.0296875 0.03671875
6 0.8328125 0.38515625 0.23515625 0.12734375
6 0.8453125 0.51328125 0.2609375 0.07265625
7 0.725 0.584375 0.0203125 0.01796875
6 0.778125 0.584375 0.08671875 0.01796875
4 0.6078125 0.7515625 0.184375 0.1640625
0 0.6078125 0.80859375 0.184375 0.27890625
7 0.76640625 0.6890625 0.10234375 0.0390625
6 0.8421875 0.759375 0.25390625 0.09375
6 0.840625 0.85703125 0.25078125 0.046875
7 0.7671875 0.915625 0.10546875 0.01796875