7 0.30390625 0.00859375 0.509375 0.0171875
6 0.4609375 0.00859375 0.0875 0.0171875
4 0.096875 0.0390625 0.1046875 0.0546875
0 0.096875 0.0390625 0.12421875 0.078125
7 0.828125 0.03828125 0.115625 0.025
0 0.828125 0.0390625 0.14453125 0.078125
7 0.5 0.09140625 0.4046875 0.0234375
4 0.5 0.33828125 1 0.65078125
4 0.5 0.33828125 1 0.52109375
2 0.5 0.225 0.91796875 0.15
7 0.5 0.33046875 0.7265625 0.03359375
0 0.5 0.40078125 0.15625 0.0625
7 0.45 0.54921875 0.534375 0.02578125
0 0.76640625 0.5515625 0.1015625 0.0296875
2 0.5 0.65078125 0.91796875 0.05234375
7 0.27421875 0.7125 0.4671875 0.02890625
4 0.26328125 0.8859375 0.39921875 0.228125
4 0.57890625 0.80625 0.090625 0.09140625
0 0.57890625 0.85078125 0.12890625 0.025
2 0.815625 0.76796875 0.2875 0.02578125
2 0.79375 0.8078125 0.24375 0.05625
7 0.815625 0.88984375 0.2875 0.08203125
4 0.57890625 0.98125 0.08203125 0.0375
2 0.815625 0.9703125 0.2875 0.02578125
2 0.7984375 0.990625 0.253125 0.01796875