4 0.034375 0.04296875 0.0390625 0.05234375
0 0.034375 0.04765625 0.0390625 0.0609375
4 0.08828125 0.04765625 0.01484375 0.01953125
1 0.21953125 0.04765625 0.29296875 0.0453125
6 0.40546875 0.046875 0.03984375 0.0234375
6 0.46171875 0.046875 0.034375 0.0234375
6 0.52265625 0.046875 0.0515625 0.0234375
6 0.5890625 0.046875 0.0421875 0.0234375
6 0.64375 0.046875 0.03203125 0.0234375
4 0.68671875 0.0484375 0.01484375 0.00546875
7 0.8765625 0.04765625 0.03828125 0.021875
0 0.8765625 0.04765625 0.065625 0.040625
7 0.95 0.04765625 0.04609375 0.021875
0 0.95 0.04765625 0.0734375 0.040625
7 0.5 0.13671875 0.9703125 0.02109375
4 0.0484375 0.20546875 0.0296875 0.0390625
0 0.05390625 0.20546875 0.0390625 0.0390625
7 0.1078125 0.2046875 0.06953125 0.01953125
0 0.1078125 0.20546875 0.06953125 0.02578125
7 0.253125 0.20546875 0.20390625 0.02578125
7 0.95546875 0.2046875 0.02265625 0.01953125
7 0.459375 0.2796875 0.85 0.08359375
0 0.459375 0.2796875 0.85 0.08359375
7 0.459375 0.39296875 0.85 0.1171875
0 0.459375 0.39296875 0.85 0.1171875
4 0.934375 0.2828125 0.015625 0.01953125
0 0.934375 0.29375 0.0625 0.09765625
7 0.934375 0.303125 0.0140625 0.02109375
4 0.0484375 0.50859375 0.01171875 0.0140625
0 0.05625 0.5078125 0.0453125 0.03125
7 0.0640625 0.5078125 0.0125 0.02109375
4 0.103125 0.50390625 0.0109375 0.01328125
7 0.128125 0.50546875 0.0421875 0.015625
7 0.04296875 0.609375 0.05625 0.04140625
6 0.896875 0.609375 0.053125 0.015625
6 0.95625 0.609375 0.046875 0.015625
4 0.0734375 0.72109375 0.078125 0.10390625
0 0.5 0.721875 0.9703125 0.1578125
2 0.503125 0.68515625 0.76171875 0.03125
6 0.503125 0.71328125 0.76171875 0.02578125
4 0.934375 0.7046875 0.015625 0.02109375
0 0.934375 0.7171875 0.0625 0.09609375
7 0.934375 0.72734375 0.021875 0.02734375
4 0.146875 0.759375 0.01171875 0.0140625
0 0.1546875 0.759375 0.0453125 0.03125
7 0.16171875 0.759375 0.0125 0.02109375
7 0.2140625 0.759375 0.05625 0.02109375
0 0.2140625 0.759375 0.05625 0.02109375
4 0.0734375 0.87890625 0.078125 0.10390625
0 0.5 0.8796875 0.9703125 0.1578125
2 0.503125 0.8421875 0.76171875 0.03125
6 0.503125 0.87109375 0.76171875 0.02578125
4 0.934375 0.86171875 0.015625 0.02109375
0 0.934375 0.875 0.0625 0.09609375
7 0.934375 0.884375 0.021875 0.02734375
4 0.146875 0.9171875 0.01171875 0.0140625
0 0.15703125 0.91640625 0.05078125 0.03125
7 0.16484375 0.91640625 0.01875 0.02109375
7 0.21328125 0.91640625 0.04375 0.02109375
0 0.21328125 0.91640625 0.04375 0.02109375
4 0.0734375 0.9921875 0.078125 0.015625
0 0.5 0.97890625 0.9703125 0.04140625
2 0.503125 0.9921875 0.76171875 0.015625
0 0.934375 0.9921875 0.0625 0.015625
4 0.9515625 0.93515625 0.02734375 0.04140625
0 0.9515625 0.93515625 0.05859375 0.078125