4 0.5 0.04296875 0.17578125 0.02890625
0 0.5 0.04296875 0.17578125 0.02890625
0 0.046875 0.04296875 0.046875 0.0546875
6 0.128125 0.04296875 0.0921875 0.0546875
7 0.878125 0.04296875 0.0453125 0.02890625
0 0.88828125 0.04296875 0.065625 0.02890625
0 0.9578125 0.04296875 0.03828125 0.02890625
4 0.5 0.47109375 1 0.76796875
7 0.096875 0.79609375 0.03046875 0.0328125
1 0.41015625 0.79609375 0.571875 0.01171875
7 0.7171875 0.79609375 0.03046875 0.0328125
2 0.5 0.95625 0.7328125 0.040625
7 0.5 0.99140625 0.7328125 0.0171875
7 0.1265625 0.8828125 0.08515625 0.02109375
7 0.2421875 0.88359375 0.0609375 0.025
0 0.2296875 0.88359375 0.0859375 0.02734375