0 0.00859375 0.0109375 0.0171875 0.021875
0 0.084375 0.0328125 0.05859375 0.025
0 0.1515625 0.03203125 0.0359375 0.021875
0 0.2078125 0.03203125 0.03203125 0.021875
7 0.2875 0.03203125 0.08671875 0.021875
0 0.3109375 0.03203125 0.1328125 0.021875
7 0.353125 0.03203125 0.046875 0.021875
0 0.43203125 0.03203125 0.0671875 0.021875
0 0.5140625 0.03203125 0.05546875 0.021875
0 0.91171875 0.0234375 0.0671875 0.046875
4 0.85625 0.02578125 0.015625 0.02109375
0 0.86015625 0.0234375 0.0375 0.046875
4 0.828125 0.02578125 0.015625 0.02109375
0 0.825 0.0234375 0.0359375 0.046875
2 0.19765625 0.11015625 0.2859375 0.05078125
0 0.19765625 0.11015625 0.2859375 0.05078125
0 0.41796875 0.121875 0.134375 0.02734375
0 0.53671875 0.121875 0.1046875 0.02734375
0 0.61796875 0.121875 0.059375 0.02734375
1 0.7984375 0.11171875 0.18359375 0.0390625
1 0.9171875 0.11171875 0.0546875 0.04453125
4 0.6984375 0.10859375 0.01875 0.03515625
4 0.0640625 0.17421875 0.01171875 0.015625
0 0.12734375 0.17578125 0.1453125 0.0546875
7 0.13515625 0.1765625 0.11640625 0.021875
4 0.2375 0.17421875 0.01171875 0.015625
0 0.27421875 0.17578125 0.09296875 0.0546875
7 0.28203125 0.1765625 0.06328125 0.021875
4 0.3578125 0.17421875 0.01171875 0.015625
0 0.3828125 0.17578125 0.0703125 0.0546875
7 0.390625 0.1765625 0.040625 0.021875
4 0.4546875 0.17421875 0.01171875 0.015625
0 0.4765625 0.17578125 0.0625 0.0546875
7 0.48515625 0.1765625 0.0328125 0.021875
0 0.559375 0.17578125 0.0484375 0.0546875
0 0.65703125 0.17578125 0.04375 0.0546875
0 0.7375 0.17578125 0.04296875 0.0546875
0 0.81953125 0.17578125 0.05 0.0546875
4 0.89375 0.178125 0.01171875 0.015625
0 0.91328125 0.17578125 0.0640625 0.0546875
7 0.92109375 0.1765625 0.0359375 0.021875
4 0.3484375 0.4953125 0.58671875 0.521875
0 0.3484375 0.4953125 0.58671875 0.521875
2 0.30390625 0.8703125 0.4984375 0.19921875
7 0.3109375 0.98828125 0.51171875 0.0234375
2 0.80390625 0.2859375 0.2484375 0.05625
0 0.80390625 0.2859375 0.2484375 0.05625
7 0.80390625 0.35390625 0.2484375 0.08359375
4 0.80390625 0.51953125 0.2484375 0.22109375
0 0.80390625 0.51953125 0.2484375 0.22109375
4 0.890625 0.71875 0.0453125 0.06015625
0 0.80390625 0.7515625 0.2484375 0.165625
2 0.7671875 0.7515625 0.175 0.165625
4 0.903125 0.9046875 0.0484375 0.06484375
0 0.80390625 0.9359375 0.2484375 0.12734375
2 0.77109375 0.928125 0.1828125 0.1109375
3 0.5 0.5 1 1