4 0.059375 0.03671875 0.11875 0.03125
2 0.284375 0.03671875 0.3078125 0.01796875
6 0.5859375 0.03515625 0.1265625 0.0234375
6 0.69609375 0.03515625 0.06328125 0.0234375
6 0.7671875 0.0359375 0.05078125 0.02734375
1 0.90859375 0.03671875 0.1828125 0.0390625
6 0.04453125 0.08203125 0.0890625 0.01796875
6 0.13984375 0.08203125 0.06328125 0.01796875
6 0.2 0.0828125 0.01640625 0.02734375
6 0.153125 0.13359375 0.025 0.02734375
6 0.2234375 0.13359375 0.0765625 0.02734375
6 0.30625 0.13359375 0.05078125 0.02734375
6 0.3703125 0.13359375 0.03828125 0.02734375
6 0.434375 0.13359375 0.05078125 0.02734375
6 0.5171875 0.13359375 0.0765625 0.02734375
6 0.61328125 0.13359375 0.0765625 0.02734375
6 0.715625 0.13359375 0.0890625 0.02734375
6 0.8046875 0.13359375 0.05078125 0.02734375
6 0.86875 0.13359375 0.03828125 0.02734375
6 0.9328125 0.13359375 0.05078125 0.02734375
4 0.24375 0.22265625 0.15234375 0.04921875
7 0.24375 0.22265625 0.15234375 0.04921875
7 0.396875 0.22265625 0.15234375 0.04921875
7 0.5484375 0.22265625 0.15234375 0.04921875
7 0.7015625 0.22265625 0.15234375 0.04921875
7 0.853125 0.22265625 0.15234375 0.04921875
0 0.9953125 0.22265625 0.00859375 0.04921875
7 0.0140625 0.28359375 0.0234375 0.03125
0 0.090625 0.4203125 0.1765625 0.3046875
4 0.090625 0.346875 0.1765625 0.1578125
6 0.090625 0.4578125 0.15703125 0.084375
6 0.090625 0.5125 0.15703125 0.01953125
6 0.090625 0.53359375 0.15703125 0.01796875
6 0.090625 0.55625 0.15703125 0.015625
7 0.090625 0.5109375 0.15703125 0.01953125
6 0.09453125 0.5328125 0.16484375 0.02734375
7 0.090625 0.55625 0.15703125 0.015625
7 0.196875 0.28359375 0.0234375 0.03125
0 0.27421875 0.4203125 0.1765625 0.3046875
4 0.27421875 0.346875 0.1765625 0.1578125
6 0.27421875 0.4578125 0.15703125 0.084375
6 0.27421875 0.5125 0.15703125 0.01953125
6 0.27421875 0.53359375 0.15703125 0.01796875
6 0.27421875 0.55625 0.15703125 0.015625
7 0.27421875 0.5109375 0.15703125 0.01953125
6 0.240625 0.5328125 0.08984375 0.02734375
7 0.27421875 0.55625 0.15703125 0.015625
7 0.38125 0.28359375 0.0234375 0.03125
0 0.4578125 0.4203125 0.1765625 0.3046875
4 0.4578125 0.346875 0.1765625 0.1578125
6 0.4578125 0.4578125 0.15703125 0.084375
6 0.4578125 0.5125 0.15703125 0.01953125
6 0.4578125 0.53359375 0.15703125 0.01796875
6 0.4578125 0.55625 0.15703125 0.015625
7 0.4578125 0.5109375 0.15703125 0.01953125
6 0.4421875 0.5328125 0.1265625 0.02734375
7 0.4578125 0.55625 0.15703125 0.015625
7 0.5640625 0.28359375 0.0234375 0.03125
0 0.64140625 0.4203125 0.1765625 0.3046875
4 0.64140625 0.346875 0.1765625 0.1578125
6 0.64140625 0.4578125 0.15703125 0.084375
6 0.64140625 0.5125 0.15703125 0.01953125
6 0.64140625 0.53359375 0.15703125 0.01796875
6 0.64140625 0.55625 0.15703125 0.015625
7 0.64140625 0.5109375 0.15703125 0.01953125
6 0.61953125 0.5328125 0.1140625 0.02734375
7 0.64140625 0.55625 0.15703125 0.015625
7 0.7484375 0.28359375 0.0234375 0.03125
0 0.825 0.4203125 0.1765625 0.3046875
4 0.825 0.346875 0.1765625 0.1578125
6 0.825 0.4578125 0.15703125 0.084375
6 0.825 0.5125 0.15703125 0.01953125
6 0.825 0.53359375 0.15703125 0.01796875
6 0.825 0.55625 0.15703125 0.015625
7 0.825 0.5109375 0.15703125 0.01953125
6 0.803125 0.5328125 0.1140625 0.02734375
7 0.825 0.55625 0.15703125 0.015625
7 0.93125 0.28359375 0.0234375 0.03125
0 0.96015625 0.4203125 0.0796875 0.3046875
4 0.96015625 0.346875 0.0796875 0.1578125
6 0.96484375 0.4578125 0.0703125 0.084375
6 0.96484375 0.5125 0.0703125 0.01953125
6 0.96484375 0.53359375 0.0703125 0.01796875
6 0.96484375 0.55625 0.0703125 0.015625
7 0.96484375 0.5109375 0.0703125 0.01953125
6 0.96484375 0.5328125 0.0703125 0.02734375
7 0.96484375 0.55625 0.0703125 0.015625
2 0.3796875 0.66875 0.759375 0.03515625
2 0.1296875 0.76171875 0.25859375 0.0859375
0 0.1859375 0.78515625 0.37109375 0.1328125
6 0.1296875 0.81875 0.25859375 0.01953125
7 0.1296875 0.83984375 0.25859375 0.0234375
4 0.321875 0.7625 0.09765625 0.0875
0 0.08203125 0.84140625 0.1640625 0.0234375
2 0.51796875 0.76171875 0.25859375 0.0859375
0 0.57421875 0.78515625 0.37109375 0.1328125
6 0.51796875 0.81875 0.25859375 0.01953125
7 0.51796875 0.83984375 0.25859375 0.0234375
4 0.7109375 0.7625 0.09765625 0.0875
0 0.44140625 0.84140625 0.10546875 0.0234375
2 0.1296875 0.93203125 0.25859375 0.0859375
0 0.1859375 0.94453125 0.37109375 0.1109375
6 0.1296875 0.9890625 0.25859375 0.01953125
7 0.1296875 0.99921875 0.25859375 0.0015625
4 0.321875 0.9328125 0.09765625 0.0875
2 0.51796875 0.93203125 0.25859375 0.0859375
0 0.57421875 0.94453125 0.37109375 0.1109375
6 0.51796875 0.9890625 0.25859375 0.01953125
7 0.51796875 0.99921875 0.25859375 0.0015625
4 0.7109375 0.9328125 0.09765625 0.0875
2 0.915625 0.68203125 0.16875 0.03125
0 0.8984375 0.825 0.203125 0.35
2 0.93046875 0.71328125 0.1390625 0.03125
4 0.8421875 0.7765625 0.05390625 0.053125
6 0.934375 0.76015625 0.13125 0.02109375
6 0.934375 0.78671875 0.13125 0.03359375
4 0.8421875 0.85625 0.05390625 0.053125
6 0.934375 0.83984375 0.13125 0.02109375
6 0.934375 0.865625 0.13125 0.03359375
4 0.8421875 0.9359375 0.05390625 0.053125
6 0.90703125 0.91953125 0.075 0.02109375
6 0.90703125 0.9453125 0.075 0.03359375
4 0.8421875 0.996875 0.05390625 0.00625
6 0.934375 0.99375 0.13125 0.01171875