6 0.6 0.028125 0.115625 0.025
7 0.12734375 0.07578125 0.15546875 0.06796875
0 0.12734375 0.07578125 0.15546875 0.06796875
0 0.37578125 0.0875 0.05859375 0.03515625
0 0.4984375 0.0875 0.1390625 0.03515625
0 0.6171875 0.0875 0.053125 0.03515625
0 0.9171875 0.03046875 0.065625 0.03515625
0 0.84140625 0.03046875 0.06953125 0.03515625
0 0.8375 0.09296875 0.22578125 0.0484375
1 0.8375 0.165625 0.22578125 0.03671875
4 0.93515625 0.165625 0.0203125 0.02578125
0 0.0953125 0.1671875 0.0734375 0.02734375
0 0.196875 0.1671875 0.090625 0.02734375
0 0.3015625 0.1671875 0.07890625 0.02734375
0 0.3859375 0.1671875 0.0515625 0.02734375
0 0.46796875 0.1671875 0.0734375 0.02734375
4 0.5 0.2 1 0.00390625
2 0.24765625 0.4 0.4109375 0.4296875
7 0.746875 0.35859375 0.41328125 0.13671875
0 0.71328125 0.4984375 0.346875 0.05703125
7 0.22109375 0.65 0.34296875 0.05703125
7 0.03046875 0.7578125 0.0609375 0.1375
7 0.03046875 0.91953125 0.0609375 0.1578125
4 0.12109375 0.765625 0.11328125 0.15078125
7 0.2828125 0.7171875 0.18125 0.0546875
7 0.2828125 0.8796875 0.18125 0.240625
4 0.43359375 0.765625 0.11328125 0.15078125
7 0.5953125 0.7171875 0.18125 0.0546875
7 0.5953125 0.8796875 0.18125 0.240625
4 0.74609375 0.765625 0.11328125 0.15078125
7 0.9078125 0.75859375 0.18125 0.13671875
7 0.9078125 0.9203125 0.18125 0.15859375
7 0.5359375 0.65 0.253125 0.05703125
7 0.5359375 0.71328125 0.2234375 0.0546875
4 0.4640625 0.7984375 0.08125 0.1078125
7 0.58125 0.8796875 0.1296875 0.240625
7 0.80625 0.65 0.253125 0.05703125
3 0.80625 0.84296875 0.2234375 0.3140625
4 0.975 0.0609375 0.021875 0.02890625
7 0.30390625 0.0609375 0.509375 0.07578125
6 0.45703125 0.08828125 0.0875 0.02109375
6 0.86796875 0.06171875 0.1125 0.01953125
0 0.70625 0.0640625 0.096875 0.021875