2 0.128125 0.04453125 0.1640625 0.046875
0 0.32890625 0.0453125 0.140625 0.0546875
0 0.48046875 0.0453125 0.0859375 0.0546875
0 0.6078125 0.0453125 0.09296875 0.0546875
0 0.725 0.0453125 0.065625 0.0546875
0 0.86015625 0.0453125 0.028125 0.0390625
0 0.94453125 0.04453125 0.01953125 0.0390625
4 0.5 0.321875 0.9078125 0.46484375
2 0.26328125 0.45703125 0.27421875 0.109375
2 0.4984375 0.43046875 0.10234375 0.0296875
2 0.7421875 0.43046875 0.10546875 0.05859375
2 0.5359375 0.50078125 0.178125 0.0296875
2 0.74296875 0.50078125 0.10625 0.05859375
2 0.184375 0.60859375 0.1828125 0.04296875
4 0.4234375 0.6125 0.0171875 0.025
7 0.4640625 0.6125 0.06328125 0.021875
7 0.54765625 0.6125 0.103125 0.021875
0 0.1421875 0.66484375 0.0984375 0.06640625
1 0.3953125 0.66484375 0.409375 0.06640625
2 0.75078125 0.60859375 0.15 0.0375
0 0.7640625 0.66484375 0.1765625 0.06640625
7 0.8734375 0.66328125 0.0171875 0.025
6 0.90078125 0.66328125 0.03828125 0.025
2 0.17890625 0.871875 0.265625 0.25625
4 0.11640625 0.91015625 0.140625 0.1796875
2 0.23359375 0.90859375 0.04765625 0.18203125
2 0.39765625 0.88359375 0.375 0.0765625
7 0.21796875 0.93125 0.01640625 0.021875
6 0.2625 0.93125 0.071875 0.021875
7 0.353125 0.93125 0.109375 0.021875
6 0.4703125 0.93125 0.12421875 0.021875
7 0.42109375 0.9765625 0.421875 0.046875
2 0.8078125 0.7625 0.29296875 0.0375
4 0.69765625 0.86953125 0.0734375 0.09921875
7 0.85234375 0.8671875 0.20390625 0.08359375
0 0.8078125 0.86953125 0.29296875 0.09921875
4 0.69765625 0.971875 0.0734375 0.05625
7 0.8515625 0.98125 0.203125 0.0375
0 0.8078125 0.971875 0.29296875 0.05625