4 0.5 0.05234375 1 0.10390625
7 0.934375 0.1578125 0.0046875 0.02109375
0 0.9546875 0.1578125 0.03828125 0.02109375
7 0.975 0.1578125 0.0046875 0.02109375
7 0.353125 0.2359375 0.159375 0.04921875
7 0.4484375 0.2359375 0.03515625 0.04921875
7 0.53046875 0.2359375 0.13125 0.04921875
7 0.32109375 0.28046875 0.1203125 0.02734375
6 0.396875 0.28046875 0.034375 0.02734375
7 0.43203125 0.28046875 0.03984375 0.02734375
6 0.528125 0.28046875 0.15234375 0.02734375
7 0.60546875 0.28046875 0.00625 0.02734375
7 0.7484375 0.2171875 0.06171875 0.021875
7 0.81484375 0.2171875 0.0734375 0.021875
6 0.88046875 0.2171875 0.06171875 0.021875
7 0.76640625 0.2453125 0.03515625 0.021875
7 0.83125 0.2453125 0.0953125 0.021875
6 0.71796875 0.2828125 0.03515625 0.021875
6 0.765625 0.2828125 0.0375 0.021875
6 0.8265625 0.2828125 0.06328125 0.021875
6 0.89453125 0.2828125 0.053125 0.021875
6 0.81484375 0.31171875 0.04375 0.021875
7 0.24375 0.4015625 0.02421875 0.01953125
7 0.3296875 0.4015625 0.05625 0.01953125
7 0.415625 0.4015625 0.0421875 0.01953125
7 0.5015625 0.4015625 0.046875 0.01953125
7 0.58671875 0.4015625 0.0546875 0.01953125
7 0.6734375 0.4015625 0.04296875 0.01953125
7 0.75859375 0.4015625 0.0640625 0.01953125
7 0.8453125 0.4015625 0.059375 0.01953125
7 0.93046875 0.4015625 0.0609375 0.01953125
7 0.3265625 0.47734375 0.20703125 0.0375
7 0.721875 0.47734375 0.15703125 0.0375
4 0.53203125 0.5984375 0.146875 0.11328125
6 0.23125 0.55625 0.04609375 0.021875
7 0.296875 0.55625 0.0859375 0.021875
7 0.325 0.57109375 0.23359375 0.05078125
7 0.30234375 0.58515625 0.05 0.021875
6 0.2953125 0.6 0.175 0.05078125
6 0.315625 0.6140625 0.04296875 0.021875
7 0.378125 0.6140625 0.084375 0.021875
6 0.2609375 0.6421875 0.10625 0.021875
7 0.321875 0.65703125 0.22734375 0.05078125
6 0.32734375 0.67109375 0.096875 0.021875
7 0.31953125 0.6859375 0.22265625 0.05078125
6 0.325 0.7 0.10078125 0.021875
7 0.42578125 0.7 0.1015625 0.021875
6 0.50859375 0.7 0.0671875 0.021875
7 0.54609375 0.7 0.00859375 0.021875
6 0.56875 0.7 0.03828125 0.021875
7 0.59296875 0.7 0.0125 0.021875
6 0.2515625 0.728125 0.08671875 0.021875
7 0.33515625 0.728125 0.08203125 0.021875
6 0.425 0.728125 0.1 0.021875
7 0.39765625 0.74296875 0.3796875 0.05078125
6 0.4796875 0.75703125 0.13984375 0.021875
7 0.38671875 0.771875 0.3578125 0.05078125
6 0.43984375 0.7859375 0.0578125 0.021875
7 0.52421875 0.7859375 0.1125 0.021875
6 0.40546875 0.8 0.3953125 0.05078125
7 0.3828125 0.82890625 0.35 0.05078125
6 0.4078125 0.8578125 0.39921875 0.05078125
7 0.37421875 0.871875 0.028125 0.021875
6 0.365625 0.8859375 0.315625 0.05078125
7 0.42421875 0.9 0.278125 0.021875
6 0.23203125 0.92890625 0.04765625 0.021875
7 0.26953125 0.92890625 0.02734375 0.021875
6 0.3375 0.92890625 0.11015625 0.021875
7 0.4046875 0.94375 0.39375 0.05078125
6 0.371875 0.9578125 0.11875 0.021875
7 0.4390625 0.9578125 0.01640625 0.021875
6 0.45625 0.9578125 0.02265625 0.021875
7 0.4796875 0.9578125 0.0234375 0.021875
6 0.53515625 0.9578125 0.0921875 0.021875
7 0.396875 0.971875 0.3765625 0.05078125
6 0.4890625 0.9859375 0.03515625 0.021875
7 0.50859375 0.9859375 0.0046875 0.021875
6 0.79609375 0.559375 0.1515625 0.021875
6 0.665625 0.584375 0.03984375 0.01796875
6 0.7078125 0.584375 0.02734375 0.01796875
6 0.759375 0.584375 0.0609375 0.01796875
6 0.8265625 0.584375 0.05546875 0.01796875
7 0.8578125 0.584375 0.0078125 0.01796875
6 0.87421875 0.584375 0.025 0.01796875
7 0.88828125 0.584375 0.0046875 0.01796875
6 0.9203125 0.584375 0.04296875 0.01796875
6 0.7328125 0.6078125 0.04765625 0.01796875
6 0.80546875 0.6078125 0.08203125 0.01796875
6 0.8703125 0.6078125 0.03125 0.01796875
4 0.89140625 0.6984375 0.146875 0.13125
7 0.68046875 0.64765625 0.059375 0.021875
6 0.7359375 0.64765625 0.0546875 0.021875
7 0.771875 0.64765625 0.01953125 0.021875
6 0.6953125 0.6765625 0.08984375 0.021875
7 0.72109375 0.7046875 0.14140625 0.0796875
6 0.725 0.73359375 0.05546875 0.021875
7 0.653125 0.7625 0.00625 0.021875
7 0.68046875 0.7625 0.05 0.021875
7 0.7484375 0.7765625 0.19609375 0.05078125
6 0.71015625 0.821875 0.1203125 0.021875
7 0.78203125 0.821875 0.0265625 0.021875
6 0.84140625 0.821875 0.09296875 0.021875
7 0.80625 0.85078125 0.31171875 0.0796875
7 0.79609375 0.909375 0.2921875 0.021875
6 0.69140625 0.93828125 0.08203125 0.021875
7 0.78828125 0.93828125 0.115625 0.021875
6 0.79765625 0.95234375 0.29375 0.05078125
7 0.759375 0.9671875 0.0046875 0.021875
7 0.79140625 0.99296875 0.28203125 0.0140625
2 0.0625 0.5046875 0.125 0.990625
7 0.6578125 0.02109375 0.10234375 0.02578125
6 0.74453125 0.025 0.05546875 0.01796875
6 0.815625 0.025 0.071875 0.01796875
6 0.9015625 0.025 0.08515625 0.01796875
6 0.96796875 0.025 0.03203125 0.01796875
0 0.22578125 0.078125 0.10625 0.05234375
0 0.315625 0.078125 0.075 0.05234375
0 0.565625 0.078125 0.034375 0.05234375
0 0.63671875 0.078125 0.109375 0.05234375
0 0.73359375 0.078125 0.08671875 0.05234375
1 0.884375 0.08046875 0.2015625 0.03671875
1 0.971875 0.08046875 0.0234375 0.03359375
1 0.971875 0.08046875 0.0234375 0.03359375
4 0.0859375 0.10390625 0.15625 0.2078125
6 0.06875 0.2515625 0.08515625 0.01953125
6 0.08125 0.2765625 0.109375 0.01953125
6 0.065625 0.3015625 0.078125 0.01953125
6 0.0546875 0.3265625 0.05625 0.01953125
6 0.06953125 0.35078125 0.0859375 0.01953125
6 0.0453125 0.37578125 0.03828125 0.01953125
6 0.07109375 0.4 0.0890625 0.01953125
6 0.0734375 0.425 0.09375 0.01953125
2 0.090625 0.46953125 0.12890625 0.01953125
6 0.059375 0.50078125 0.065625 0.01953125
6 0.0421875 0.525 0.03125 0.01953125
6 0.07109375 0.55 0.0890625 0.01953125
6 0.07421875 0.575 0.0953125 0.01953125
6 0.078125 0.6 0.103125 0.01953125
6 0.059375 0.62421875 0.065625 0.01953125
6 0.059375 0.64921875 0.065625 0.01953125
6 0.065625 0.6734375 0.078125 0.01953125
6 0.04765625 0.6984375 0.0421875 0.01953125
6 0.053125 0.7234375 0.05390625 0.01953125
2 0.090625 0.7671875 0.12890625 0.01953125
6 0.0828125 0.7984375 0.1125 0.01953125
6 0.05390625 0.8234375 0.05546875 0.01953125
6 0.053125 0.8484375 0.05390625 0.01953125
6 0.0578125 0.8734375 0.06328125 0.01953125
6 0.0515625 0.89765625 0.05078125 0.01953125
6 0.04921875 0.92265625 0.04609375 0.01953125
6 0.05390625 0.946875 0.05546875 0.01953125
6 0.0578125 0.971875 0.06328125 0.01953125
6 0.053125 0.99296875 0.053125 0.0140625