3 0.5 0.05859375 0.7109375 0.1171875
4 0.1125 0.29921875 0.225 0.06484375
0 0.0390625 0.30625 0.078125 0.06484375
0 0.2328125 0.303125 0.05 0.071875
0 0.2859375 0.303125 0.04765625 0.071875
0 0.3421875 0.303125 0.05859375 0.071875
0 0.41796875 0.303125 0.0875 0.071875
0 0.49765625 0.303125 0.065625 0.071875
0 0.56796875 0.303125 0.06953125 0.071875
0 0.6484375 0.303125 0.0859375 0.071875
0 0.73125 0.303125 0.07421875 0.071875
0 0.8078125 0.303125 0.071875 0.071875
0 0.790625 0.37421875 0.06640625 0.071875
4 0.86796875 0.178125 0.015625 0.02734375
0 0.86796875 0.17578125 0.0484375 0.06484375
7 0.93359375 0.17578125 0.0484375 0.06484375
0 0.94609375 0.17578125 0.1078125 0.06484375
2 0.2625 0.64375 0.3953125 0.146875
7 0.13203125 0.93515625 0.1328125 0.1296875
0 0.13359375 0.8703125 0.1375 0.259375
7 0.275 0.89921875 0.13203125 0.05625
0 0.275 0.834375 0.1375 0.1859375
7 0.4171875 0.9234375 0.1328125 0.10546875
0 0.4171875 0.85859375 0.13671875 0.2359375
4 0.6125 0.2703125 0.22578125 0.040625
2 0.6140625 0.346875 0.19609375 0.05078125
0 0.6140625 0.346875 0.19609375 0.05078125
7 0.68671875 0.37734375 0.0390625 0.01796875
2 0.6140625 0.446875 0.19609375 0.07578125
0 0.6140625 0.446875 0.19609375 0.07578125
7 0.6890625 0.490625 0.034375 0.01796875
2 0.6140625 0.56015625 0.19609375 0.07578125
0 0.6140625 0.56015625 0.19609375 0.07578125
7 0.68671875 0.60390625 0.03828125 0.01796875
2 0.6140625 0.6609375 0.19609375 0.05078125
0 0.6140625 0.6609375 0.19609375 0.05078125
7 0.6890625 0.69140625 0.0328125 0.01796875
2 0.6140625 0.76171875 0.19609375 0.07578125
0 0.6140625 0.76171875 0.19609375 0.07578125
7 0.6890625 0.8046875 0.0328125 0.01796875
2 0.6140625 0.8625 0.19609375 0.05078125
0 0.6140625 0.8625 0.19609375 0.05078125
7 0.6890625 0.89296875 0.0328125 0.01796875
0 0.6125 0.6890625 0.19609375 0.040625
7 0.55 0.7421875 0.05078125 0.02578125
2 0.6140625 0.81953125 0.19609375 0.05078125
0 0.6140625 0.81953125 0.19609375 0.05078125
7 0.68671875 0.8515625 0.0390625 0.01796875
2 0.6140625 0.9203125 0.19609375 0.07578125
0 0.6140625 0.9203125 0.19609375 0.07578125
7 0.68671875 0.96484375 0.0390625 0.01796875
2 0.61328125 0.99765625 0.1953125 0.0046875
0 0.61328125 0.99765625 0.1953125 0.0046875
7 0.8671875 0.26796875 0.265625 0.03671875
3 0.8671875 0.64921875 0.265625 0.7015625