7 0.48515625 0.85703125 0.34765625 0.06015625
6 0.4515625 0.8734375 0.15546875 0.02734375
7 0.53203125 0.8734375 0.0046875 0.02734375
0 0.38046875 0.92890625 0.1375 0.0328125
0 0.5359375 0.9296875 0.17578125 0.0390625
4 0.09453125 0.06015625 0.14140625 0.04921875
0 0.09453125 0.06015625 0.14140625 0.04921875
7 0.26796875 0.059375 0.06953125 0.02734375
4 0.31796875 0.0578125 0.0125 0.0171875
7 0.3921875 0.059375 0.084375 0.02734375
4 0.45 0.0578125 0.0125 0.0171875
6 0.54765625 0.059375 0.1296875 0.02734375
6 0.65546875 0.059375 0.034375 0.02734375
7 0.7265625 0.059375 0.0546875 0.02734375
4 0.76875 0.0578125 0.0125 0.0171875
6 0.840625 0.059375 0.0515625 0.02734375
0 0.9328125 0.06015625 0.0875 0.05703125
0 0.9328125 0.059375 0.0875 0.02734375
2 0.225 0.3046875 0.3609375 0.203125
7 0.2265625 0.51015625 0.365625 0.14609375
0 0.1421875 0.65390625 0.196875 0.05703125
0 0.1421875 0.653125 0.196875 0.02734375
0 0.32265625 0.65390625 0.13359375 0.05703125
0 0.32265625 0.653125 0.13359375 0.02734375
0 0.56796875 0.23125 0.25859375 0.05625
0 0.8265625 0.23125 0.25859375 0.05625
2 0.696875 0.3109375 0.4859375 0.03671875
0 0.4890625 0.36875 0.0703125 0.05703125
0 0.55859375 0.36875 0.0703125 0.05703125
0 0.628125 0.36875 0.0703125 0.05703125
0 0.696875 0.36875 0.0703125 0.05703125
0 0.76640625 0.36875 0.0703125 0.05703125
0 0.8359375 0.36875 0.0703125 0.05703125
0 0.90546875 0.36875 0.0703125 0.05703125
7 0.56875 0.44375 0.13125 0.02109375
7 0.68359375 0.44375 0.1 0.02109375
7 0.74140625 0.44375 0.0171875 0.02109375
7 0.790625 0.44375 0.0828125 0.02109375
7 0.84375 0.44375 0.025 0.02109375
7 0.55546875 0.47421875 0.07421875 0.02109375
7 0.61015625 0.47421875 0.034375 0.02109375
7 0.6796875 0.47421875 0.1078125 0.02109375
7 0.721875 0.5046875 0.4375 0.0296875
2 0.696875 0.603125 0.4859375 0.03671875
0 0.51484375 0.66015625 0.121875 0.05703125
0 0.6359375 0.66015625 0.121875 0.05703125
0 0.75859375 0.66015625 0.121875 0.05703125
0 0.8796875 0.66015625 0.121875 0.05703125
7 0.51484375 0.7359375 0.02421875 0.02109375
7 0.6421875 0.7359375 0.23046875 0.02109375
7 0.80625 0.7359375 0.1 0.02109375
7 0.8640625 0.7359375 0.0171875 0.02109375
7 0.55625 0.765625 0.10625 0.02109375
7 0.65078125 0.765625 0.0828125 0.02109375
7 0.7 0.765625 0.0171875 0.02109375
7 0.74140625 0.765625 0.06640625 0.02109375
7 0.778125 0.765625 0.009375 0.02109375
7 0.79765625 0.765625 0.0328125 0.02109375
7 0.8234375 0.765625 0.0171875 0.02109375
7 0.8359375 0.765625 0.009375 0.02109375
7 0.5359375 0.7953125 0.065625 0.02109375
7 0.70859375 0.7953125 0.28046875 0.02109375
7 0.9171875 0.7953125 0.140625 0.02109375
7 0.721875 0.8265625 0.4375 0.0296875
0 0.5125 0.9078125 0.11640625 0.05703125
0 0.5125 0.90703125 0.11640625 0.02734375