0 0.08359375 0.03203125 0.16484375 0.05625
0 0.25 0.03203125 0.165625 0.05625
0 0.41640625 0.03203125 0.16484375 0.05625
0 0.5828125 0.03203125 0.165625 0.05625
0 0.75 0.03203125 0.165625 0.05625
0 0.91640625 0.03203125 0.16484375 0.05625
2 0.15703125 0.13984375 0.2828125 0.1078125
0 0.15703125 0.13984375 0.2828125 0.1078125
0 0.51484375 0.14296875 0.07421875 0.04140625
1 0.7203125 0.14140625 0.21953125 0.05078125
0 0.86328125 0.1390625 0.046875 0.053125
0 0.9390625 0.14375 0.0890625 0.0609375
0 0.11640625 0.246875 0.090625 0.06875
0 0.22734375 0.246875 0.13125 0.06875
0 0.37421875 0.246875 0.1625 0.06875
0 0.521875 0.246875 0.1328125 0.06875
0 0.66953125 0.246875 0.16328125 0.06875
0 0.79375 0.246875 0.0859375 0.06875
0 0.884375 0.246875 0.0953125 0.06875
7 0.45234375 0.340625 0.01484375 0.0296875
0 0.45234375 0.33828125 0.0453125 0.06015625
7 0.2234375 0.325 0.3375 0.025
7 0.2234375 0.465625 0.33671875 0.24375
7 0.265625 0.590625 0.421875 0.05625
2 0.72265625 0.32265625 0.3828125 0.02890625
7 0.7203125 0.4 0.37890625 0.0921875
0 0.66875 0.46875 0.275 0.02578125
0 0.64453125 0.5984375 0.0328125 0.040625
0 0.6859375 0.5984375 0.0328125 0.040625
0 0.7265625 0.5984375 0.0328125 0.040625
0 0.7671875 0.5984375 0.0328125 0.040625
0 0.80859375 0.5984375 0.0328125 0.040625
7 0.5 0.696875 0.5953125 0.03671875
7 0.4296875 0.7421875 0.38671875 0.03671875
6 0.6921875 0.7421875 0.140625 0.03671875
2 0.11953125 0.89453125 0.10078125 0.0390625
7 0.134375 0.95859375 0.184375 0.0828125
2 0.35546875 0.89453125 0.0859375 0.0390625
7 0.378125 0.95859375 0.184375 0.0828125
2 0.57734375 0.89453125 0.04296875 0.0390625
7 0.621875 0.95859375 0.184375 0.0828125
2 0.81875 0.89453125 0.0390625 0.0390625
7 0.85859375 0.9609375 0.171875 0.078125