7 0.06171875 0.0453125 0.0375 0.021875
0 0.06171875 0.0453125 0.0609375 0.08984375
7 0.1203125 0.0453125 0.02734375 0.021875
0 0.1203125 0.0453125 0.05078125 0.08984375
2 0.46953125 0.16953125 0.8765625 0.0703125
4 0.353125 0.55546875 0.625 0.55625
2 0.26328125 0.9421875 0.3671875 0.115625
2 0.8125 0.34765625 0.21484375 0.03671875
6 0.79765625 0.43125 0.1859375 0.06015625
7 0.80390625 0.44765625 0.09375 0.02578125
6 0.8015625 0.5140625 0.1921875 0.02578125
7 0.7515625 0.5484375 0.09375 0.02578125
6 0.7890625 0.63125 0.16796875 0.06015625
7 0.79921875 0.6484375 0.08515625 0.02578125
6 0.80078125 0.73203125 0.19140625 0.06015625
7 0.79921875 0.7484375 0.08515625 0.02578125
6 0.8 0.83203125 0.1890625 0.06015625
7 0.7984375 0.865625 0.1875 0.06015625