4 0.0234375 0.034375 0.01171875 0.0171875
4 0.059375 0.0359375 0.0140625 0.01953125
0 0.09296875 0.0359375 0.103125 0.071875
6 0.17890625 0.0359375 0.04609375 0.071875
6 0.265625 0.0359375 0.0796875 0.071875
4 0.5 0.0359375 0.1390625 0.0296875
0 0.5 0.0359375 0.1390625 0.0296875
6 0.6828125 0.0359375 0.065625 0.071875
6 0.7625 0.0359375 0.046875 0.071875
7 0.87734375 0.0359375 0.1359375 0.0375
0 0.87734375 0.0359375 0.159375 0.071875
4 0.97578125 0.0359375 0.0140625 0.01953125
4 0.3234375 0.2984375 0.39140625 0.34765625
0 0.3234375 0.2984375 0.39140625 0.34765625
2 0.3234375 0.5453125 0.55 0.05625
0 0.3234375 0.62578125 0.55 0.2171875
6 0.3234375 0.665625 0.55 0.13671875
7 0.22578125 0.7875 0.0140625 0.02890625
0 0.3234375 0.78828125 0.55 0.05859375
7 0.3234375 0.7875 0.184375 0.02890625
7 0.421875 0.7875 0.0140625 0.02890625
0 0.18125 0.865625 0.265625 0.05859375
7 0.46640625 0.86484375 0.07734375 0.02890625
0 0.465625 0.865625 0.265625 0.05859375
4 0.3234375 0.97265625 0.55 0.0546875
2 0.77578125 0.18515625 0.15703125 0.02109375
4 0.82421875 0.3609375 0.25390625 0.19140625
0 0.82421875 0.40078125 0.25390625 0.27109375
2 0.82421875 0.4875 0.25390625 0.04296875
7 0.71640625 0.525 0.03828125 0.0234375
4 0.82421875 0.68359375 0.25390625 0.19296875
0 0.82421875 0.73359375 0.25390625 0.29296875
2 0.82421875 0.82109375 0.25390625 0.0640625
7 0.71640625 0.86875 0.03828125 0.0234375
4 0.82421875 0.965625 0.25390625 0.06875
0 0.82421875 0.965625 0.25390625 0.06875