0 0.77265625 0.01953125 0.04296875 0.01328125
0 0.82734375 0.01953125 0.05 0.01328125
0 0.8859375 0.01953125 0.05 0.01328125
0 0.9390625 0.01953125 0.0390625 0.01328125
6 0.47109375 0.01875 0.03984375 0.0140625
6 0.51640625 0.01875 0.03046875 0.0140625
6 0.565625 0.01875 0.05 0.0140625
6 0.64765625 0.01875 0.0890625 0.0140625
6 0.7203125 0.01875 0.03046875 0.0140625
4 0.07734375 0.08203125 0.071875 0.02578125
0 0.075 0.08203125 0.06875 0.02578125
0 0.1734375 0.0828125 0.1 0.040625
1 0.3109375 0.0828125 0.15625 0.0375
7 0.40234375 0.08828125 0.021875 0.02890625
1 0.49609375 0.0828125 0.15625 0.0375
1 0.6125 0.08125 0.0546875 0.040625
0 0.7734375 0.08125 0.078125 0.084375
0 0.88984375 0.071875 0.13671875 0.04296875
0 0.85546875 0.10546875 0.05859375 0.015625
6 0.81953125 0.15625 0.228125 0.03359375
4 0.946875 0.14375 0.0125 0.0171875
6 0.50390625 0.14453125 0.22265625 0.01796875
7 0.0625 0.18359375 0.04296875 0.015625
7 0.13671875 0.18359375 0.0765625 0.015625
2 0.4 0.240625 0.659375 0.03515625
2 0.109375 0.35859375 0.146875 0.146875
0 0.2484375 0.30078125 0.10234375 0.02109375
2 0.2484375 0.30078125 0.10234375 0.02109375
7 0.61328125 0.3015625 0.22265625 0.01953125
7 0.41796875 0.33203125 0.4515625 0.015625
6 0.6546875 0.33203125 0.021875 0.015625
7 0.6703125 0.33203125 0.0109375 0.015625
6 0.68671875 0.33203125 0.021875 0.015625
7 0.70234375 0.33203125 0.0109375 0.015625
6 0.71875 0.33203125 0.021875 0.015625
7 0.19765625 0.34609375 0.0109375 0.015625
6 0.2140625 0.34609375 0.021875 0.015625
7 0.240625 0.34609375 0.03203125 0.015625
2 0.215625 0.38125 0.046875 0.0140625
2 0.25 0.38046875 0.021875 0.015625
0 0.3015625 0.38046875 0.03125 0.015625
0 0.50703125 0.38046875 0.04296875 0.015625
0 0.3015625 0.39453125 0.03125 0.015625
0 0.50703125 0.39453125 0.04296875 0.015625
0 0.3015625 0.40859375 0.03125 0.015625
0 0.5015625 0.40859375 0.03203125 0.015625
0 0.3015625 0.4234375 0.03125 0.015625
0 0.50703125 0.4234375 0.04296875 0.015625
0 0.30703125 0.4375 0.0421875 0.015625
0 0.5015625 0.4375 0.03203125 0.015625
0 0.3015625 0.4515625 0.03125 0.015625
0 0.50703125 0.4515625 0.04296875 0.015625
0 0.334375 0.46640625 0.0953125 0.015625
2 0.25546875 0.49375 0.03203125 0.015625
0 0.3015625 0.49375 0.03125 0.015625
0 0.50703125 0.49375 0.04296875 0.015625
0 0.3234375 0.5078125 0.07421875 0.015625
0 0.5015625 0.5078125 0.03203125 0.015625
0 0.31796875 0.521875 0.06328125 0.015625
0 0.5390625 0.521875 0.1078125 0.015625
0 0.30703125 0.53671875 0.0421875 0.015625
0 0.50703125 0.53671875 0.04296875 0.015625
0 0.3015625 0.55078125 0.03125 0.015625
2 0.25 0.578125 0.021875 0.015625
0 0.3015625 0.578125 0.03125 0.015625
0 0.528125 0.578125 0.0859375 0.015625
0 0.3015625 0.5921875 0.03125 0.015625
0 0.5015625 0.5921875 0.03203125 0.015625
0 0.3015625 0.60703125 0.03125 0.015625
0 0.5015625 0.60703125 0.03203125 0.015625
0 0.3015625 0.62109375 0.03125 0.015625
2 0.25 0.6484375 0.021875 0.015625
0 0.30703125 0.6484375 0.0421875 0.015625
0 0.5015625 0.6484375 0.03203125 0.015625
0 0.3015625 0.6625 0.03125 0.015625
0 0.5015625 0.6625 0.03203125 0.015625
0 0.3234375 0.67734375 0.07421875 0.015625
0 0.5015625 0.67734375 0.03203125 0.015625
0 0.3015625 0.69140625 0.03125 0.015625
2 0.25 0.71875 0.021875 0.015625
0 0.3015625 0.71875 0.03125 0.015625
0 0.5015625 0.71875 0.03203125 0.015625
0 0.30703125 0.7328125 0.0421875 0.015625
0 0.5015625 0.7328125 0.03203125 0.015625
0 0.3015625 0.74765625 0.03125 0.015625
0 0.52265625 0.74765625 0.075 0.015625
0 0.3015625 0.76171875 0.03125 0.015625
0 0.5015625 0.76171875 0.03203125 0.015625
2 0.25 0.7890625 0.021875 0.015625
0 0.3015625 0.7890625 0.03125 0.015625
0 0.50703125 0.7890625 0.04296875 0.015625
0 0.3015625 0.803125 0.03125 0.015625
0 0.5015625 0.803125 0.03203125 0.015625
0 0.3234375 0.81796875 0.07421875 0.015625
0 0.5390625 0.81796875 0.1078125 0.015625
0 0.30703125 0.83203125 0.0421875 0.015625
2 0.25 0.859375 0.021875 0.015625
0 0.3015625 0.859375 0.03125 0.015625
0 0.5015625 0.859375 0.03203125 0.015625
0 0.3125 0.8734375 0.053125 0.015625
0 0.54453125 0.8734375 0.11796875 0.015625
0 0.3390625 0.88828125 0.10625 0.015625
0 0.5015625 0.88828125 0.03203125 0.015625
0 0.30703125 0.90234375 0.0421875 0.015625
0 0.5015625 0.90234375 0.03203125 0.015625
0 0.334375 0.91640625 0.0953125 0.015625
0 0.5015625 0.91640625 0.03203125 0.015625
2 0.215625 0.9515625 0.046875 0.0140625
2 0.25 0.95078125 0.021875 0.015625
0 0.3015625 0.95078125 0.03125 0.015625
0 0.528125 0.95078125 0.0859375 0.015625
0 0.32890625 0.96484375 0.08515625 0.015625
0 0.50703125 0.96484375 0.04296875 0.015625
0 0.3015625 0.97890625 0.03125 0.015625
0 0.52265625 0.97890625 0.075 0.015625
0 0.30703125 0.99296875 0.0421875 0.0140625
0 0.5125 0.99296875 0.05390625 0.0140625