0 0.0421875 0.0453125 0.04609375 0.08984375
6 0.1359375 0.0453125 0.1046875 0.08984375
6 0.23125 0.0453125 0.0578125 0.08984375
6 0.32578125 0.0453125 0.1046875 0.08984375
6 0.43515625 0.0453125 0.08671875 0.08984375
6 0.51796875 0.0453125 0.0515625 0.08984375
6 0.59453125 0.0453125 0.07421875 0.08984375
6 0.6890625 0.0453125 0.0875 0.08984375
1 0.81953125 0.0453125 0.1359375 0.046875
0 0.86953125 0.0453125 0.0359375 0.046875
0 0.940625 0.0453125 0.07890625 0.08984375
0 0.33984375 0.4234375 0.640625 0.48203125
4 0.33984375 0.421875 0.640625 0.49453125
2 0.23359375 0.63125 0.40703125 0.03125
0 0.81953125 0.30078125 0.32109375 0.23671875
4 0.821875 0.3 0.3171875 0.23828125
2 0.821875 0.38359375 0.29609375 0.05078125
0 0.81953125 0.54375 0.32109375 0.23828125
4 0.821875 0.54375 0.3171875 0.23828125
2 0.821875 0.6265625 0.29609375 0.05078125
2 0.05546875 0.7671875 0.071875 0.02578125
0 0.128125 0.91015625 0.21796875 0.1796875
4 0.128125 0.90234375 0.21796875 0.16953125
0 0.36015625 0.91015625 0.21796875 0.1796875
4 0.36015625 0.903125 0.21796875 0.165625
0 0.59140625 0.91015625 0.21796875 0.1796875
4 0.59140625 0.903125 0.21796875 0.165625
2 0.85625 0.7796875 0.234375 0.05078125
0 0.9796875 0.7546875 0.00078125 0.0015625
4 0.86015625 0.92265625 0.24140625 0.1546875
2 0.5 0.75546875 0.703125 0.02578125
7 0.4953125 0.80625 0.69453125 0.07421875
6 0.23359375 0.8640625 0.1703125 0.021875
4 0.6203125 0.92265625 0.0171875 0.0171875
0 0.67890625 0.9234375 0.34453125 0.0625
7 0.6890625 0.9234375 0.11328125 0.0234375
0 0.32109375 0.9234375 0.34453125 0.0625