7 0.09375 0.9140625 0.0921875 0.02109375
7 0.50078125 0.9453125 0.94609375 0.08359375
6 0.61796875 0.9765625 0.12578125 0.02109375
7 0.68203125 0.9765625 0.0046875 0.02109375
7 0.70703125 0.9765625 0.0078125 0.02109375
4 0.86640625 0.02578125 0.0234375 0.02109375
0 0.86640625 0.02890625 0.0234375 0.05703125
4 0.89375 0.02578125 0.0234375 0.02109375
0 0.89375 0.02890625 0.0234375 0.05703125
4 0.92109375 0.02578125 0.0234375 0.02109375
0 0.92109375 0.02890625 0.0234375 0.05703125
4 0.9484375 0.02578125 0.0234375 0.02109375
0 0.9484375 0.02890625 0.0234375 0.05703125
7 0.8390625 0.02890625 0.03125 0.05703125
7 0.753125 0.0296875 0.0375 0.03671875
4 0.78828125 0.0296875 0.034375 0.046875
4 0.8140625 0.03046875 0.00703125 0.00625
7 0.7125 0.02890625 0.03125 0.05703125
7 0.6 0.0296875 0.03984375 0.021875
7 0.65 0.0296875 0.059375 0.021875
4 0.68828125 0.03046875 0.00703125 0.00625
7 0.55859375 0.02890625 0.03125 0.05703125
7 0.440625 0.0296875 0.03984375 0.021875
7 0.49296875 0.0296875 0.0640625 0.021875
4 0.53359375 0.03046875 0.00703125 0.00625
7 0.39921875 0.02890625 0.03125 0.05703125
4 0.29453125 0.0296875 0.01640625 0.021875
7 0.3390625 0.0296875 0.05390625 0.021875
4 0.37421875 0.03046875 0.00703125 0.00625
7 0.05546875 0.12109375 0.0375 0.0234375
4 0.2171875 0.134375 0.1953125 0.103125
1 0.8015625 0.134375 0.3140625 0.04921875
7 0.85859375 0.3921875 0.1453125 0.025
7 0.8359375 0.4875 0.1015625 0.025
2 0.140625 0.7984375 0.209375 0.01953125
7 0.48984375 0.91171875 0.9296875 0.1765625