4 0.14609375 0.040625 0.00703125 0.04140625
4 0.2 0.040625 0.06328125 0.03671875
4 0.27421875 0.040625 0.05 0.046875
4 0.34375 0.040625 0.0546875 0.0390625
4 0.428125 0.040625 0.0765625 0.02890625
4 0.525 0.040625 0.084375 0.02578125
4 0.64375 0.040625 0.1171875 0.01796875
4 0.74296875 0.040625 0.04375 0.046875
4 0.7859375 0.040625 0.00703125 0.04140625
7 0.87421875 0.040625 0.1703125 0.08046875
4 0.8796875 0.803125 0.01640625 0.021875
0 0.8796875 0.803125 0.02265625 0.0296875
3 0.5 0.90859375 0.78125 0.18203125
4 0.0953125 0.1390625 0.1328125 0.015625
0 0.1203125 0.13828125 0.18125 0.0234375
0 0.78984375 0.13828125 0.11328125 0.03671875
0 0.92421875 0.13828125 0.09296875 0.03671875
4 0.06640625 0.45078125 0.09765625 0.13046875
0 0.07109375 0.45234375 0.1078125 0.134375
2 0.2015625 0.43515625 0.153125 0.0703125
0 0.2015625 0.43515625 0.153125 0.0703125
7 0.2015625 0.48671875 0.153125 0.03671875
7 0.184375 0.596875 0.3328125 0.04296875
4 0.034375 0.7515625 0.01484375 0.01953125
0 0.1125 0.7484375 0.190625 0.05234375
7 0.12421875 0.7484375 0.14765625 0.04140625
6 0.290625 0.74765625 0.11328125 0.04140625
0 0.05546875 0.93203125 0.075 0.0234375
0 0.175 0.93203125 0.1078125 0.0234375
0 0.32890625 0.93203125 0.14453125 0.0234375
0 0.49921875 0.93203125 0.1390625 0.0234375
0 0.621875 0.93203125 0.05078125 0.0234375
0 0.6984375 0.93203125 0.04609375 0.0234375
0 0.784375 0.93203125 0.06875 0.0234375
0 0.88359375 0.93203125 0.0734375 0.0234375
0 0.97421875 0.93203125 0.0515625 0.0234375