4 0.79296875 0.1 0.29296875 0.134375
4 0.46875 0.4765625 0.9375 0.69296875
5 0.71640625 0.23671875 0.09296875 0.02578125
1 0.84453125 0.23828125 0.16328125 0.02890625
5 0.71640625 0.29453125 0.09296875 0.02578125
1 0.84453125 0.2953125 0.16328125 0.02890625
6 0.6921875 0.3421875 0.034375 0.015625
0 0.90546875 0.3421875 0.05859375 0.0390625
1 0.76484375 0.3390625 0.0125 0.0171875
5 0.81640625 0.34140625 0.084375 0.02109375
4 0.71484375 0.42890625 0.09375 0.05078125
6 0.7140625 0.46484375 0.059375 0.02109375
7 0.85703125 0.42421875 0.14921875 0.04140625
4 0.5 0.91640625 1 0.16640625