0 0.0078125 0.03125 0.015625 0.0625
7 0.11875 0.04609375 0.09765625 0.021875
4 0.1734375 0.04609375 0.0125 0.009375
0 0.2140625 0.046875 0.0390625 0.07265625
0 0.284375 0.046875 0.071875 0.07265625
7 0.3640625 0.04609375 0.05859375 0.021875
4 0.39921875 0.04609375 0.0125 0.009375
0 0.4625 0.046875 0.0859375 0.07265625
7 0.546875 0.04609375 0.053125 0.021875
4 0.57890625 0.04609375 0.0125 0.009375
1 0.70390625 0.046875 0.209375 0.046875
4 0.8171875 0.046875 0.01953125 0.02578125
0 0.87421875 0.046875 0.0484375 0.03125
0 0.94921875 0.046875 0.071875 0.04453125
2 0.26875 0.4 0.49375 0.16796875
7 0.25390625 0.54375 0.46484375 0.071875
0 0.27421875 0.5640625 0.1171875 0.03359375
7 0.3484375 0.56328125 0.03125 0.0328125
0 0.4046875 0.5640625 0.08125 0.03359375
7 0.25625 0.60234375 0.46953125 0.1109375
5 0.7703125 0.221875 0.3703125 0.02734375
1 0.7703125 0.2734375 0.3703125 0.06015625
5 0.7703125 0.33671875 0.3703125 0.02734375
1 0.7703125 0.38828125 0.3703125 0.06015625
5 0.7703125 0.4515625 0.3703125 0.02734375
1 0.7703125 0.50234375 0.3703125 0.06015625
7 0.6234375 0.55078125 0.0765625 0.01796875
7 0.7171875 0.55078125 0.11328125 0.01796875
7 0.784375 0.55078125 0.025 0.01796875
7 0.84921875 0.55078125 0.10625 0.01796875
7 0.76875 0.5625 0.3671875 0.04140625
7 0.6953125 0.57421875 0.115625 0.01796875
7 0.75625 0.57421875 0.0078125 0.01796875
6 0.78828125 0.57421875 0.0609375 0.01796875
7 0.8203125 0.57421875 0.00390625 0.01796875
0 0.7703125 0.66953125 0.3703125 0.0859375
7 0.7140625 0.765625 0.25859375 0.01796875
6 0.88671875 0.765625 0.0875 0.01796875
7 0.9421875 0.765625 0.02421875 0.01796875
6 0.63359375 0.7890625 0.096875 0.01796875
7 0.6828125 0.7890625 0.00703125 0.01796875
7 0.82109375 0.7890625 0.26875 0.01796875
4 0.74140625 0.93125 0.4390625 0.13671875