7 0.4484375 0.0296875 0.4359375 0.02578125
0 0.7265625 0.03125 0.09375 0.04140625
0 0.5 0.03125 0.953125 0.04140625
4 0.084375 0.11484375 0.121875 0.04140625
7 0.21015625 0.11640625 0.059375 0.025
7 0.29921875 0.11640625 0.05546875 0.025
7 0.3921875 0.11640625 0.06875 0.025
7 0.48515625 0.11640625 0.0546875 0.025
7 0.5671875 0.11640625 0.046875 0.025
0 0.5671875 0.11640625 0.078125 0.06640625
0 0.6921875 0.11875 0.1140625 0.0484375
4 0.778125 0.121875 0.02734375 0.02734375
7 0.82890625 0.11640625 0.0421875 0.025
7 0.9125 0.11328125 0.053125 0.02578125
0 0.92109375 0.1140625 0.10546875 0.053125
4 0.72578125 0.4359375 0.509375 0.5609375
2 0.48828125 0.31484375 0.9296875 0.18203125
7 0.23359375 0.5 0.4203125 0.109375
1 0.14140625 0.62890625 0.234375 0.0625
0 0.32109375 0.62890625 0.12578125 0.0625
4 0.9421875 0.9234375 0.021875 0.04140625