4 0.109375 0.0328125 0.15625 0.0390625
0 0.109375 0.0328125 0.15625 0.06484375
6 0.23828125 0.0328125 0.0234375 0.04453125
6 0.27578125 0.0328125 0.0203125 0.04453125
6 0.315625 0.0328125 0.028125 0.04453125
6 0.37578125 0.0328125 0.059375 0.04453125
7 0.4609375 0.0328125 0.0796875 0.02578125
0 0.465625 0.0328125 0.1046875 0.06484375
6 0.55390625 0.0328125 0.0578125 0.04453125
6 0.64765625 0.0328125 0.09765625 0.04453125
4 0.7625 0.0328125 0.0234375 0.03125
0 0.7625 0.0328125 0.0390625 0.06484375
6 0.809375 0.0328125 0.03828125 0.04453125
7 0.86640625 0.0328125 0.0453125 0.02578125
0 0.86640625 0.0328125 0.0609375 0.06484375
6 0.9328125 0.0328125 0.05625 0.04453125
7 0.184375 0.09609375 0.34375 0.02109375
6 0.39140625 0.09609375 0.06953125 0.02109375
4 0.5 0.45546875 1 0.65078125
2 0.49140625 0.29453125 0.89453125 0.0859375
2 0.946875 0.278125 0.0171875 0.02734375
7 0.5 0.37734375 0.66796875 0.03671875
0 0.23359375 0.4515625 0.03828125 0.040625
0 0.315625 0.4515625 0.046875 0.040625
0 0.43359375 0.4515625 0.1109375 0.040625
0 0.5703125 0.4515625 0.084375 0.040625
0 0.6984375 0.4515625 0.09453125 0.040625
1 0.4515625 0.5421875 0.56640625 0.071875
7 0.7828125 0.5421875 0.09765625 0.071875
0 0.7828125 0.5421875 0.09765625 0.071875
3 0.5 0.71640625 1 0.13046875
4 0.68828125 0.9078125 0.0234375 0.03125
0 0.8203125 0.90546875 0.2875 0.025
7 0.75625 0.9078125 0.103125 0.0234375
7 0.8859375 0.9078125 0.15625 0.0234375
2 0.5 0.9078125 0.9375 0.0453125
2 0.11640625 0.94765625 0.1703125 0.0234375