7 0.084375 0.08046875 0.16875 0.1609375
6 0.4546875 0.08046875 0.5421875 0.109375
0 0.978125 0.025 0.025 0.0234375
0 0.85 0.08046875 0.1515625 0.08046875
3 0.5 0.2640625 0.7125 0.11875
4 0.5 0.4609375 0.1953125 0.06484375
7 0.5 0.5453125 0.7109375 0.0375
0 0.121875 0.62421875 0.2125 0.0171875
0 0.35234375 0.62421875 0.1875 0.0171875
0 0.596875 0.62421875 0.2390625 0.0171875
0 0.865625 0.62421875 0.2375 0.0171875
4 0.5 0.83984375 0.9921875 0.3203125
0 0.5 0.83984375 0.9921875 0.3203125
2 0.2984375 0.98046875 0.5734375 0.0390625
4 0.0375 0.040625 0.05859375 0.040625
0 0.0375 0.040625 0.05859375 0.040625