7 0.80625 0.02734375 0.0921875 0.03359375
7 0.88984375 0.02734375 0.04375 0.03359375
7 0.95625 0.02734375 0.05625 0.03359375
1 0.5171875 0.11171875 0.58203125 0.07265625
4 0.828125 0.11171875 0.0234375 0.03125
4 0.11875 0.11171875 0.17578125 0.04921875
0 0.11875 0.11171875 0.17578125 0.04921875
4 0.89453125 0.11171875 0.0234375 0.03125
4 0.9453125 0.11171875 0.0234375 0.03125
0 0.065625 0.203125 0.06875 0.06796875
0 0.146875 0.203125 0.0625 0.06796875
0 0.24375 0.203125 0.1015625 0.06796875
0 0.340625 0.203125 0.0609375 0.06796875
0 0.44375 0.203125 0.1140625 0.06796875
0 0.56875 0.203125 0.1046875 0.06796875
0 0.68203125 0.203125 0.090625 0.06796875
0 0.78359375 0.203125 0.08125 0.06796875
0 0.8578125 0.203125 0.03515625 0.06796875
0 0.9453125 0.203125 0.109375 0.06796875
4 0.5 0.5546875 0.96875 0.58828125
4 0.5 0.48203125 0.90625 0.234375
7 0.5 0.66171875 0.46875 0.08359375
7 0.46953125 0.72890625 0.084375 0.0234375
7 0.5375 0.72890625 0.05390625 0.0234375
2 0.13984375 0.9109375 0.24921875 0.0375
4 0.1671875 0.98125 0.303125 0.0375
0 0.1671875 0.98125 0.303125 0.0375
4 0.5 0.98125 0.303125 0.0375
0 0.5 0.98125 0.303125 0.0375
4 0.8328125 0.98125 0.303125 0.0375
0 0.8328125 0.98125 0.303125 0.0375