7 0.34296875 0.03046875 0.64765625 0.021875
4 0.03515625 0.03046875 0.03125 0.04296875
0 0.0390625 0.03125 0.0390625 0.0625
4 0.11171875 0.03046875 0.01875 0.025
1 0.4078125 0.03203125 0.64140625 0.0484375
0 0.79453125 0.03046875 0.07734375 0.04296875
0 0.878125 0.03046875 0.08515625 0.04296875
4 0.94140625 0.03046875 0.0234375 0.0328125
0 0.95859375 0.03046875 0.059375 0.04296875
4 0.96953125 0.03046875 0.01953125 0.02734375
7 0.96484375 0.03125 0.0703125 0.0625
7 0.5 0.0953125 0.921875 0.0234375
2 0.15 0.2375 0.1984375 0.0296875
0 0.15 0.2359375 0.221875 0.23203125
7 0.15 0.278125 0.1984375 0.053125
4 0.0578125 0.32421875 0.0140625 0.01796875
7 0.115625 0.32421875 0.08203125 0.02109375
2 0.38359375 0.2375 0.1984375 0.0296875
0 0.38359375 0.2359375 0.221875 0.23203125
7 0.38359375 0.278125 0.1984375 0.053125
4 0.290625 0.32421875 0.0140625 0.01796875
7 0.35234375 0.32421875 0.08984375 0.02109375
2 0.61640625 0.2375 0.1984375 0.0296875
0 0.61640625 0.2359375 0.221875 0.23203125
7 0.61640625 0.278125 0.1984375 0.053125
4 0.52421875 0.32421875 0.0140625 0.01796875
7 0.6015625 0.32421875 0.12109375 0.02109375
2 0.85 0.2375 0.1984375 0.0296875
0 0.85 0.2359375 0.221875 0.23203125
7 0.85 0.278125 0.1984375 0.053125
4 0.7578125 0.32421875 0.0140625 0.01796875
7 0.846875 0.32421875 0.1453125 0.02109375
2 0.2171875 0.4953125 0.30859375 0.0296875
0 0.23359375 0.4671875 0.36640625 0.23203125
7 0.2171875 0.52265625 0.30859375 0.02734375
4 0.06953125 0.55625 0.0140625 0.01796875
7 0.15 0.55625 0.12890625 0.02109375
2 0.61171875 0.46953125 0.34296875 0.0296875
0 0.61171875 0.4671875 0.36640625 0.23203125
7 0.61171875 0.509375 0.34296875 0.053125
4 0.446875 0.55625 0.0140625 0.01796875
7 0.5140625 0.55625 0.1 0.02109375
7 0.3359375 0.3984375 0.625 0.03671875
7 0.19765625 0.45859375 0.315625 0.02890625
4 0.62421875 0.45859375 0.015625 0.02109375
7 0.3359375 0.5140625 0.5921875 0.07265625
0 0.12734375 0.571875 0.175 0.04140625
4 0.05390625 0.66640625 0.01953125 0.02578125
0 0.06875 0.66640625 0.065625 0.04140625
7 0.07890625 0.66640625 0.02265625 0.0234375
7 0.16328125 0.66640625 0.0921875 0.0234375
0 0.1703125 0.66640625 0.10546875 0.0234375
7 0.278125 0.66640625 0.065625 0.0234375
0 0.284375 0.66640625 0.07890625 0.0234375
4 0.35703125 0.66640625 0.0203125 0.02578125
0 0.375 0.66640625 0.071875 0.04140625
7 0.384375 0.66640625 0.0296875 0.0234375
4 0.4359375 0.66640625 0.0203125 0.02578125
0 0.4515625 0.66640625 0.06640625 0.04140625
7 0.4609375 0.66640625 0.0234375 0.0234375
7 0.50703125 0.66640625 0.03203125 0.04453125
4 0.60625 0.66640625 0.01953125 0.02578125
0 0.6125 0.66640625 0.03125 0.02578125
7 0.04375 0.77734375 0.03125 0.02109375
4 0.08125 0.74921875 0.01953125 0.02734375
6 0.128125 0.7484375 0.06640625 0.01953125
7 0.196875 0.7484375 0.053125 0.01953125
6 0.2859375 0.7484375 0.11796875 0.01953125
0 0.378125 0.7484375 0.06171875 0.02109375
4 0.590625 0.7515625 0.0140625 0.01796875
0 0.60859375 0.7515625 0.06171875 0.03125
7 0.61328125 0.7515625 0.03125 0.02890625
2 0.240625 0.79140625 0.3375 0.02578125
7 0.13828125 0.8375 0.09453125 0.0171875
0 0.128125 0.8375 0.121875 0.03359375
7 0.2328125 0.8375 0.03203125 0.015625
0 0.2234375 0.8375 0.059375 0.03125
7 0.29140625 0.8375 0.0265625 0.02109375
0 0.2828125 0.8375 0.0515625 0.03359375
7 0.04375 0.92578125 0.02734375 0.02109375
4 0.08125 0.89765625 0.01953125 0.02734375
6 0.1390625 0.896875 0.0875 0.01953125
7 0.21875 0.896875 0.053125 0.01953125
6 0.28515625 0.896875 0.07421875 0.01953125
0 0.35625 0.896875 0.06171875 0.02109375
4 0.4015625 0.89765625 0.015625 0.021875
4 0.42265625 0.89765625 0.015625 0.021875
4 0.44453125 0.89765625 0.015625 0.021875
4 0.465625 0.89765625 0.015625 0.021875
2 0.26875 0.9609375 0.3953125 0.078125
4 0.590625 0.9 0.0140625 0.01796875
0 0.60859375 0.9 0.06171875 0.03125
7 0.61328125 0.9 0.03125 0.02890625
0 0.56953125 0.96796875 0.140625 0.0640625
2 0.8109375 0.4984375 0.24375 0.02578125
7 0.69453125 0.553125 0.01953125 0.0234375
0 0.82421875 0.553125 0.303125 0.0625
4 0.7171875 0.553125 0.009375 0.01328125
4 0.7453125 0.553125 0.03125 0.04140625
7 0.79765625 0.553125 0.05859375 0.0234375
7 0.69453125 0.6171875 0.01953125 0.0234375
0 0.82421875 0.6171875 0.303125 0.0625
4 0.7171875 0.6171875 0.009375 0.01328125
4 0.7453125 0.6171875 0.03125 0.04140625
7 0.8171875 0.6171875 0.096875 0.0234375
7 0.69453125 0.68125 0.01953125 0.0234375
0 0.82421875 0.68125 0.303125 0.0625
4 0.7171875 0.68125 0.009375 0.01328125
4 0.74375 0.6796875 0.0234375 0.03125
7 0.83515625 0.68125 0.13359375 0.0234375
7 0.69453125 0.74453125 0.01953125 0.0234375
0 0.82421875 0.74453125 0.303125 0.0625
4 0.7171875 0.74453125 0.009375 0.01328125
4 0.7453125 0.74453125 0.03125 0.04140625
7 0.828125 0.74453125 0.11875 0.0234375
7 0.69453125 0.80859375 0.01953125 0.0234375
0 0.82421875 0.80859375 0.303125 0.0625
4 0.7171875 0.80859375 0.009375 0.01328125
4 0.7453125 0.80859375 0.03125 0.04140625
7 0.79765625 0.80859375 0.0578125 0.0234375
0 0.82421875 0.8765625 0.2796875 0.04140625
0 0.721875 0.94375 0.05859375 0.04140625
0 0.78984375 0.94375 0.0546875 0.04140625
0 0.8609375 0.94375 0.0640625 0.04140625
0 0.93046875 0.94375 0.05078125 0.04140625