6 0.10859375 0.0390625 0.04765625 0.07578125
0 0.1125 0.0515625 0.13203125 0.0453125
6 0.78203125 0.06484375 0.0375 0.02109375
6 0.24296875 0.05390625 0.05390625 0.021875
6 0.321875 0.05390625 0.05390625 0.021875
6 0.409375 0.05390625 0.06328125 0.0484375
6 0.50078125 0.05390625 0.0609375 0.021875
6 0.5921875 0.05390625 0.071875 0.0484375
6 0.7140625 0.06484375 0.0390625 0.02109375
6 0.85078125 0.06484375 0.0328125 0.02109375
6 0.91875 0.06484375 0.0484375 0.02109375
4 0.08984375 0.371875 0.09765625 0.06875
2 0.303125 0.49921875 0.5234375 0.13671875
7 0.303125 0.6421875 0.5234375 0.07421875
0 0.128125 0.75546875 0.175 0.07578125
7 0.453125 0.9234375 0.8671875 0.0234375
0 0.07578125 0.9515625 0.1125 0.02734375
7 0.29453125 0.95078125 0.325 0.0234375
4 0.959375 0.9390625 0.021875 0.03125
0 0.959375 0.9375 0.0328125 0.03671875