4 0.1140625 0.03125 0.18046875 0.03125
0 0.1140625 0.03125 0.18046875 0.0625
2 0.478125 0.14453125 0.91015625 0.07265625
6 0.190625 0.25390625 0.33515625 0.03125
6 0.184375 0.30625 0.321875 0.03125
6 0.64296875 0.25390625 0.2703125 0.03125
6 0.6546875 0.30625 0.29375 0.03125
7 0.3203125 0.4671875 0.59375 0.04140625
6 0.171875 0.525 0.234375 0.025
6 0.190625 0.55625 0.27265625 0.025
7 0.25390625 0.628125 0.4609375 0.025
6 0.5375 0.628125 0.10546875 0.025
7 0.30859375 0.659375 0.5703125 0.0875
6 0.05703125 0.74375 0.0671875 0.025
6 0.14375 0.74375 0.059375 0.025
6 0.22578125 0.74375 0.0578125 0.025
6 0.3171875 0.74375 0.07734375 0.025
6 0.43125 0.74375 0.1046875 0.025
6 0.5625 0.74375 0.1109375 0.025
6 0.06640625 0.775 0.0859375 0.025
6 0.18046875 0.775 0.0953125 0.025
6 0.3 0.775 0.0953125 0.025
6 0.40078125 0.775 0.059375 0.025
7 0.3203125 0.8890625 0.59375 0.13515625
6 0.22265625 0.9828125 0.3984375 0.025