4 0.10703125 0.0421875 0.1671875 0.0328125
0 0.2859375 0.04453125 0.07421875 0.08046875
0 0.41015625 0.04453125 0.10546875 0.08046875
0 0.53828125 0.04453125 0.08125 0.08046875
0 0.6375 0.04453125 0.04609375 0.08046875
0 0.75859375 0.04453125 0.128125 0.08046875
0 0.8890625 0.04453125 0.0640625 0.08046875
0 0.97734375 0.04453125 0.0453125 0.08046875
2 0.5 0.1734375 0.94921875 0.06015625
7 0.5 0.23046875 0.94921875 0.03125
2 0.13984375 0.42890625 0.228125 0.20703125
7 0.6203125 0.36640625 0.709375 0.07421875
7 0.6203125 0.43125 0.709375 0.05859375
0 0.3765625 0.5109375 0.221875 0.05078125
2 0.13984375 0.696875 0.228125 0.0796875
7 0.6203125 0.68046875 0.709375 0.0375
7 0.45078125 0.7125 0.3703125 0.025
6 0.684375 0.7125 0.1 0.025
7 0.784375 0.7125 0.10234375 0.025
0 0.43984375 0.88203125 0.3484375 0.2359375
4 0.43984375 0.88203125 0.3484375 0.2359375
7 0.43984375 0.81640625 0.28046875 0.015625
7 0.43984375 0.9078125 0.28046875 0.146875
0 0.8 0.88203125 0.3484375 0.2359375
4 0.8 0.85625 0.3484375 0.18359375
6 0.72109375 0.99453125 0.121875 0.01015625