5 0.1171875 0.03359375 0.115625 0.0671875
0 0.1171875 0.03359375 0.14375 0.0671875
7 0.23359375 0.03359375 0.053125 0.02890625
0 0.2328125 0.03359375 0.0671875 0.06015625
7 0.31171875 0.03359375 0.0765625 0.02890625
0 0.31171875 0.03359375 0.0921875 0.06015625
7 0.44375 0.03359375 0.159375 0.02890625
0 0.44453125 0.03359375 0.17578125 0.06015625
7 0.571875 0.03359375 0.065625 0.02890625
0 0.57109375 0.03359375 0.0796875 0.06015625
7 0.69453125 0.03359375 0.05546875 0.02890625
0 0.6953125 0.03359375 0.071875 0.06015625
7 0.78203125 0.03359375 0.0875 0.02890625
0 0.78828125 0.03359375 0.115625 0.06015625
7 0.9 0.03359375 0.09453125 0.02890625
0 0.89921875 0.03359375 0.109375 0.06015625
2 0.5 0.121875 1 0.05625
1 0.4515625 0.19140625 0.65625 0.0625
0 0.8265625 0.19140625 0.0984375 0.0625
7 0.49921875 0.26328125 0.06328125 0.02890625
1 0.49921875 0.3046875 0.21015625 0.04453125
1 0.49921875 0.35546875 0.21015625 0.04453125
1 0.49921875 0.40625 0.21015625 0.04453125
1 0.49921875 0.45703125 0.21015625 0.04453125
1 0.49921875 0.5078125 0.21015625 0.04453125
7 0.49921875 0.54921875 0.07734375 0.02109375
7 0.421875 0.59765625 0.1265625 0.02109375
7 0.57578125 0.59921875 0.0578125 0.015625
0 0.57578125 0.5984375 0.0578125 0.02734375
7 0.6296875 0.59921875 0.0375 0.015625
0 0.6296875 0.5984375 0.0375 0.02734375
7 0.44453125 0.6265625 0.36015625 0.015625
7 0.68046875 0.6265625 0.1125 0.015625
3 0.5 0.69765625 0.7109375 0.1171875
7 0.26484375 0.8265625 0.1921875 0.02890625
7 0.10859375 0.865625 0.046875 0.02890625
7 0.115625 0.9046875 0.0609375 0.02890625
7 0.13203125 0.94375 0.09453125 0.02890625
7 0.1234375 0.9828125 0.0765625 0.02890625
7 0.38671875 0.865625 0.134375 0.02890625
7 0.38671875 0.9046875 0.134375 0.02890625
7 0.35859375 0.94375 0.07890625 0.02890625
7 0.3921875 0.9828125 0.146875 0.02890625
3 0.73359375 0.903125 0.3328125 0.19375