7 0.46796875 0.01796875 0.4015625 0.01796875
0 0.7046875 0.02109375 0.053125 0.01328125
7 0.95390625 0.02109375 0.0109375 0.01328125
7 0.06640625 0.05859375 0.05078125 0.01796875
7 0.13359375 0.05859375 0.0828125 0.01796875
4 0.1875 0.059375 0.009375 0.009375
2 0.5 0.0796875 0.19921875 0.0546875
4 0.88984375 0.0625 0.01953125 0.02578125
0 0.89453125 0.0625 0.0296875 0.02578125
4 0.91875 0.0625 0.01953125 0.02578125
0 0.92421875 0.0625 0.03046875 0.02578125
4 0.94921875 0.0625 0.01953125 0.02578125
0 0.94921875 0.0625 0.01953125 0.02578125
4 0.0484375 0.13125 0.01484375 0.01953125
0 0.0484375 0.1375 0.01484375 0.0375
0 0.23828125 0.134375 0.05078125 0.0328125
0 0.3078125 0.134375 0.04765625 0.0328125
0 0.3703125 0.134375 0.0359375 0.0328125
0 0.43046875 0.134375 0.0421875 0.0328125
0 0.48515625 0.134375 0.02734375 0.0328125
0 0.56171875 0.134375 0.084375 0.0328125
0 0.6453125 0.134375 0.04296875 0.0328125
0 0.6984375 0.134375 0.021875 0.0328125
4 0.7375 0.1328125 0.01640625 0.015625
0 0.7375 0.134375 0.01640625 0.0328125
4 0.7765625 0.1328125 0.0203125 0.015625
0 0.7765625 0.134375 0.0203125 0.0328125
4 0.9515625 0.1328125 0.015625 0.02109375
2 0.5 0.59375 1 0.8125
7 0.0671875 0.24375 0.053125 0.01796875
0 0.0671875 0.24375 0.053125 0.01796875
7 0.14375 0.24375 0.04765625 0.01796875
0 0.14375 0.24375 0.04765625 0.01796875
7 0.2390625 0.24375 0.0890625 0.01796875
0 0.2390625 0.24375 0.0890625 0.01796875
7 0.35 0.24375 0.08125 0.01796875
0 0.35 0.24375 0.08125 0.01796875
6 0.0734375 0.2890625 0.0546875 0.0234375
7 0.140625 0.2890625 0.05625 0.0234375
7 0.20078125 0.2890625 0.03984375 0.0234375
6 0.3140625 0.2890625 0.0671875 0.0234375
7 0.38984375 0.2890625 0.06328125 0.0234375
7 0.4546875 0.2890625 0.0453125 0.0234375
6 0.56484375 0.2890625 0.0578125 0.0234375
7 0.6296875 0.2890625 0.05078125 0.0234375
7 0.68828125 0.2890625 0.04375 0.0234375
6 0.8015625 0.2890625 0.06640625 0.0234375
7 0.87421875 0.2890625 0.0578125 0.0234375
7 0.934375 0.2890625 0.03984375 0.0234375
4 0.4609375 0.5171875 0.37109375 0.3296875
2 0.453125 0.71484375 0.35546875 0.06796875
7 0.4609375 0.82578125 0.37109375 0.1171875
6 0.4484375 0.92265625 0.3203125 0.0453125
6 0.465625 0.96796875 0.3546875 0.021875
2 0.06171875 0.37109375 0.040625 0.03671875
0 0.1484375 0.36875 0.21484375 0.0328125
2 0.10625 0.36875 0.0484375 0.03359375
4 0.05546875 0.44609375 0.00859375 0.01171875
7 0.0875 0.44375 0.04375 0.02109375
2 0.14375 0.4921875 0.1859375 0.0703125
4 0.05546875 0.5828125 0.00859375 0.01171875
7 0.0875 0.58046875 0.04375 0.02109375
2 0.14375 0.62890625 0.1859375 0.0703125
4 0.05546875 0.71953125 0.00859375 0.01171875
7 0.08984375 0.7171875 0.0484375 0.02109375
2 0.14375 0.765625 0.1859375 0.0703125
4 0.05546875 0.85625 0.00859375 0.01171875
7 0.08984375 0.85390625 0.0484375 0.02109375
2 0.14375 0.90234375 0.1859375 0.0703125
4 0.05546875 0.99296875 0.00859375 0.01171875
7 0.08984375 0.98984375 0.0484375 0.0203125
4 0.2484375 0.646875 0.00390625 0.42734375
7 0.8125 0.3734375 0.29296875 0.040625