3 0.5 0.1640625 0.946875 0.32578125
2 0.5 0.4046875 0.4625 0.1109375
0 0.14765625 0.40078125 0.14453125 0.03125
0 0.7875 0.40078125 0.1203125 0.03125
4 0.903125 0.43125 0.10859375 0.17421875
0 0.909375 0.40078125 0.1234375 0.11953125
4 0.06484375 0.49765625 0.0203125 0.0234375
0 0.08671875 0.49765625 0.0828125 0.0390625
7 0.0984375 0.49765625 0.0390625 0.03125
6 0.17265625 0.49765625 0.0421875 0.03125
6 0.2609375 0.49765625 0.0203125 0.03125
6 0.3546875 0.49765625 0.05078125 0.03125
6 0.46484375 0.49765625 0.0546875 0.03125
6 0.57734375 0.49765625 0.0546875 0.03125
6 0.68359375 0.49765625 0.04296875 0.03125
6 0.7875 0.49765625 0.05 0.03125
4 0.88125 0.49765625 0.021875 0.02890625
0 0.8953125 0.49765625 0.1 0.04453125
7 0.9078125 0.49765625 0.025 0.03125
4 0.08671875 0.54453125 0.13359375 0.03359375
0 0.0953125 0.5421875 0.1515625 0.0609375
4 0.190625 0.5421875 0.01953125 0.021875
0 0.2140625 0.5421875 0.08671875 0.040625
7 0.2265625 0.5421875 0.04296875 0.0328125
7 0.3078125 0.54375 0.0484375 0.0328125
0 0.46875 0.5421875 0.4203125 0.05859375
7 0.4484375 0.54375 0.23515625 0.0328125
6 0.7484375 0.5421875 0.1 0.05859375
6 0.8765625 0.5421875 0.07734375 0.05859375
1 0.04140625 0.403125 0.04375 0.05859375
4 0.425 0.7765625 0.4875 0.446875
0 0.425 0.77734375 0.48515625 0.4453125
2 0.07265625 0.59296875 0.10625 0.084375
2 0.0921875 0.75 0.14453125 0.04921875
0 0.0921875 0.740625 0.14453125 0.0859375
7 0.0625 0.70703125 0.0859375 0.01796875
2 0.0921875 0.9296875 0.14453125 0.09921875
0 0.0921875 0.9203125 0.14453125 0.13515625
7 0.071875 0.86171875 0.10546875 0.01796875
2 0.834375 0.590625 0.29296875 0.0453125
2 0.85234375 0.6703125 0.23359375 0.03515625
0 0.834375 0.6703125 0.29296875 0.0765625
2 0.85234375 0.7484375 0.23359375 0.03515625
0 0.834375 0.7484375 0.29296875 0.0765625
2 0.85234375 0.8265625 0.23359375 0.03515625
0 0.834375 0.8265625 0.29296875 0.0765625
2 0.8078125 0.9046875 0.14453125 0.0171875
0 0.834375 0.9046875 0.29296875 0.0765625
2 0.85234375 0.9796875 0.23359375 0.040625
0 0.834375 0.971875 0.29296875 0.05625
3 0.5 0.5 1 1