4 0.0953125 0.040625 0.13203125 0.0453125
0 0.18984375 0.0375 0.0453125 0.075
0 0.24765625 0.0375 0.0703125 0.075
0 0.31328125 0.0375 0.0609375 0.075
0 0.39140625 0.0375 0.0953125 0.075
0 0.47421875 0.0375 0.0703125 0.075
0 0.56328125 0.0375 0.1078125 0.075
0 0.6515625 0.0375 0.06875 0.075
0 0.7140625 0.0375 0.059375 0.075
4 0.778125 0.0375 0.0296875 0.0390625
5 0.8296875 0.040625 0.05625 0.08046875
4 0.8875 0.0375 0.0203125 0.02578125
0 0.88671875 0.0375 0.0203125 0.075
0 0.90234375 0.90390625 0.0484375 0.0546875
7 0.3609375 0.90390625 0.6640625 0.1171875
0 0.7859375 0.90390625 0.15546875 0.0234375
7 0.08671875 0.12734375 0.090625 0.03125
7 0.20859375 0.13125 0.08515625 0.03359375
0 0.20859375 0.1296875 0.08515625 0.0484375
7 0.3328125 0.13125 0.1453125 0.03359375
0 0.3328125 0.1296875 0.1453125 0.0484375
7 0.44296875 0.13125 0.0578125 0.03359375
0 0.44296875 0.1296875 0.0578125 0.0484375
7 0.50390625 0.13125 0.046875 0.03359375
0 0.50390625 0.1296875 0.046875 0.0484375
7 0.21015625 0.178125 0.0875 0.03359375
0 0.21015625 0.1765625 0.0875 0.0484375
4 0.75703125 0.12890625 0.034375 0.04453125
0 0.75703125 0.128125 0.034375 0.0453125
4 0.79453125 0.12890625 0.034375 0.04453125
0 0.79453125 0.128125 0.034375 0.0453125
4 0.83125 0.12890625 0.034375 0.04453125
0 0.83125 0.128125 0.034375 0.0453125
4 0.86875 0.12890625 0.034375 0.04453125
0 0.86875 0.128125 0.034375 0.0453125
4 0.90546875 0.12890625 0.034375 0.04453125
0 0.90546875 0.128125 0.034375 0.0453125
4 0.95390625 0.1265625 0.0171875 0.0234375
0 0.9546875 0.12734375 0.0328125 0.04453125
2 0.25390625 0.20234375 0.478125 0.0296875
0 0.49296875 0.2234375 0.95703125 0.1234375
2 0.25390625 0.23828125 0.478125 0.03125
4 0.7328125 0.2234375 0.478125 0.1234375
4 0.25390625 0.525 0.478125 0.47890625
4 0.25390625 0.525 0.478125 0.48046875
2 0.52265625 0.321875 0.0296875 0.02109375
0 0.7328125 0.44921875 0.478125 0.2890625
2 0.653125 0.321875 0.23125 0.0328125
2 0.7328125 0.36875 0.478125 0.05078125
7 0.72890625 0.46953125 0.4421875 0.13671875
6 0.7265625 0.540625 0.4375 0.05703125
4 0.51640625 0.61640625 0.0171875 0.025
0 0.7328125 0.634375 0.478125 0.08203125
6 0.58671875 0.61875 0.10859375 0.0328125
7 0.734375 0.63515625 0.4046875 0.06015625
4 0.51640625 0.6984375 0.0171875 0.025
0 0.7328125 0.7171875 0.478125 0.08203125
6 0.6796875 0.7015625 0.2953125 0.0328125
7 0.7203125 0.7171875 0.3765625 0.06015625
3 0.8109375 0.8921875 0.29296875 0.21484375
4 0.15625 0.8921875 0.25390625 0.21484375
0 0.33203125 0.8828125 0.634375 0.234375
4 0.15625 0.8921875 0.25390625 0.21484375
2 0.46640625 0.80234375 0.33671875 0.03359375
2 0.46640625 0.90859375 0.33671875 0.18203125