4 0.08828125 0.0328125 0.0890625 0.0484375
6 0.37890625 0.0328125 0.078125 0.02109375
6 0.47578125 0.0328125 0.065625 0.02109375
4 0.59609375 0.0328125 0.07890625 0.02734375
0 0.59609375 0.0328125 0.07890625 0.02734375
4 0.728125 0.0328125 0.0703125 0.053125
0 0.728125 0.0328125 0.0703125 0.053125
4 0.83125 0.0328125 0.03984375 0.05625
0 0.89609375 0.0328125 0.16875 0.05625
7 0.9203125 0.02265625 0.1171875 0.0328125
7 0.92578125 0.05 0.109375 0.0171875
6 0.0578125 0.09453125 0.096875 0.05859375
6 0.14765625 0.09453125 0.0453125 0.05859375
6 0.2203125 0.09453125 0.0640625 0.05859375
6 0.2859375 0.09453125 0.0296875 0.05859375
6 0.34765625 0.09453125 0.05625 0.05859375
6 0.415625 0.09453125 0.04296875 0.05859375
6 0.4859375 0.09453125 0.0609375 0.05859375
6 0.584375 0.09453125 0.09765625 0.05859375
6 0.684375 0.09453125 0.065625 0.05859375
6 0.74921875 0.09453125 0.028125 0.05859375
6 0.8 0.09453125 0.0359375 0.05859375
6 0.1546875 0.153125 0.2890625 0.05859375
6 0.4421875 0.153125 0.25 0.05859375
6 0.70234375 0.153125 0.2328125 0.05859375
0 0.9234375 0.09453125 0.153125 0.05859375
7 0.06640625 0.165625 0.09375 0.03125
7 0.06484375 0.190625 0.090625 0.01953125
0 0.57265625 0.1734375 0.8546875 0.09765625
4 0.98046875 0.1734375 0.01953125 0.02734375
3 0.571875 0.41171875 0.85546875 0.32578125
7 0.10234375 0.62265625 0.1359375 0.03125
0 0.10234375 0.63359375 0.1359375 0.053125
7 0.10234375 0.64921875 0.1359375 0.021875
7 0.11015625 0.6828125 0.09453125 0.0171875
0 0.10234375 0.68359375 0.1359375 0.03125
4 0.23359375 0.65859375 0.078125 0.10390625
7 0.30703125 0.6203125 0.034375 0.0140625
6 0.39453125 0.64765625 0.209375 0.0328125
7 0.3625 0.69140625 0.0546875 0.01796875
0 0.371875 0.6921875 0.1640625 0.0375
7 0.4109375 0.69140625 0.0453125 0.01796875
4 0.56875 0.65859375 0.09453125 0.03671875
0 0.64765625 0.65859375 0.2515625 0.03671875
7 0.690625 0.6578125 0.1328125 0.0171875
4 0.7671875 0.659375 0.0046875 0.009375
7 0.83203125 0.67265625 0.07421875 0.0171875
0 0.83125 0.65859375 0.0734375 0.046875
7 0.92890625 0.63203125 0.0765625 0.01953125
4 0.92890625 0.67265625 0.06875 0.0453125
4 0.5 0.65859375 0.98046875 0.13046875
4 0.2953125 0.875 0.5703125 0.25
0 0.2953125 0.875 0.5703125 0.25
4 0.7953125 0.875 0.390625 0.25
0 0.7953125 0.875 0.390625 0.25