2 0.5 0.5 1 1
4 0.10546875 0.03515625 0.165625 0.046875
0 0.10078125 0.0296875 0.2015625 0.05859375
0 0.24375 0.0296875 0.08515625 0.05859375
0 0.328125 0.0296875 0.0859375 0.05859375
0 0.41875 0.0296875 0.096875 0.05859375
0 0.52109375 0.0296875 0.11015625 0.05859375
0 0.86640625 0.0296875 0.059375 0.05859375
0 0.94765625 0.0296875 0.1046875 0.05859375
2 0.5 0.5 1 1
2 0.9875 0.05390625 0.02421875 0.021875
7 0.984375 0.04453125 0.03125 0.0203125
0 0.984375 0.05234375 0.03125 0.0359375
7 0.984375 0.04453125 0.03125 0.0203125
0 0.984375 0.05234375 0.03125 0.0359375
0 0.984375 0.05234375 0.03125 0.0359375
2 0.9875 0.05390625 0.02421875 0.021875
0 0.984375 0.05234375 0.03125 0.0359375
0 0.984375 0.05234375 0.03125 0.0359375
0 0.984375 0.05234375 0.03125 0.0359375
0 0.984375 0.05234375 0.03125 0.0359375
0 0.984375 0.05234375 0.03125 0.0359375
0 0.984375 0.05234375 0.03125 0.0359375
2 0.9875 0.05390625 0.02421875 0.021875
0 0.984375 0.05234375 0.03125 0.0359375
0 0.984375 0.05234375 0.03125 0.0359375
0 0.984375 0.05234375 0.03125 0.0359375
0 0.984375 0.05234375 0.03125 0.0359375
2 0.9875 0.05390625 0.02421875 0.021875
0 0.984375 0.05234375 0.03125 0.0359375
0 0.984375 0.05234375 0.03125 0.0359375
0 0.984375 0.05234375 0.03125 0.0359375
2 0.5 0.29296875 1 0.10390625
2 0.5 0.396875 1 0.10390625
7 0.5 0.50546875 1 0.03359375
0 0.5 0.6140625 0.209375 0.06640625
4 0.11640625 0.94375 0.18828125 0.11171875
4 0.53828125 0.9015625 0.45390625 0.196875
4 0.91328125 0.95546875 0.09375 0.08828125