7 0.06796875 0.04609375 0.0578125 0.0453125
0 0.06796875 0.04609375 0.0578125 0.0453125
0 0.471875 0.0453125 0.08671875 0.02734375
7 0.5484375 0.0453125 0.05 0.021875
0 0.553125 0.0453125 0.075 0.02734375
7 0.621875 0.0453125 0.04609375 0.021875
0 0.6265625 0.0453125 0.07109375 0.02734375
7 0.7046875 0.0453125 0.0703125 0.021875
0 0.71015625 0.0453125 0.0953125 0.02734375
7 0.865625 0.0453125 0.18828125 0.0375
0 0.865625 0.0453125 0.190625 0.040625
0 0.06875 0.11328125 0.07890625 0.06015625
0 0.15 0.11328125 0.0828125 0.06015625
0 0.225 0.11328125 0.06640625 0.06015625
0 0.31953125 0.11328125 0.12421875 0.06015625
0 0.4109375 0.11328125 0.0578125 0.06015625
0 0.50625 0.11328125 0.1328125 0.06015625
0 0.64140625 0.11328125 0.1375 0.06015625
0 0.79375 0.11328125 0.16796875 0.06015625
0 0.909375 0.11328125 0.06328125 0.06015625
0 0.9703125 0.11328125 0.05859375 0.06015625
4 0.95234375 0.10390625 0.0171875 0.078125
0 0.08046875 0.1578125 0.0828125 0.0328125
0 0.19921875 0.15625 0.0859375 0.04921875
0 0.28203125 0.15625 0.0796875 0.04921875
0 0.38203125 0.15625 0.1203125 0.04921875
0 0.478125 0.15625 0.07109375 0.04921875
0 0.5734375 0.15625 0.1203125 0.04921875
7 0.68125 0.15703125 0.065625 0.021875
0 0.684375 0.15625 0.1015625 0.04921875
0 0.76484375 0.15625 0.059375 0.04921875
2 0.5 0.26796875 0.921875 0.078125
2 0.5 0.3265625 0.921875 0.0390625
7 0.18671875 0.42421875 0.29296875 0.03671875
0 0.18671875 0.42421875 0.2953125 0.0390625
7 0.5 0.42421875 0.29296875 0.03671875
0 0.5 0.42421875 0.2953125 0.0390625
7 0.340625 0.534375 0.5796875 0.025
0 0.5 0.56484375 1 0.125
2 0.340625 0.56328125 0.5796875 0.0328125
7 0.340625 0.59375 0.5796875 0.02890625
7 0.878125 0.56328125 0.065625 0.01953125
7 0.33671875 0.8515625 0.59453125 0.28671875
3 0.81328125 0.81640625 0.2953125 0.22109375
4 0.81328125 0.81640625 0.2953125 0.22109375
0 0.8140625 0.81640625 0.059375 0.078125
7 0.81328125 0.95390625 0.275 0.0296875