4 0.0265625 0.02421875 0.0296875 0.040625
7 0.18671875 0.021875 0.28125 0.02109375
4 0.13359375 0.128125 0.24375 0.1109375
1 0.7859375 0.1484375 0.2609375 0.04921875
0 0.94453125 0.1484375 0.078125 0.04921875
0 0.8 0.1015625 0.05625 0.03125
0 0.8640625 0.1015625 0.07421875 0.03125
0 0.94453125 0.1015625 0.0875 0.03125
7 0.075 0.24375 0.10234375 0.021875
0 0.075 0.24375 0.12578125 0.053125
7 0.21875 0.24375 0.140625 0.021875
0 0.21875 0.24375 0.1640625 0.053125
7 0.36796875 0.24375 0.1125 0.021875
0 0.36796875 0.24375 0.13671875 0.053125
7 0.4703125 0.24375 0.04609375 0.021875
0 0.46953125 0.24375 0.06875 0.053125
7 0.53046875 0.24375 0.03203125 0.021875
0 0.53046875 0.24375 0.05546875 0.053125
7 0.6015625 0.24375 0.0640625 0.021875
0 0.60234375 0.24375 0.0890625 0.053125
7 0.69375 0.24375 0.0734375 0.021875
0 0.69375 0.24375 0.096875 0.053125
7 0.7859375 0.24375 0.065625 0.021875
0 0.78515625 0.24375 0.0875 0.053125
0 0.88203125 0.24375 0.1078125 0.053125
2 0.5 0.31875 0.91796875 0.046875
4 0.12421875 0.4984375 0.1265625 0.16953125
2 0.2515625 0.45859375 0.109375 0.0859375
4 0.42109375 0.4984375 0.128125 0.16953125
2 0.5640625 0.45859375 0.140625 0.0859375
4 0.71796875 0.4984375 0.128125 0.16953125
2 0.8609375 0.503125 0.140625 0.17578125
4 0.12421875 0.71171875 0.1265625 0.1703125
2 0.2671875 0.7015625 0.140625 0.146875
4 0.42109375 0.7109375 0.128125 0.16953125
2 0.55546875 0.67109375 0.1234375 0.0875
4 0.71796875 0.71171875 0.128125 0.1703125
2 0.846875 0.7015625 0.1109375 0.146875
4 0.12421875 0.9046875 0.1265625 0.1703125
2 0.2671875 0.87890625 0.13984375 0.1171875
2 0.309375 0.92265625 0.0109375 0.01953125
4 0.42109375 0.9046875 0.128125 0.1703125
2 0.5640625 0.8640625 0.13984375 0.0875
4 0.71796875 0.9046875 0.128125 0.1703125
2 0.85859375 0.8640625 0.134375 0.0875