6 0.49921875 0.02578125 0.8953125 0.02890625
0 0.16328125 0.1375 0.01640625 0.0375
1 0.89140625 0.1015625 0.1546875 0.04140625
0 0.696875 0.1046875 0.0375 0.040625
0 0.76640625 0.1046875 0.0921875 0.040625
0 0.33359375 0.16640625 0.10625 0.04140625
0 0.446875 0.16640625 0.12109375 0.04140625
0 0.5796875 0.16640625 0.14453125 0.04140625
0 0.696875 0.16640625 0.0890625 0.04140625
0 0.7875 0.16640625 0.09296875 0.04140625
0 0.86953125 0.16640625 0.07109375 0.04140625
0 0.9375 0.16640625 0.0640625 0.04140625
2 0.5 0.27578125 0.9375 0.02890625
4 0.23046875 0.478125 0.3421875 0.26015625
2 0.671875 0.38828125 0.48828125 0.07265625
2 0.56171875 0.4765625 0.26875 0.02578125
2 0.5265625 0.54453125 0.1984375 0.02578125
2 0.06953125 0.7359375 0.05546875 0.0296875
2 0.07578125 0.771875 0.0671875 0.0296875
4 0.203125 0.7984375 0.06875 0.01796875
2 0.30078125 0.7359375 0.03515625 0.0296875
2 0.3234375 0.771875 0.08125 0.0296875
4 0.440625 0.78515625 0.06171875 0.01796875
2 0.55390625 0.7359375 0.059375 0.0296875
2 0.5578125 0.771875 0.06640625 0.0296875
4 0.68203125 0.78515625 0.06171875 0.01796875
2 0.7859375 0.7359375 0.03984375 0.0296875
2 0.8140625 0.771875 0.09765625 0.0296875
4 0.9265625 0.7984375 0.06875 0.01796875
2 0.5 0.88515625 0.91796875 0.03671875
2 0.26953125 0.9890625 0.4484375 0.021875
2 0.74296875 0.9890625 0.4203125 0.021875