4 0.1203125 0.04140625 0.0640625 0.04140625
0 0.1203125 0.04140625 0.0640625 0.04140625
0 0.75390625 0.04140625 0.0484375 0.0828125
0 0.80234375 0.04140625 0.0484375 0.0828125
0 0.85078125 0.04140625 0.0484375 0.0828125
4 0.9 0.04140625 0.0234375 0.03125
0 0.89921875 0.04140625 0.0484375 0.0828125
7 0.50703125 0.86875 0.98515625 0.04140625
0 0.7765625 0.94140625 0.13203125 0.0390625
0 0.9203125 0.94140625 0.13984375 0.0390625
6 0.0515625 0.9859375 0.0734375 0.01953125
7 0.1265625 0.9859375 0.07890625 0.01953125
4 0.2140625 0.98671875 0.0984375 0.02578125
7 0.940625 0.5203125 0.06953125 0.021875
2 0.32734375 0.3203125 0.4359375 0.08359375
7 0.32734375 0.48359375 0.4359375 0.1734375
7 0.221875 0.63203125 0.19453125 0.01953125
0 0.221875 0.63203125 0.22578125 0.053125
4 0.146875 0.63203125 0.075 0.053125
4 0.221875 0.63203125 0.075 0.053125
4 0.29765625 0.63203125 0.075 0.053125
7 0.49765625 0.82265625 0.003125 0.03359375
6 0.49921875 0.97421875 0.8296875 0.0515625
6 0.93671875 0.97421875 0.0828125 0.0515625
4 0.1875 0.97734375 0.075 0.0453125
0 0.18828125 0.97421875 0.1578125 0.0515625
4 0.39453125 0.97734375 0.0734375 0.0453125
0 0.39453125 0.97421875 0.1578125 0.0515625
4 0.6015625 0.97734375 0.075 0.0453125
0 0.60234375 0.97421875 0.1578125 0.0515625
4 0.80859375 0.97734375 0.0734375 0.0453125
0 0.80859375 0.97421875 0.1578125 0.0515625
4 0.98984375 0.97734375 0.0203125 0.0453125
0 0.96875 0.97421875 0.0625 0.0515625