4 0.16328125 0.0390625 0.1171875 0.078125
2 0.17890625 0.12265625 0.25625 0.03125
7 0.89140625 0.1234375 0.1359375 0.04296875
7 0.5 0.475 1 0.65078125
2 0.5 0.315625 0.5609375 0.09765625
2 0.5 0.44921875 0.6875 0.15625
7 0.5 0.63125 0.1953125 0.07421875
0 0.5 0.63359375 0.1953125 0.021875
7 0.5 0.8265625 1 0.05234375
7 0.5 0.8265625 0.56640625 0.05234375
0 0.50078125 0.8265625 0.5671875 0.021875
7 0.5 0.9265625 1 0.146875
4 0.1328125 0.94765625 0.03515625 0.046875
0 0.13203125 0.9265625 0.1484375 0.146875
2 0.1328125 0.99375 0.12890625 0.01171875
4 0.2796875 0.94765625 0.03515625 0.046875
0 0.27890625 0.9265625 0.1484375 0.146875
2 0.2796875 0.99375 0.128125 0.01171875
4 0.4265625 0.94765625 0.03515625 0.046875
0 0.42578125 0.9265625 0.1484375 0.146875
2 0.4265625 0.99375 0.128125 0.01171875
4 0.5734375 0.94765625 0.03515625 0.046875
0 0.57265625 0.9265625 0.1484375 0.146875
2 0.5734375 0.99375 0.12890625 0.01171875
4 0.7203125 0.92890625 0.03515625 0.0453125
0 0.71953125 0.9265625 0.1484375 0.146875
2 0.7203125 0.98515625 0.128125 0.0296875
4 0.8671875 0.94765625 0.03515625 0.046875
0 0.86640625 0.9265625 0.1484375 0.146875
2 0.8671875 0.99375 0.12890625 0.01171875
4 0.01796875 0.49921875 0.03046875 0.17578125
0 0.01953125 0.5 0.0390625 0.1953125