4 0.11015625 0.0328125 0.190625 0.0390625
7 0.60078125 0.03515625 0.0609375 0.02578125
7 0.7125 0.03515625 0.03984375 0.02578125
7 0.8234375 0.03515625 0.059375 0.02578125
4 0.93515625 0.0375 0.028125 0.03671875
4 0.975 0.0375 0.021875 0.02734375
4 0.3328125 0.2734375 0.615625 0.33359375
7 0.3328125 0.44296875 0.615625 0.0078125
6 0.04765625 0.459375 0.03984375 0.02109375
6 0.32890625 0.5109375 0.60234375 0.08203125
7 0.3328125 0.5765625 0.6109375 0.02734375
7 0.06328125 0.61953125 0.07109375 0.02578125
4 0.1640625 0.7609375 0.27734375 0.15
6 0.33671875 0.69375 0.046875 0.02109375
6 0.4609375 0.7515625 0.2953125 0.0921875
7 0.34375 0.815625 0.0609375 0.025
4 0.1640625 0.9453125 0.27734375 0.109375
6 0.334375 0.8984375 0.0421875 0.02109375
6 0.4484375 0.9546875 0.26953125 0.08984375
7 0.8296875 0.2484375 0.3203125 0.32578125
7 0.7875 0.4734375 0.203125 0.0328125
4 0.96015625 0.475 0.0296875 0.025
4 0.8296875 0.5875 0.2890625 0.15625
7 0.7 0.6453125 0.0296875 0.040625
7 0.8296875 0.66796875 0.2890625 0.0078125
6 0.8265625 0.7140625 0.27734375 0.0765625
4 0.8296875 0.8625 0.2890625 0.1578125
7 0.7 0.92109375 0.0296875 0.040625
7 0.8296875 0.94375 0.2890625 0.0078125
6 0.80859375 0.97578125 0.2421875 0.0484375