4 0.15703125 0.04765625 0.25390625 0.05625
7 0.1859375 0.0921875 0.30625 0.02578125
0 0.6671875 0.0515625 0.06171875 0.040625
0 0.85234375 0.0515625 0.0828125 0.040625
6 0.65 0.0921875 0.0296875 0.02109375
7 0.6671875 0.0921875 0.00625 0.02109375
6 0.79609375 0.0921875 0.234375 0.02109375
6 0.8109375 0.11875 0.26484375 0.02109375
6 0.825 0.14453125 0.29296875 0.02109375
6 0.8234375 0.1703125 0.28984375 0.02109375
6 0.803125 0.196875 0.24921875 0.02109375
6 0.82109375 0.22265625 0.284375 0.02109375
6 0.809375 0.2484375 0.2609375 0.02109375
6 0.821875 0.275 0.2875 0.02109375
6 0.8015625 0.30078125 0.24609375 0.02109375
6 0.8140625 0.3265625 0.271875 0.02109375
7 0.3859375 0.12421875 0.1109375 0.01171875
7 0.3859375 0.2015625 0.7109375 0.1171875
7 0.8578125 0.165625 0.1640625 0.02109375
6 0.84296875 0.19140625 0.134375 0.02109375
7 0.92265625 0.19140625 0.02734375 0.02109375
6 0.846875 0.2171875 0.1421875 0.02109375
7 0.91875 0.2171875 0.00390625 0.02109375
7 0.115625 0.37734375 0.17109375 0.03671875
7 0.61015625 0.38125 0.084375 0.02578125
4 0.096875 0.4859375 0.13359375 0.11953125
0 0.096875 0.525 0.13359375 0.19921875
2 0.096875 0.59140625 0.13359375 0.06796875
4 0.259375 0.4859375 0.134375 0.11953125
0 0.259375 0.525 0.134375 0.19921875
2 0.259375 0.59140625 0.134375 0.06796875
4 0.42265625 0.4859375 0.13359375 0.11953125
0 0.42265625 0.525 0.13359375 0.19921875
2 0.42265625 0.59140625 0.13359375 0.06796875
4 0.58515625 0.4859375 0.134375 0.11953125
0 0.58515625 0.525 0.134375 0.19921875
2 0.58515625 0.59140625 0.134375 0.06796875
7 0.0765625 0.65703125 0.09296875 0.021875
7 0.22734375 0.6828125 0.39375 0.07421875
6 0.30234375 0.709375 0.0671875 0.021875
6 0.490625 0.659375 0.053125 0.021875
6 0.5140625 0.690625 0.1 0.021875
6 0.490625 0.721875 0.05390625 0.021875
7 0.10859375 0.77421875 0.15625 0.021875
7 0.58671875 0.7796875 0.13125 0.02734375
4 0.0875 0.87890625 0.1140625 0.1015625
0 0.0875 0.87890625 0.1140625 0.1015625
2 0.21953125 0.88046875 0.121875 0.11171875
7 0.08046875 0.96171875 0.10078125 0.021875
7 0.1578125 0.975 0.25625 0.04921875
6 0.3359375 0.8375 0.0703125 0.021875
6 0.4328125 0.88125 0.234375 0.021875
6 0.44765625 0.915625 0.26484375 0.021875
6 0.46015625 0.9515625 0.28984375 0.021875
6 0.4515625 0.9859375 0.27265625 0.021875
7 0.803125 0.38671875 0.025 0.01796875
0 0.7921875 0.38671875 0.06640625 0.0390625
7 0.8703125 0.38671875 0.03046875 0.01796875
0 0.86015625 0.38671875 0.0734375 0.0390625
7 0.94296875 0.38671875 0.03203125 0.01796875
0 0.93203125 0.38671875 0.075 0.0390625
7 0.81953125 0.4265625 0.1125 0.01171875
7 0.81953125 0.72265625 0.30078125 0.5546875
7 0.0359375 0.3109375 0.01171875 0.02578125
0 0.04296875 0.31484375 0.0546875 0.06484375
7 0.0484375 0.3203125 0.0140625 0.02578125
7 0.10625 0.31484375 0.04375 0.02109375
0 0.1109375 0.31484375 0.0828125 0.06484375
7 0.1828125 0.31484375 0.0328125 0.02109375
0 0.1875 0.31484375 0.071875 0.06484375
7 0.259375 0.31484375 0.04375 0.02109375
0 0.2640625 0.31484375 0.0828125 0.06484375
7 0.34453125 0.31484375 0.05 0.02109375
0 0.34921875 0.31484375 0.0890625 0.06484375
7 0.42890625 0.31484375 0.04375 0.02109375
0 0.434375 0.31484375 0.0828125 0.06484375
1 0.80078125 0.31484375 0.2640625 0.04453125