7 0.4 0.0328125 0.21484375 0.025
7 0.5171875 0.0328125 0.021875 0.025
7 0.559375 0.0328125 0.06328125 0.025
0 0.634375 0.0328125 0.05 0.0328125
4 0.69453125 0.03203125 0.0140625 0.0171875
3 0.5 0.1890625 0.946875 0.32578125
4 0.14765625 0.4125 0.23359375 0.06640625
0 0.14921875 0.44453125 0.24375 0.06640625
0 0.8203125 0.44453125 0.11328125 0.05078125
4 0.91015625 0.44375 0.0171875 0.025
0 0.91015625 0.44453125 0.0171875 0.02734375
4 0.95234375 0.44375 0.0171875 0.01953125
7 0.06171875 0.52578125 0.0734375 0.02890625
0 0.06171875 0.5265625 0.0734375 0.0328125
7 0.15 0.52578125 0.10234375 0.02890625
0 0.15 0.5265625 0.10234375 0.0328125
7 0.2484375 0.52578125 0.09375 0.02890625
0 0.2484375 0.5265625 0.09375 0.0328125
7 0.33671875 0.52578125 0.0828125 0.02890625
7 0.43671875 0.52578125 0.11796875 0.02890625
0 0.43671875 0.5265625 0.11796875 0.0328125
7 0.8234375 0.525 0.0453125 0.02578125
7 0.89140625 0.525 0.08125 0.02578125
4 0.94921875 0.52734375 0.0078125 0.015625
4 0.50078125 0.80078125 0.4640625 0.3984375
0 0.50078125 0.80078125 0.4640625 0.3984375
4 0.50078125 0.80078125 0.4640625 0.3984375
4 0.50078125 0.80078125 0.4640625 0.3984375
7 0.80703125 0.615625 0.07890625 0.02578125
7 0.86171875 0.65859375 0.18828125 0.11171875
4 0.778125 0.76328125 0.021875 0.02890625
0 0.7984375 0.7921875 0.0625 0.021875
4 0.9234375 0.7765625 0.0609375 0.08984375
0 0.9234375 0.77578125 0.06640625 0.08828125
7 0.809375 0.8421875 0.0828125 0.01796875
4 0.8671875 0.8421875 0.0140625 0.01171875
7 0.81171875 0.915625 0.0875 0.02578125
7 0.86171875 0.95078125 0.1890625 0.0984375
7 0.1375 0.6328125 0.18046875 0.03671875
0 0.1375 0.64765625 0.2 0.0921875
7 0.1203125 0.66875 0.146875 0.025
7 0.053125 0.72734375 0.03203125 0.025
4 0.084375 0.728125 0.01953125 0.01171875
7 0.05078125 0.79453125 0.02734375 0.01796875
0 0.05078125 0.79296875 0.02734375 0.01796875
0 0.13359375 0.8359375 0.1921875 0.046875
7 0.075 0.8921875 0.0765625 0.01796875
4 0.04375 0.959375 0.0140625 0.01328125
7 0.0890625 0.9609375 0.0625 0.01796875
0 0.13359375 0.9890625 0.1921875 0.021875