4 0.0796875 0.0328125 0.07890625 0.06484375
7 0.16015625 0.03203125 0.040625 0.01953125
0 0.1609375 0.0328125 0.07109375 0.06484375
7 0.23515625 0.03203125 0.05 0.01953125
0 0.23515625 0.0328125 0.07890625 0.06484375
7 0.30546875 0.03203125 0.03515625 0.01953125
0 0.30546875 0.0328125 0.06328125 0.06484375
7 0.3703125 0.03203125 0.0390625 0.01953125
0 0.3703125 0.0328125 0.06953125 0.06484375
4 0.44375 0.03203125 0.00859375 0.01953125
1 0.59140625 0.0328125 0.33515625 0.05234375
7 0.8328125 0.03203125 0.08125 0.01953125
0 0.83203125 0.0328125 0.109375 0.06484375
7 0.92265625 0.03203125 0.0453125 0.01953125
0 0.92265625 0.0328125 0.07421875 0.06484375
2 0.24921875 0.20546875 0.3984375 0.109375
2 0.26640625 0.33046875 0.43359375 0.109375
0 0.12890625 0.44765625 0.1578125 0.05703125
0 0.2625 0.44765625 0.0875 0.05703125
4 0.7421875 0.3125 0.390625 0.29453125
7 0.7421875 0.45390625 0.1171875 0.05078125
7 0.36015625 0.5984375 0.1328125 0.040625
0 0.3609375 0.5984375 0.14921875 0.06640625
7 0.5 0.5984375 0.1171875 0.040625
0 0.5 0.5984375 0.1328125 0.06640625
7 0.63984375 0.5984375 0.1328125 0.040625
0 0.63984375 0.5984375 0.1484375 0.06640625
2 0.13359375 0.7078125 0.1453125 0.021875
0 0.0609375 0.828125 0.0390625 0.05234375
4 0.15546875 0.83046875 0.140625 0.140625
0 0.15546875 0.83203125 0.140625 0.14296875
0 0.15546875 0.9171875 0.140625 0.021875
6 0.1125 0.9375 0.0546875 0.01796875
4 0.325 0.83046875 0.140625 0.140625
0 0.325 0.83203125 0.140625 0.14296875
0 0.325 0.9171875 0.140625 0.021875
6 0.2796875 0.9375 0.05 0.01796875
4 0.4953125 0.83046875 0.140625 0.140625
0 0.4953125 0.83203125 0.140625 0.14296875
0 0.4953125 0.9171875 0.140625 0.021875
6 0.4515625 0.9375 0.05390625 0.01796875
4 0.66484375 0.83046875 0.140625 0.140625
0 0.66484375 0.83203125 0.140625 0.14296875
0 0.66484375 0.9171875 0.140625 0.021875
6 0.65546875 0.9375 0.12109375 0.01796875
4 0.83515625 0.83046875 0.140625 0.140625
0 0.83515625 0.83203125 0.140625 0.14296875
0 0.83515625 0.9171875 0.140625 0.021875
6 0.81171875 0.9375 0.09375 0.01796875
0 0.9390625 0.828125 0.0390625 0.05234375