7 0.09140625 0.0359375 0.16328125 0.071875
6 0.2546875 0.0359375 0.1078125 0.071875
6 0.371875 0.0359375 0.0890625 0.071875
6 0.46640625 0.0359375 0.06328125 0.071875
6 0.54765625 0.0359375 0.06171875 0.071875
6 0.63984375 0.0359375 0.0859375 0.071875
6 0.721875 0.0359375 0.0421875 0.071875
0 0.78828125 0.0359375 0.0734375 0.071875
7 0.896875 0.0359375 0.10234375 0.071875
2 0.5 0.12109375 0.9609375 0.046875
4 0.2125 0.3921875 0.3859375 0.44296875
0 0.2125 0.3921875 0.3859375 0.44296875
0 0.06328125 0.46171875 0.0640625 0.0171875
2 0.2125 0.5359375 0.3625 0.12109375
4 0.55625 0.278125 0.2734375 0.21484375
0 0.55625 0.278125 0.2734375 0.21484375
0 0.453125 0.27421875 0.04296875 0.0171875
2 0.55625 0.32890625 0.24921875 0.08203125
4 0.84375 0.278125 0.2734375 0.21484375
0 0.84375 0.278125 0.2734375 0.21484375
0 0.7515625 0.27421875 0.06328125 0.0171875
2 0.84453125 0.32890625 0.24921875 0.08203125
4 0.55625 0.51171875 0.2734375 0.21640625
0 0.55625 0.51171875 0.2734375 0.21640625
0 0.4640625 0.50703125 0.0640625 0.0171875
2 0.55625 0.56171875 0.24921875 0.08203125
4 0.84375 0.51171875 0.2734375 0.21640625
0 0.84375 0.51171875 0.2734375 0.21640625
0 0.75 0.50703125 0.0609375 0.0171875
2 0.84453125 0.56171875 0.24921875 0.08203125
2 0.33984375 0.753125 0.640625 0.0609375
4 0.13984375 0.90078125 0.240625 0.19765625
0 0.13984375 0.90078125 0.240625 0.19765625
0 0.475 0.8109375 0.37109375 0.0171875
2 0.475 0.9046875 0.37109375 0.16171875
7 0.475 0.9953125 0.37109375 0.009375
2 0.83984375 0.753125 0.28125 0.0609375
4 0.83984375 0.90078125 0.28125 0.19765625
0 0.83984375 0.90078125 0.28125 0.19765625
0 0.74296875 0.934375 0.0671875 0.0171875
2 0.8390625 0.9734375 0.2625 0.053125