4 0.0609375 0.075 0.0828125 0.1234375
6 0.03203125 0.17421875 0.025 0.01328125
6 0.04375 0.2015625 0.04765625 0.01328125
6 0.03671875 0.22890625 0.034375 0.01328125
6 0.0609375 0.24375 0.06328125 0.01328125
6 0.0609375 0.2578125 0.0625 0.01328125
6 0.040625 0.28515625 0.0421875 0.01328125
6 0.0484375 0.29921875 0.0390625 0.01328125
6 0.04609375 0.3140625 0.0328125 0.01328125
6 0.05546875 0.328125 0.03203125 0.01328125
6 0.05625 0.3421875 0.034375 0.01328125
6 0.0484375 0.35703125 0.01875 0.01328125
6 0.05234375 0.37109375 0.04609375 0.01328125
6 0.0609375 0.38515625 0.04375 0.01328125
6 0.05390625 0.4 0.0296875 0.01328125
6 0.0625 0.4140625 0.02734375 0.01328125
6 0.05 0.428125 0.02265625 0.01328125
6 0.0515625 0.44296875 0.04375 0.01328125
6 0.03046875 0.4703125 0.02265625 0.01328125
6 0.0484375 0.484375 0.0390625 0.01328125
6 0.04375 0.4984375 0.0296875 0.01328125
6 0.04609375 0.51328125 0.034375 0.01328125
6 0.0515625 0.52734375 0.04375 0.01328125
6 0.04609375 0.5546875 0.05390625 0.01328125
6 0.0484375 0.56875 0.0390625 0.01328125
6 0.05546875 0.58359375 0.0515625 0.01328125
6 0.04609375 0.59765625 0.0328125 0.01328125
6 0.0515625 0.61171875 0.04375 0.01328125
6 0.071875 0.6265625 0.065625 0.01328125
6 0.05625 0.640625 0.034375 0.01328125
6 0.053125 0.6546875 0.028125 0.01328125
6 0.04609375 0.66953125 0.0140625 0.01328125
6 0.0421875 0.696875 0.0453125 0.01328125
6 0.0484375 0.7109375 0.0390625 0.01328125
6 0.05546875 0.725 0.053125 0.01328125
6 0.06015625 0.73984375 0.0421875 0.01328125
6 0.05625 0.75390625 0.03515625 0.01328125
6 0.0515625 0.76796875 0.04375 0.01328125
6 0.05859375 0.7828125 0.0390625 0.01328125
6 0.03125 0.81015625 0.0234375 0.01328125
6 0.0390625 0.8375 0.0390625 0.01328125
7 0.57578125 0.015625 0.8484375 0.03125
6 0.17421875 0.084375 0.0421875 0.01328125
7 0.1984375 0.08359375 0.00859375 0.015625
6 0.2359375 0.084375 0.06640625 0.01328125
7 0.27265625 0.08359375 0.009375 0.015625
6 0.29765625 0.084375 0.0421875 0.01328125
7 0.3234375 0.08359375 0.009375 0.015625
6 0.3453125 0.084375 0.0375 0.01328125
7 0.36796875 0.08359375 0.00859375 0.015625
6 0.4078125 0.084375 0.0734375 0.01328125
1 0.75078125 0.0734375 0.1421875 0.025
7 0.70234375 0.1 0.0609375 0.015625
4 0.75 0.10078125 0.0375 0.01953125
7 0.796875 0.1 0.053125 0.01796875
1 0.91875 0.071875 0.15625 0.02109375
1 0.975 0.0921875 0.04375 0.02109375
7 0.184375 0.13046875 0.065625 0.015625
6 0.2296875 0.13046875 0.028125 0.015625
7 0.17890625 0.1484375 0.0546875 0.015625
6 0.26875 0.1484375 0.1265625 0.015625
2 0.56328125 0.2171875 0.82421875 0.03515625
7 0.79609375 0.28984375 0.05390625 0.0171875
6 0.84296875 0.31875 0.146875 0.0171875
4 0.77734375 0.3484375 0.015625 0.021875
7 0.8109375 0.353125 0.0515625 0.0171875
4 0.77734375 0.38359375 0.015625 0.021875
7 0.81171875 0.3890625 0.05390625 0.0171875
4 0.77734375 0.41875 0.015625 0.021875
7 0.80625 0.4234375 0.0421875 0.0171875
4 0.77734375 0.45390625 0.015625 0.021875
7 0.80234375 0.459375 0.034375 0.0171875
4 0.77734375 0.4890625 0.015625 0.021875
7 0.8203125 0.49375 0.0703125 0.0171875
4 0.77734375 0.52421875 0.015625 0.021875
7 0.8015625 0.5296875 0.03203125 0.0171875
4 0.77734375 0.559375 0.015625 0.021875
7 0.80625 0.5640625 0.04296875 0.0171875
4 0.77734375 0.59453125 0.015625 0.021875
7 0.80390625 0.6 0.03828125 0.0171875
4 0.77734375 0.6296875 0.015625 0.021875
7 0.8234375 0.634375 0.0765625 0.0171875
6 0.8375 0.66328125 0.1359375 0.0171875
6 0.83984375 0.6921875 0.140625 0.0171875
6 0.8546875 0.7296875 0.1703125 0.03515625
4 0.3734375 0.446875 0.44453125 0.375
7 0.33125 0.678125 0.359375 0.0171875
4 0.51796875 0.67265625 0.01640625 0.021875
7 0.53984375 0.678125 0.0296875 0.0171875
7 0.5765625 0.678125 0.0453125 0.0171875
2 0.56328125 0.7671875 0.82421875 0.05859375
7 0.215625 0.83125 0.128125 0.0171875
4 0.28671875 0.8265625 0.01640625 0.021875
7 0.33359375 0.83125 0.07890625 0.0171875
7 0.55625 0.840625 0.809375 0.03515625
7 0.56328125 0.878125 0.82421875 0.01953125
7 0.56328125 0.92109375 0.74375 0.01953125
4 0.19921875 0.9515625 0.015625 0.021875
7 0.22421875 0.95625 0.034375 0.0171875
7 0.24375 0.95625 0.00703125 0.0171875
4 0.2546875 0.9515625 0.01640625 0.021875
7 0.29765625 0.95625 0.07109375 0.0171875
7 0.33671875 0.95625 0.00703125 0.0171875
4 0.346875 0.9515625 0.01640625 0.021875
7 0.38984375 0.95625 0.07109375 0.0171875
7 0.4359375 0.95625 0.0234375 0.0171875
4 0.45546875 0.9515625 0.01640625 0.021875
7 0.4796875 0.95625 0.0328125 0.0171875
7 0.60703125 0.95625 0.2234375 0.0171875
4 0.72578125 0.9515625 0.01640625 0.021875
7 0.77890625 0.95625 0.090625 0.0171875
7 0.55859375 0.965625 0.734375 0.03515625
6 0.81796875 0.975 0.1453125 0.0171875
7 0.89140625 0.975 0.00390625 0.0171875