0 0.0296875 0.03984375 0.01953125 0.0328125
2 0.11484375 0.03671875 0.1125 0.03359375
0 0.1140625 0.03359375 0.1125 0.0671875
7 0.921875 0.0359375 0.053125 0.0296875
0 0.921875 0.0359375 0.1171875 0.05859375
2 0.5 0.1625 0.90234375 0.06484375
2 0.5 0.228125 0.90234375 0.06484375
2 0.5 0.29296875 0.90234375 0.06484375
7 0.190625 0.3609375 0.284375 0.0328125
7 0.125 0.39375 0.15234375 0.0328125
7 0.1625 0.459375 0.165625 0.0296875
0 0.1625 0.459375 0.2265625 0.05859375
7 0.1625 0.5046875 0.2265625 0.0328125
7 0.21953125 0.59765625 0.3421875 0.0703125
6 0.15546875 0.62109375 0.034375 0.0234375
7 0.17421875 0.62109375 0.003125 0.0234375
4 0.6859375 0.46015625 0.53125 0.6390625
4 0.20703125 0.85703125 0.0328125 0.046875
2 0.20703125 0.915625 0.17578125 0.03125
7 0.20703125 0.96484375 0.17578125 0.0546875
4 0.40234375 0.8515625 0.04296875 0.05703125
2 0.40234375 0.915625 0.17578125 0.03125
7 0.40234375 0.96484375 0.17578125 0.0546875
4 0.59765625 0.8515625 0.04296875 0.05703125
2 0.59765625 0.915625 0.17578125 0.03125
7 0.59765625 0.9546875 0.17578125 0.03359375
4 0.79296875 0.8515625 0.04296875 0.05703125
2 0.79296875 0.915625 0.17578125 0.03125
7 0.79296875 0.9546875 0.17578125 0.03359375