4 0.05390625 0.05 0.05859375 0.09296875
2 0.371875 0.05078125 0.1671875 0.028125
2 0.41328125 0.0859375 0.25859375 0.0359375
7 0.321875 0.17265625 0.43125 0.0625
0 0.12109375 0.084375 0.0296875 0.05703125
0 0.1546875 0.08203125 0.03828125 0.05546875
0 0.19140625 0.08203125 0.03203125 0.05625
0 0.225 0.0828125 0.03359375 0.0515625
0 0.2609375 0.08203125 0.03671875 0.05625
2 0.14140625 0.24609375 0.06484375 0.021875
2 0.2921875 0.25 0.07578125 0.02109375
2 0.46953125 0.24765625 0.12734375 0.02578125
2 0.171875 0.46796875 0.1234375 0.02421875
2 0.31484375 0.475 0.12578125 0.0359375
2 0.46953125 0.47578125 0.11328125 0.03359375
4 0.1734375 0.33359375 0.0875 0.0609375
4 0.2859375 0.29140625 0.06328125 0.0625
4 0.43046875 0.55859375 0.06171875 0.08515625
4 0.31875 0.57109375 0.128125 0.084375
4 0.1375 0.56640625 0.05703125 0.1046875
2 0.1609375 0.76640625 0.1015625 0.02734375
2 0.31328125 0.77265625 0.12109375 0.0375
2 0.459375 0.765625 0.11796875 0.02421875
7 0.196875 0.2828125 0.08828125 0.04140625
7 0.35234375 0.29609375 0.06484375 0.0453125
7 0.3140625 0.33828125 0.12265625 0.02890625
7 0.1734375 0.38828125 0.1265625 0.04921875
7 0.325 0.38359375 0.13984375 0.04375
6 0.23046875 0.42421875 0.0265625 0.01796875
6 0.3734375 0.421875 0.034375 0.01953125
7 0.46953125 0.32109375 0.13125 0.11484375
1 0.46875 0.390625 0.11015625 0.02265625
5 0.4359375 0.390625 0.0421875 0.01953125
0 0.4703125 0.4203125 0.08125 0.01875
7 0.16796875 0.4953125 0.1234375 0.03515625
7 0.20390625 0.553125 0.071875 0.08046875
7 0.171875 0.64453125 0.13046875 0.03203125
6 0.22890625 0.67421875 0.021875 0.01875
7 0.31953125 0.5125 0.13828125 0.03515625
7 0.32421875 0.65546875 0.13984375 0.07421875
7 0.45703125 0.50546875 0.1109375 0.02109375
7 0.49921875 0.55703125 0.0734375 0.0796875
7 0.4625 0.62109375 0.12109375 0.03203125
1 0.46953125 0.65625 0.125 0.03984375
1 0.46875 0.6921875 0.10859375 0.025
5 0.4359375 0.690625 0.040625 0.02578125
0 0.46953125 0.7171875 0.03359375 0.025
6 0.37578125 0.70390625 0.02578125 0.02109375
6 0.228125 0.9296875 0.0234375 0.0171875
6 0.37890625 0.93125 0.02734375 0.01875
6 0.521875 0.93046875 0.02734375 0.01953125
7 0.2 0.83046875 0.07734375 0.109375
7 0.16875 0.89921875 0.12109375 0.0328125
7 0.3140625 0.80859375 0.12421875 0.0328125
7 0.3484375 0.84921875 0.0828125 0.0484375
7 0.34765625 0.90390625 0.08046875 0.0390625
7 0.46875 0.88671875 0.13125 0.059375
7 0.46796875 0.78515625 0.128125 0.021875
4 0.46796875 0.825 0.08046875 0.06484375
4 0.27890625 0.8796875 0.04765625 0.11171875
4 0.13359375 0.83046875 0.04765625 0.08984375