0 0.23203125 0.02734375 0.07734375 0.02890625
0 0.884375 0.02734375 0.08671875 0.02890625
4 0.1765625 0.19765625 0.2953125 0.22109375
0 0.1765625 0.28125 0.2953125 0.38828125
7 0.1765625 0.4046875 0.2953125 0.1421875
7 0.1765625 0.5109375 0.2953125 0.07421875
0 0.1765625 0.571875 0.2953125 0.025
7 0.3875 0.1328125 0.06953125 0.09140625
7 0.51875 0.11171875 0.1671875 0.08046875
0 0.5 0.1640625 0.2953125 0.0234375
7 0.3875 0.25 0.06953125 0.09140625
7 0.528125 0.22890625 0.184375 0.08046875
0 0.5 0.28125 0.2953125 0.0234375
7 0.3875 0.3671875 0.06953125 0.09140625
7 0.53203125 0.34609375 0.19375 0.08046875
0 0.5 0.3984375 0.2953125 0.0234375
7 0.3875 0.484375 0.06953125 0.09140625
7 0.53203125 0.4796875 0.1921875 0.11328125
0 0.5 0.5484375 0.2953125 0.0234375
3 0.82265625 0.25 0.29375 0.32578125
7 0.82265625 0.4453125 0.2453125 0.02890625
1 0.81875 0.51015625 0.2375 0.04453125
0 0.81875 0.5640625 0.2375 0.04453125
6 0.82109375 0.6 0.046875 0.015625
7 0.846875 0.6 0.00390625 0.015625
3 0.5 0.71640625 0.7109375 0.1171875
0 0.075 0.83671875 0.08203125 0.0453125
2 0.43203125 0.93203125 0.36640625 0.07265625
7 0.44609375 0.9828125 0.39453125 0.03359375
2 0.81953125 0.8828125 0.29296875 0.03359375
7 0.734375 0.934375 0.1234375 0.025
6 0.86953125 0.934375 0.14765625 0.025
7 0.7359375 0.97578125 0.1265625 0.025
6 0.8625 0.97578125 0.12578125 0.025
7 0.49921875 0.946875 0.96953125 0.0484375
6 0.55 0.9625 0.0765625 0.02109375
7 0.5890625 0.9625 0.00390625 0.02109375
0 0.61875 0.96328125 0.0375 0.03359375