5 0.775 0.06875 0.0953125 0.0171875
1 0.8390625 0.06875 0.2390625 0.03515625
1 0.94609375 0.06875 0.025 0.03515625
6 0.77421875 0.1 0.11015625 0.015625
6 0.89375 0.1 0.13203125 0.015625
4 0.0875 0.08515625 0.09296875 0.1234375
0 0.0875 0.08515625 0.09296875 0.1234375
0 0.3078125 0.0796875 0.30078125 0.09375
0 0.07890625 0.1953125 0.075 0.02109375
0 0.215625 0.1953125 0.1984375 0.02109375
0 0.39375 0.1953125 0.1578125 0.02109375
0 0.5421875 0.1953125 0.1390625 0.02109375
0 0.6765625 0.1953125 0.1296875 0.02109375
0 0.78984375 0.1953125 0.09765625 0.02109375
0 0.88203125 0.1953125 0.08671875 0.02109375
7 0.509375 0.27421875 0.91875 0.025
7 0.24296875 0.3109375 0.38671875 0.02109375
6 0.4484375 0.3109375 0.0265625 0.02109375
7 0.4625 0.3109375 0.00390625 0.02109375
4 0.5 0.565625 1 0.415625
7 0.14765625 0.6015625 0.2015625 0.36171875
7 0.18046875 0.4828125 0.2671875 0.04921875
7 0.196875 0.659375 0.30078125 0.2203125
4 0.125 0.84453125 0.09765625 0.103125
0 0.125 0.87578125 0.1875 0.20703125
7 0.125 0.94375 0.1875 0.071875
4 0.3125 0.84453125 0.09765625 0.103125
0 0.3125 0.87578125 0.1875 0.20703125
7 0.3125 0.94375 0.1875 0.071875
4 0.5 0.84453125 0.09765625 0.103125
0 0.5 0.87578125 0.1875 0.20703125
7 0.5 0.94375 0.1875 0.071875
4 0.6875 0.8453125 0.09765625 0.10546875
0 0.6875 0.8765625 0.1875 0.209375
7 0.6875 0.94609375 0.1875 0.071875
4 0.875 0.84453125 0.09765625 0.103125
0 0.875 0.86640625 0.1875 0.1890625
7 0.875 0.934375 0.1875 0.053125