4 0.046875 0.03125 0.046875 0.03125
0 0.040625 0.03125 0.08125 0.0625
0 0.14375 0.03125 0.10078125 0.0625
0 0.26015625 0.03125 0.13203125 0.0625
0 0.3828125 0.03125 0.11328125 0.0625
0 0.46796875 0.03125 0.05625 0.0625
1 0.875 0.03125 0.25 0.03125
1 0.875 0.03125 0.25 0.03125
7 0.375 0.146875 0.703125 0.0625
7 0.375 0.240625 0.703125 0.0625
2 0.875 0.13046875 0.203125 0.0625
0 0.79765625 0.17734375 0.0484375 0.03125
7 0.8296875 0.17734375 0.01484375 0.03125
6 0.878125 0.17890625 0.0828125 0.021875
7 0.92734375 0.17734375 0.01484375 0.03125
6 0.80390625 0.2125 0.06171875 0.021875
0 0.79765625 0.24453125 0.0484375 0.03125
7 0.8296875 0.24453125 0.01484375 0.03125
6 0.878125 0.246875 0.0828125 0.021875
7 0.92734375 0.24453125 0.01484375 0.03125
6 0.80390625 0.28046875 0.06171875 0.021875
0 0.79765625 0.3125 0.0484375 0.03125
7 0.8296875 0.3125 0.01484375 0.03125
6 0.878125 0.3140625 0.0828125 0.021875
7 0.92734375 0.3125 0.01484375 0.03125
6 0.80390625 0.3484375 0.06171875 0.021875
7 0.68046875 0.45703125 0.08515625 0.0625
2 0.13359375 0.45703125 0.2203125 0.03671875
7 0.3734375 0.55625 0.69921875 0.0703125
7 0.3734375 0.63984375 0.69921875 0.03515625
7 0.2 0.70625 0.35234375 0.025
0 0.43359375 0.70703125 0.115625 0.02578125
7 0.3625 0.72421875 0.67890625 0.06015625
0 0.24140625 0.7421875 0.2015625 0.02578125
7 0.4765625 0.74140625 0.26953125 0.025
0 0.64921875 0.7421875 0.0765625 0.02578125
7 0.6890625 0.74140625 0.00390625 0.025
7 0.68046875 0.8515625 0.08515625 0.0625
2 0.13359375 0.8515625 0.2203125 0.03671875
7 0.3734375 0.95078125 0.69921875 0.0703125
0 0.875 0.44375 0.203125 0.0328125
0 0.88203125 0.50625 0.17109375 0.0234375
0 0.88359375 0.553125 0.17265625 0.0546875
0 0.83984375 0.6 0.0859375 0.0234375
0 0.88359375 0.63125 0.17265625 0.0234375
0 0.875 0.69453125 0.203125 0.0328125
0 0.875 0.75859375 0.203125 0.0328125
7 0.875 0.821875 0.203125 0.0328125
7 0.86953125 0.884375 0.10234375 0.025
0 0.85859375 0.88515625 0.1234375 0.02578125