0 0.065625 0.0328125 0.06875 0.06484375
0 0.171875 0.0328125 0.14453125 0.06484375
0 0.32578125 0.0328125 0.16328125 0.06484375
0 0.43671875 0.0328125 0.059375 0.06484375
7 0.82421875 0.03203125 0.1015625 0.025
0 0.928125 0.0328125 0.0765625 0.04140625
2 0.178125 0.1390625 0.25390625 0.06796875
2 0.5265625 0.1359375 0.38203125 0.0453125
7 0.24375 0.29765625 0.38671875 0.17578125
4 0.503125 0.2609375 0.065625 0.0875
0 0.51953125 0.2953125 0.06875 0.11484375
4 0.6453125 0.30234375 0.09765625 0.13046875
2 0.73359375 0.24609375 0.034375 0.02578125
7 0.82421875 0.27734375 0.21484375 0.0234375
7 0.82421875 0.34921875 0.21484375 0.09375
0 0.79296875 0.42734375 0.15234375 0.03671875
0 0.946875 0.24921875 0.046875 0.0796875
7 0.1859375 0.63515625 0.1734375 0.03359375
4 0.31328125 0.76796875 0.48359375 0.36171875
1 0.73046875 0.65234375 0.2640625 0.078125
2 0.75390625 0.7234375 0.3109375 0.021875
7 0.74921875 0.7875 0.30078125 0.06015625
6 0.74765625 0.81875 0.29765625 0.06015625
7 0.7453125 0.85 0.29296875 0.06015625
6 0.6453125 0.896875 0.09296875 0.02890625
7 0.725 0.9125 0.253125 0.06015625
0 0.75390625 0.98046875 0.3109375 0.03125