4 0.5 0.165625 0.8828125 0.06640625
0 0.12265625 0.16328125 0.1359375 0.0609375
2 0.31484375 0.1625 0.2296875 0.06875
0 0.31484375 0.18671875 0.2296875 0.021875
7 0.5 0.2234375 0.8828125 0.02734375
2 0.36015625 0.4515625 0.60234375 0.08203125
7 0.10390625 0.51328125 0.090625 0.02578125
7 0.3625 0.6265625 0.6078125 0.0640625
7 0.35078125 0.7328125 0.584375 0.06875
6 0.31328125 0.775 0.509375 0.06796875
7 0.3625 0.89140625 0.60859375 0.2171875
1 0.8203125 0.4515625 0.209375 0.04453125
4 0.72734375 0.53203125 0.0234375 0.0328125
2 0.77421875 0.5296875 0.03984375 0.03125
7 0.91328125 0.5296875 0.0234375 0.03125
7 0.7265625 0.60234375 0.0234375 0.0328125
2 0.7765625 0.60078125 0.0453125 0.0328125
7 0.91328125 0.60078125 0.0234375 0.0328125
4 0.72734375 0.67109375 0.0234375 0.0328125
0 0.74921875 0.665625 0.0671875 0.0328125
2 0.76875 0.67109375 0.0296875 0.0328125
3 0.8203125 0.77265625 0.165625 0.0640625
7 0.81953125 0.840625 0.10078125 0.0171875
0 0.8203125 0.840625 0.115625 0.0296875
4 0.80390625 0.88359375 0.0140625 0.01953125
7 0.83125 0.88671875 0.03125 0.01796875
7 0.79609375 0.9640625 0.1421875 0.021875
6 0.85546875 0.9765625 0.12109375 0.046875
7 0.84375 0.9890625 0.00390625 0.021875