7 0.43671875 0.0328125 0.84296875 0.05703125
0 0.54140625 0.0515625 0.08671875 0.040625
0 0.93125 0.03515625 0.13671875 0.06796875
4 0.5 0.42109375 0.9375 0.4984375
4 0.14765625 0.10859375 0.2171875 0.05625
0 0.21015625 0.1203125 0.3421875 0.0796875
7 0.21015625 0.14765625 0.3421875 0.025
6 0.64375 0.084375 0.0421875 0.01953125
6 0.7125 0.084375 0.0515625 0.021875
6 0.7796875 0.084375 0.03828125 0.021875
6 0.8375 0.084375 0.0359375 0.021875
6 0.91484375 0.084375 0.0734375 0.021875
7 0.89609375 0.3078125 0.0578125 0.04296875
0 0.890625 0.315625 0.13671875 0.209375
7 0.9015625 0.32421875 0.03046875 0.0234375
4 0.46171875 0.2953125 0.3359375 0.08984375
7 0.39140625 0.36484375 0.5109375 0.0390625
0 0.746875 0.36015625 0.09296875 0.0484375
0 0.4546875 0.36484375 0.684375 0.05703125
7 0.3265625 0.428125 0.10234375 0.0171875
7 0.38359375 0.4265625 0.0140625 0.01953125
7 0.43671875 0.428125 0.09296875 0.0171875
7 0.490625 0.4265625 0.01484375 0.01953125
7 0.5640625 0.428125 0.134375 0.0171875
7 0.1953125 0.475 0.10546875 0.01953125
7 0.1953125 0.490625 0.109375 0.01953125
7 0.05390625 0.6859375 0.025 0.0171875
7 0.08125 0.6859375 0.03125 0.0171875
6 0.06328125 0.70625 0.04375 0.0171875
6 0.0734375 0.72734375 0.065625 0.0171875
6 0.07421875 0.7484375 0.06640625 0.0171875
6 0.06640625 0.76875 0.05078125 0.0171875
7 0.1890625 0.6859375 0.125 0.021875
6 0.18984375 0.70625 0.12578125 0.0171875
6 0.1828125 0.72734375 0.1125 0.0171875
6 0.165625 0.7484375 0.078125 0.0171875
7 0.30546875 0.6859375 0.06953125 0.021875
6 0.29765625 0.70625 0.05390625 0.0171875
6 0.28203125 0.72734375 0.02265625 0.0171875
4 0.9203125 0.72734375 0.09765625 0.13125
7 0.50078125 0.8609375 0.14140625 0.0171875