4 0.5 0.0390625 0.95703125 0.078125
0 0.5 0.0390625 0.95703125 0.078125
0 0.115625 0.1 0.1875 0.015625
7 0.59453125 0.1 0.04296875 0.01796875
0 0.58359375 0.1 0.090625 0.04453125
7 0.69453125 0.1 0.0625 0.01796875
0 0.6828125 0.1 0.11015625 0.04453125
7 0.7984375 0.1 0.0640625 0.01796875
0 0.790625 0.1 0.10625 0.04453125
7 0.928125 0.1 0.103125 0.01796875
0 0.91640625 0.1 0.14765625 0.04453125
1 0.17265625 0.17421875 0.30078125 0.04921875
4 0.5 0.17421875 0.2109375 0.03671875
0 0.5 0.17421875 0.2109375 0.03671875
4 0.72734375 0.1703125 0.03515625 0.046875
0 0.79375 0.17421875 0.1953125 0.08359375
7 0.803125 0.16328125 0.0921875 0.02734375
0 0.7765625 0.1890625 0.0546875 0.04140625
7 0.80390625 0.18828125 0.01640625 0.01953125
0 0.83671875 0.1890625 0.06328125 0.04140625
4 0.9640625 0.17421875 0.028125 0.0390625
0 0.9640625 0.17421875 0.04375 0.06015625
7 0.07421875 0.25078125 0.05859375 0.03515625
0 0.07421875 0.2421875 0.10546875 0.05234375
7 0.1984375 0.25078125 0.05078125 0.03515625
0 0.1984375 0.2421875 0.09765625 0.05234375
7 0.3328125 0.25078125 0.07890625 0.03515625
0 0.3328125 0.2421875 0.12578125 0.05234375
7 0.471875 0.25078125 0.0609375 0.03515625
0 0.471875 0.2421875 0.1078125 0.05234375
7 0.5984375 0.25078125 0.0546875 0.03515625
0 0.5984375 0.2421875 0.1015625 0.05234375
7 0.7359375 0.25078125 0.08203125 0.03515625
0 0.7359375 0.2421875 0.12890625 0.05234375
7 0.90078125 0.25078125 0.10859375 0.03515625
0 0.90078125 0.2421875 0.15546875 0.05234375
7 0.50078125 0.290625 0.8796875 0.01796875
4 0.5 0.590625 1 0.55625
0 0.5 0.590625 1 0.55625
7 0.50078125 0.93671875 0.81171875 0.02734375
6 0.49921875 0.98828125 0.54765625 0.0234375