4 0.5 0.08125 1 0.00625
4 0.0609375 0.0421875 0.04296875 0.05859375
4 0.5 0.04140625 0.2421875 0.03671875
0 0.82421875 0.0421875 0.1015625 0.0453125
0 0.90078125 0.0421875 0.034375 0.025
4 0.9390625 0.0421875 0.04296875 0.05859375
0 0.0828125 0.11484375 0.0875 0.01796875
0 0.1703125 0.11484375 0.0390625 0.01796875
0 0.2296875 0.11484375 0.0328125 0.01796875
0 0.3 0.11484375 0.0609375 0.01796875
0 0.40703125 0.11484375 0.1078125 0.01796875
0 0.51328125 0.11484375 0.0578125 0.01796875
0 0.61015625 0.11484375 0.0890625 0.01796875
0 0.71015625 0.11484375 0.0640625 0.01796875
0 0.803125 0.11484375 0.075 0.01796875
0 0.89140625 0.11484375 0.0546875 0.01796875
0 0.97109375 0.11484375 0.0578125 0.01796875
7 0.0828125 0.19375 0.0875 0.06484375
0 0.51875 0.19375 0.7046875 0.0625
0 0.915625 0.1953125 0.0921875 0.04140625
3 0.5 0.36953125 0.7109375 0.1171875
7 0.065625 0.5484375 0.053125 0.02734375
0 0.43671875 0.54921875 0.6640625 0.02578125
7 0.13125 0.615625 0.184375 0.02109375
0 0.1390625 0.67890625 0.1703125 0.07421875
7 0.1390625 0.73203125 0.1703125 0.01796875
0 0.1390625 0.81875 0.1703125 0.07421875
7 0.1390625 0.87109375 0.1703125 0.01796875
0 0.1390625 0.96015625 0.1703125 0.0796875
4 0.621875 0.80234375 0.678125 0.3953125
0 0.621875 0.80234375 0.678125 0.3953125
4 0.7734375 0.3421875 0.01953125 0.02578125
0 0.7765625 0.33828125 0.0328125 0.04453125
4 0.5 0.6421875 0.5859375 0.65078125
0 0.5 0.6421875 0.5859375 0.65078125