2 0.13359375 0.10390625 0.19609375 0.07578125
0 0.13359375 0.10390625 0.19609375 0.07578125
6 0.7125 0.103125 0.16875 0.025
6 0.91484375 0.103125 0.10078125 0.025
7 0.80859375 0.02578125 0.0640625 0.02109375
0 0.79609375 0.02578125 0.0890625 0.0515625
4 0.8796875 0.02578125 0.02421875 0.03125
0 0.91484375 0.02578125 0.0984375 0.0515625
7 0.93046875 0.02578125 0.06953125 0.02109375
7 0.4625 0.1875 0.57734375 0.02109375
6 0.7875 0.1875 0.075 0.02109375
4 0.5 0.57578125 1 0.71328125
2 0.5 0.52734375 0.80078125 0.14609375
0 0.5 0.66171875 0.2734375 0.0703125
7 0.5 0.8515625 0.0328125 0.02109375
0 0.5 0.859375 0.078125 0.10390625
4 0.5 0.965625 1 0.06875
6 0.29765625 0.915625 0.05625 0.021875
6 0.37578125 0.915625 0.05 0.021875
6 0.478125 0.915625 0.11015625 0.021875
6 0.596875 0.915625 0.08125 0.021875
6 0.69609375 0.915625 0.06875 0.021875
6 0.0953125 0.95 0.0578125 0.01953125
6 0.18046875 0.95 0.07421875 0.01953125
6 0.2984375 0.95 0.121875 0.01953125
6 0.41328125 0.95 0.0703125 0.01953125
6 0.525 0.95 0.115625 0.01953125
6 0.65625 0.95 0.10546875 0.01953125
7 0.83125 0.95 0.2046875 0.021875
7 0.5 0.89453125 0.9984375 0.03671875
7 0.0671875 0.9359375 0.09296875 0.025
6 0.24296875 0.9359375 0.259375 0.025
7 0.4 0.94765625 0.75859375 0.04921875
6 0.32265625 0.96015625 0.08671875 0.025
7 0.5125 0.96015625 0.29296875 0.025
7 0.9109375 0.9515625 0.13671875 0.04140625
0 0.9109375 0.9515625 0.13671875 0.04140625
7 0.74296875 0.1890625 0.05859375 0.0390625
7 0.3 0.1703125 0.1453125 0.025
6 0.4953125 0.1703125 0.24375 0.025
4 0.98671875 0.75 0.00859375 0.01328125
0 0.98671875 0.65234375 0.0265625 0.046875
7 0.9890625 0.66015625 0.021875 0.0234375