4 0.05625 0.0390625 0.09765625 0.0390625
0 0.05625 0.0390625 0.09765625 0.0390625
0 0.646875 0.0390625 0.0625 0.05234375
0 0.709375 0.0390625 0.05625 0.05234375
0 0.7671875 0.0390625 0.05390625 0.05234375
0 0.834375 0.0390625 0.07421875 0.05234375
0 0.9 0.0390625 0.0515625 0.05234375
0 0.96015625 0.0390625 0.06328125 0.05234375
4 0.17890625 0.38125 0.29296875 0.390625
2 0.359375 0.2671875 0.06875 0.03359375
2 0.43046875 0.2671875 0.07421875 0.0328125
0 0.3796875 0.33125 0.10859375 0.053125
7 0.59140625 0.33125 0.08671875 0.0296875
7 0.6109375 0.35078125 0.046875 0.025
7 0.45546875 0.396875 0.2609375 0.021875
7 0.3578125 0.4359375 0.065625 0.01953125
7 0.4078125 0.478125 0.14765625 0.01953125
0 0.44921875 0.478125 0.2484375 0.040625
4 0.55390625 0.478125 0.0125 0.0328125
4 0.55390625 0.478125 0.0125 0.0328125
4 0.5609375 0.478125 0.009375 0.0328125
4 0.17890625 0.834375 0.29296875 0.33046875
2 0.3828125 0.76953125 0.115625 0.03359375
2 0.4671875 0.7703125 0.053125 0.0328125
0 0.3796875 0.834375 0.10859375 0.053125
7 0.60625 0.834375 0.05625 0.0296875
7 0.60625 0.853125 0.0578125 0.025
7 0.465625 0.89921875 0.28125 0.021875
7 0.37578125 0.925 0.10078125 0.021875
7 0.3578125 0.9640625 0.065625 0.01953125
7 0.4078125 0.9984375 0.14765625 0.00234375
0 0.44921875 0.99296875 0.2484375 0.0140625
4 0.55390625 0.9953125 0.0125 0.009375
4 0.55390625 0.9953125 0.0125 0.009375
4 0.5609375 0.9953125 0.009375 0.009375
4 0.8359375 0.2984375 0.12109375 0.2015625
7 0.8359375 0.44453125 0.22265625 0.025
7 0.8359375 0.46953125 0.22265625 0.025
7 0.7453125 0.61171875 0.09453125 0.01796875
7 0.7859375 0.634375 0.175 0.021875
7 0.7859375 0.65703125 0.175 0.021875
7 0.7859375 0.67890625 0.175 0.021875
7 0.7859375 0.7015625 0.175 0.021875
7 0.7859375 0.7234375 0.175 0.021875
6 0.7625 0.7453125 0.12890625 0.0171875
4 0.7296875 0.7953125 0.06328125 0.021875
4 0.796875 0.7953125 0.0640625 0.01953125
6 0.7265625 0.840625 0.05625 0.0171875