4 0.10234375 0.04140625 0.1421875 0.04140625
0 0.10234375 0.04140625 0.1421875 0.04140625
0 0.440625 0.04140625 0.034375 0.02890625
0 0.53828125 0.04140625 0.090625 0.02890625
0 0.63828125 0.04140625 0.03828125 0.02890625
0 0.71953125 0.04140625 0.05390625 0.02890625
0 0.803125 0.04140625 0.04296875 0.02890625
0 0.909375 0.04140625 0.11796875 0.05703125
2 0.5 0.1890625 1 0.0703125
7 0.5 0.2890625 0.6640625 0.08359375
0 0.5 0.40546875 0.26953125 0.05625
4 0.103125 0.5234375 0.13671875 0.0390625
4 0.3484375 0.5234375 0.22734375 0.0390625
4 0.56875 0.5234375 0.0890625 0.0390625
4 0.7375 0.5234375 0.12421875 0.0390625
4 0.9140625 0.5234375 0.103125 0.0390625
1 0.48359375 0.7203125 0.703125 0.0703125
4 0.2 0.93671875 0.1703125 0.1265625
0 0.2 0.93671875 0.1703125 0.1265625
4 0.40390625 0.93671875 0.16875 0.1265625
0 0.40390625 0.93671875 0.16875 0.1265625
4 0.6078125 0.93671875 0.1703125 0.1265625
0 0.6078125 0.93671875 0.1703125 0.1265625
4 0.81171875 0.93671875 0.1703125 0.1265625
0 0.81171875 0.93671875 0.1703125 0.1265625
4 0.96484375 0.93671875 0.0703125 0.1265625
0 0.96484375 0.93671875 0.0703125 0.1265625
3 0.965625 0.94296875 0.06875 0.078125