0 0.571875 0.0609375 0.03984375 0.02734375
0 0.62734375 0.0609375 0.03984375 0.02734375
0 0.6828125 0.0609375 0.03984375 0.02734375
0 0.73984375 0.0609375 0.03984375 0.02734375
0 0.7953125 0.0609375 0.03984375 0.02734375
0 0.85078125 0.0609375 0.03984375 0.02734375
0 0.9078125 0.0609375 0.03984375 0.02734375
0 0.96328125 0.06015625 0.03984375 0.02578125
2 0.078125 0.0609375 0.15625 0.04453125
1 0.30234375 0.0609375 0.2453125 0.0390625
1 0.42890625 0.0609375 0.03046875 0.0390625
3 0.8171875 0.3109375 0.29296875 0.390625
7 0.52421875 0.26015625 0.0484375 0.03671875
7 0.57578125 0.26015625 0.034375 0.03671875
0 0.55625 0.328125 0.1125 0.0390625
4 0.63203125 0.328125 0.028125 0.03671875
0 0.63203125 0.328125 0.03046875 0.0390625
3 0.82734375 0.6515625 0.24375 0.1625
2 0.7625 0.7671875 0.115625 0.021875
2 0.8265625 0.76953125 0.01171875 0.01796875
2 0.8609375 0.76953125 0.059375 0.01796875
2 0.89375 0.76953125 0.0078125 0.01796875
0 0.7875 0.8046875 0.1640625 0.0234375
7 0.834375 0.8328125 0.25859375 0.0171875
0 0.759375 0.87265625 0.109375 0.0234375
7 0.834375 0.9 0.25859375 0.0171875
0 0.78046875 0.93984375 0.15 0.0234375
7 0.834375 0.96796875 0.25859375 0.0171875
0 0.759375 0.99765625 0.109375 0.0046875
2 0.08125 0.57109375 0.090625 0.021875
2 0.1328125 0.57265625 0.01171875 0.01796875
2 0.15 0.57265625 0.02421875 0.01796875
2 0.16484375 0.57265625 0.0078125 0.01796875
4 0.11875 0.7125 0.165625 0.22109375
6 0.065625 0.834375 0.05859375 0.01796875
7 0.12578125 0.834375 0.05546875 0.01796875
4 0.2953125 0.7125 0.165625 0.22109375
6 0.28359375 0.834375 0.14375 0.01796875
7 0.2921875 0.846875 0.16015625 0.04296875
4 0.11875 0.9421875 0.165625 0.115625
4 0.2953125 0.9421875 0.165625 0.115625
6 0.465625 0.61328125 0.1171875 0.01796875
7 0.54140625 0.6390625 0.26875 0.025
7 0.54140625 0.67578125 0.26875 0.04921875
6 0.43671875 0.728125 0.05859375 0.01796875
6 0.50078125 0.76796875 0.1875 0.01796875
6 0.4953125 0.80859375 0.17578125 0.01796875
6 0.425 0.84921875 0.03515625 0.01796875
6 0.5125 0.8890625 0.2109375 0.01796875
6 0.41875 0.9296875 0.0234375 0.01796875
6 0.5359375 0.9703125 0.2578125 0.01796875
3 0.146875 0.5 0.29296875 1