4 0.08828125 0.0359375 0.11796875 0.0328125
0 0.08828125 0.0390625 0.11796875 0.0390625
0 0.2015625 0.0390625 0.06875 0.07578125
0 0.309375 0.0390625 0.11015625 0.07578125
0 0.4328125 0.0390625 0.10078125 0.07578125
4 0.6125 0.0390625 0.0171875 0.0234375
0 0.6125 0.0390625 0.0171875 0.0390625
4 0.64921875 0.0390625 0.0171875 0.0234375
0 0.64921875 0.0390625 0.0171875 0.0390625
7 0.7125 0.0390625 0.0390625 0.02109375
0 0.7125 0.0390625 0.0703125 0.04140625
7 0.8078125 0.0390625 0.0484375 0.02109375
0 0.8078125 0.0390625 0.0796875 0.04140625
7 0.93046875 0.0390625 0.05 0.02109375
0 0.91875 0.0390625 0.103125 0.04140625
2 0.2859375 0.384375 0.36640625 0.29921875
2 0.33359375 0.37578125 0.46171875 0.10546875
0 0.1609375 0.50390625 0.1171875 0.06015625
3 0.75 0.33828125 0.5 0.6765625
4 0.209375 0.80703125 0.1734375 0.13046875
2 0.209375 0.9515625 0.26171875 0.06015625
7 0.20859375 0.996875 0.2609375 0.00625
4 0.5 0.80703125 0.178125 0.13046875
2 0.5 0.9515625 0.26171875 0.06015625
7 0.49921875 0.996875 0.2609375 0.00625
4 0.790625 0.80703125 0.1796875 0.13046875
2 0.790625 0.9515625 0.26171875 0.06015625
7 0.78984375 0.996875 0.2609375 0.00625
7 0.446875 0.94140625 0.83515625 0.04921875
6 0.1546875 0.95390625 0.0875 0.025
7 0.2 0.95390625 0.00390625 0.025
7 0.9328125 0.94140625 0.0453125 0.02109375
0 0.9328125 0.94140625 0.0765625 0.04140625