7 0.3015625 0.9390625 0.50625 0.07578125
6 0.39296875 0.96640625 0.26875 0.02109375
0 0.86796875 0.9390625 0.1125 0.01953125
0 0.6953125 0.9421875 0.11875 0.021875
4 0.89140625 0.02109375 0.065625 0.02109375
6 0.96171875 0.0203125 0.0453125 0.025
4 0.08671875 0.08828125 0.1421875 0.04140625
0 0.08671875 0.08828125 0.1421875 0.04140625
0 0.4 0.08828125 0.1109375 0.09375
0 0.53203125 0.08828125 0.15234375 0.09375
0 0.6671875 0.08828125 0.1171875 0.09375
0 0.78359375 0.08828125 0.11640625 0.09375
0 0.92890625 0.08828125 0.1109375 0.05234375
4 0.97578125 0.16640625 0.009375 0.01328125
0 0.97578125 0.165625 0.009375 0.0234375
6 0.4921875 0.1875 0.90625 0.0625
0 0.5 0.1875 0.953125 0.0625
2 0.25 0.5875 0.40625 0.10390625
7 0.25 0.69140625 0.40625 0.04140625
0 0.1796875 0.790625 0.265625 0.06484375
3 0.5 0.61484375 1 0.75