7 0.5 0.87109375 0.9375 0.06484375
6 0.21796875 0.89453125 0.0765625 0.01796875
0 0.93203125 0.94765625 0.0515625 0.05234375
3 0.5 0.1625 0.946875 0.325
4 0.06875 0.37109375 0.07890625 0.0390625
6 0.21328125 0.37109375 0.065625 0.09140625
6 0.31953125 0.37109375 0.06875 0.09140625
6 0.45390625 0.37109375 0.125 0.09140625
6 0.61015625 0.37109375 0.1109375 0.09140625
6 0.7453125 0.37109375 0.0828125 0.09140625
6 0.89921875 0.37109375 0.05 0.0234375
2 0.74296875 0.571875 0.48515625 0.12734375
2 0.74296875 0.671875 0.48515625 0.046875
7 0.75703125 0.728125 0.45625 0.0390625
7 0.75703125 0.7671875 0.45625 0.0390625
7 0.75703125 0.80625 0.45625 0.0390625
7 0.75703125 0.8453125 0.45625 0.0390625
7 0.75703125 0.884375 0.45625 0.0390625
0 0.63671875 0.96484375 0.2734375 0.0703125
4 0.5 0.7078125 1 0.584375