7 0.41953125 0.02734375 0.41875 0.0234375
0 0.5 0.02734375 0.6265625 0.0546875
7 0.690625 0.02734375 0.12421875 0.0234375
4 0.7609375 0.02734375 0.015625 0.02109375
4 0.978125 0.02734375 0.015625 0.02109375
4 0.0703125 0.10703125 0.1015625 0.06796875
7 0.1859375 0.10703125 0.05 0.02578125
0 0.19375 0.10703125 0.065625 0.02578125
4 0.2203125 0.1078125 0.01171875 0.0171875
6 0.81875 0.10703125 0.07734375 0.0234375
0 0.9234375 0.10703125 0.096875 0.05234375
4 0.5 0.5234375 1 0.9375
2 0.49140625 0.41875 0.7015625 0.11328125
2 0.85 0.41875 0.0171875 0.11328125
2 0.5 0.5234375 0.8515625 0.04140625
0 0.5 0.63515625 0.265625 0.06796875