4 0.5015625 0.46953125 0.996875 0.371875
4 0.5 0.46953125 0.63125 0.3296875
4 0.21484375 0.90234375 0.0578125 0.06484375
4 0.21640625 0.971875 0.0609375 0.05625
4 0.4296875 0.903125 0.0453125 0.06015625
4 0.4296875 0.975 0.046875 0.05
4 0.6421875 0.903125 0.05234375 0.0671875
4 0.64140625 0.975 0.0546875 0.0484375
4 0.303125 0.08359375 0.2515625 0.14453125
4 0.5421875 0.1359375 0.16015625 0.0953125
7 0.54609375 0.04921875 0.16328125 0.06640625
7 0.7390625 0.07734375 0.1671875 0.13515625
7 0.50078125 0.81015625 0.61328125 0.07734375
2 0.72265625 0.390625 0.13671875 0.084375
2 0.359375 0.603125 0.34453125 0.040625
2 0.36171875 0.7125 0.3140625 0.06015625
2 0.6359375 0.715625 0.16796875 0.03828125
2 0.77265625 0.7140625 0.0609375 0.034375
7 0.72265625 0.3359375 0.11953125 0.0328125
0 0.296875 0.9015625 0.09609375 0.0578125
0 0.49453125 0.90546875 0.0765625 0.04921875
0 0.73515625 0.9 0.12734375 0.0546875
0 0.309375 0.9765625 0.1203125 0.04375
0 0.51171875 0.97890625 0.1078125 0.0421875
0 0.70234375 0.97890625 0.0578125 0.0421875
0 0.22421875 0.2546875 0.075 0.03984375
0 0.3453125 0.25390625 0.146875 0.0484375
0 0.52265625 0.253125 0.1671875 0.040625
0 0.66875 0.25234375 0.09296875 0.0421875
0 0.77578125 0.2546875 0.08359375 0.0359375
0 0.77265625 0.19921875 0.08203125 0.040625
0 0.66171875 0.1984375 0.12265625 0.04140625
0 0.56171875 0.20078125 0.0609375 0.0375
0 0.4921875 0.203125 0.06171875 0.03125
0 0.43671875 0.2 0.03671875 0.0328125
7 0.28515625 0.2 0.1859375 0.02890625