0 0.05703125 0.05234375 0.075 0.06484375
6 0.2015625 0.04765625 0.134375 0.0296875
6 0.37734375 0.04765625 0.17109375 0.0296875
6 0.534375 0.04765625 0.096875 0.0296875
6 0.625 0.04765625 0.0375 0.0296875
4 0.815625 0.053125 0.01953125 0.02734375
0 0.815625 0.053125 0.01953125 0.02734375
4 0.85859375 0.053125 0.01953125 0.02734375
0 0.85859375 0.053125 0.01953125 0.02734375
0 0.9359375 0.05234375 0.0890625 0.05234375
7 0.76640625 0.1265625 0.065625 0.02734375
6 0.84375 0.1265625 0.084375 0.02734375
4 0.95390625 0.12734375 0.03125 0.04140625
0 0.95390625 0.12734375 0.03125 0.04140625
6 0.80078125 0.19453125 0.134375 0.02734375
4 0.5 0.53359375 1 0.859375
7 0.059375 0.39296875 0.0796875 0.07265625
7 0.190625 0.39375 0.18125 0.07421875
7 0.31328125 0.39296875 0.06328125 0.07265625
7 0.06328125 0.4734375 0.0875 0.02734375
7 0.1328125 0.4734375 0.05078125 0.02734375
7 0.1765625 0.4734375 0.0359375 0.02734375
7 0.21953125 0.4734375 0.05 0.02734375
7 0.3578125 0.4734375 0.2265625 0.02734375
7 0.06015625 0.5296875 0.08125 0.0453125
7 0.16953125 0.52734375 0.11796875 0.04921875
7 0.234375 0.5765625 0.4296875 0.025
0 0.12421875 0.6265625 0.21015625 0.05234375
0 0.34453125 0.6265625 0.21015625 0.05234375
4 0.75 0.5 0.5 1
0 0.475 0.86953125 0.015625 0.02109375
0 0.5 0.86953125 0.015625 0.02109375
0 0.525 0.86953125 0.015625 0.02109375
7 0.1078125 0.959375 0.13671875 0.0390625
0 0.17109375 0.95 0.3046875 0.1
7 0.10703125 0.9890625 0.1359375 0.021875
4 0.240625 0.95390625 0.16796875 0.0921875
7 0.4359375 0.959375 0.1375 0.0390625
0 0.49921875 0.95 0.3046875 0.1
7 0.4359375 0.9890625 0.1375 0.021875
4 0.56875 0.95390625 0.16796875 0.0921875
7 0.7640625 0.959375 0.1375 0.0390625
0 0.82734375 0.95 0.3046875 0.1
7 0.7640625 0.9890625 0.1375 0.021875
4 0.896875 0.95390625 0.16796875 0.0921875
3 0.5 0.5 1 1