4 0.0328125 0.0296875 0.02421875 0.0328125
7 0.396875 0.02890625 0.6859375 0.02109375
0 0.946875 0.0296875 0.065625 0.03515625
7 0.2171875 0.09140625 0.053125 0.02890625
0 0.21484375 0.0953125 0.06875 0.071875
0 0.28984375 0.0921875 0.08125 0.0640625
0 0.36875 0.0921875 0.071875 0.06484375
7 0.80546875 0.09375 0.0859375 0.02109375
0 0.80625 0.09375 0.11796875 0.06796875
7 0.90078125 0.09375 0.03984375 0.02109375
0 0.903125 0.09375 0.0765625 0.06796875
2 0.26484375 0.32734375 0.353125 0.1890625
2 0.26484375 0.45859375 0.353125 0.04921875
7 0.18828125 0.51328125 0.2 0.02109375
6 0.32734375 0.51328125 0.078125 0.02109375
7 0.3796875 0.51328125 0.0296875 0.02109375
6 0.26171875 0.525 0.34765625 0.0453125
7 0.14765625 0.5375 0.0046875 0.02109375
7 0.18046875 0.6390625 0.125 0.0234375
0 0.18125 0.63984375 0.18671875 0.06640625
6 0.17890625 0.6953125 0.084375 0.0234375
7 0.25703125 0.91796875 0.45625 0.1640625
0 0.25703125 0.91796875 0.45625 0.1640625
7 0.74296875 0.91796875 0.45625 0.1640625
0 0.74296875 0.91796875 0.45625 0.1640625