2 0.0515625 0.02578125 0.07421875 0.03359375
0 0.12265625 0.02578125 0.028125 0.02578125
0 0.20703125 0.02578125 0.0953125 0.02578125
0 0.3046875 0.02578125 0.0546875 0.02578125
0 0.39296875 0.02578125 0.07734375 0.02578125
0 0.49375 0.02578125 0.07890625 0.02578125
0 0.5953125 0.02578125 0.08203125 0.02578125
0 0.675 0.02578125 0.03203125 0.02578125
4 0.80703125 0.02421875 0.13203125 0.0171875
4 0.94375 0.02421875 0.0828125 0.0171875
4 0.12578125 0.1625 0.221875 0.0921875
0 0.12578125 0.1578125 0.221875 0.0921875
1 0.88359375 0.09296875 0.05078125 0.02734375
4 0.846875 0.09140625 0.01875 0.0234375
0 0.96171875 0.0921875 0.0484375 0.02578125
0 0.3375 0.17109375 0.146875 0.040625
0 0.47734375 0.17109375 0.06953125 0.040625
0 0.596875 0.17109375 0.10859375 0.040625
0 0.72578125 0.17109375 0.0859375 0.040625
0 0.87421875 0.17109375 0.14921875 0.040625
4 0.0265625 0.2296875 0.02421875 0.03515625
0 0.1953125 0.22890625 0.30078125 0.0234375
7 0.8390625 0.22890625 0.0703125 0.01796875
4 0.90078125 0.22734375 0.01875 0.025
0 0.90078125 0.2296875 0.02265625 0.03515625
4 0.9390625 0.228125 0.01875 0.02109375
0 0.93828125 0.2296875 0.0234375 0.0296875
4 0.971875 0.22734375 0.009375 0.025
0 0.971875 0.2296875 0.01484375 0.03515625
3 0.5 0.43671875 0.7109375 0.11875
4 0.5 0.83828125 0.546875 0.32265625
0 0.5 0.83828125 0.546875 0.32265625
4 0.1109375 0.76328125 0.19375 0.171875
0 0.1109375 0.83046875 0.19375 0.30703125
2 0.1109375 0.93125 0.19375 0.10546875
7 0.1109375 0.86875 0.19375 0.01953125
2 0.8890625 0.6859375 0.19375 0.01796875
2 0.8890625 0.721875 0.19375 0.040625
0 0.8890625 0.721875 0.19375 0.040625
2 0.8890625 0.77734375 0.19375 0.01796875
2 0.8890625 0.82265625 0.19375 0.06015625
0 0.8890625 0.82265625 0.19375 0.06015625
2 0.8890625 0.88828125 0.19375 0.01796875
2 0.8890625 0.93359375 0.19375 0.06015625
0 0.8890625 0.93359375 0.19375 0.06015625
2 0.8890625 0.990625 0.19375 0.01796875
0 0.8890625 0.990625 0.19375 0.01796875