7 0.41953125 0.94921875 0.78984375 0.0546875
0 0.2859375 0.96484375 0.078125 0.03671875
0 0.90703125 0.95078125 0.1375 0.046875
4 0.04609375 0.0421875 0.04375 0.05859375
0 0.040625 0.04453125 0.04296875 0.05703125
4 0.04375 0.0421875 0.04375 0.05859375
4 0.040625 0.04453125 0.04296875 0.05703125
4 0.109375 0.04296875 0.078125 0.0390625
7 0.50234375 0.04296875 0.11796875 0.02890625
0 0.50234375 0.04296875 0.14140625 0.0546875
7 0.6140625 0.04296875 0.0484375 0.02890625
0 0.6140625 0.04296875 0.071875 0.0546875
7 0.696875 0.04296875 0.0609375 0.02890625
0 0.696875 0.04296875 0.084375 0.0546875
7 0.77890625 0.04296875 0.04609375 0.02890625
0 0.77890625 0.04296875 0.06953125 0.0546875
7 0.8765625 0.04296875 0.0421875 0.02890625
0 0.8765625 0.04296875 0.065625 0.0546875
7 0.95234375 0.04296875 0.053125 0.02890625
0 0.95234375 0.04296875 0.0765625 0.0546875
4 0.5 0.5 1 1
2 0.24609375 0.3078125 0.44375 0.13671875
2 0.24609375 0.4265625 0.44375 0.05078125
0 0.09453125 0.52578125 0.13984375 0.07265625
0 0.25703125 0.52578125 0.1390625 0.07265625
7 0.19765625 0.61484375 0.2546875 0.02109375
0 0.17890625 0.615625 0.30859375 0.03515625
4 0.4921875 0.20546875 0.0078125 0.01015625
4 0.503125 0.20546875 0.0078125 0.01015625
4 0.5140625 0.20546875 0.0078125 0.01015625
4 0.84921875 0.4828125 0.059375 0.078125
4 0.853125 0.415625 0.059375 0.078125
4 0.83359375 0.353125 0.059375 0.078125
4 0.86484375 0.28359375 0.059375 0.078125
4 0.80625 0.29140625 0.059375 0.078125
4 0.77265625 0.3359375 0.0671875 0.06796875
4 0.8875 0.3609375 0.0671875 0.06796875
4 0.66640625 0.3578125 0.059375 0.078125
4 0.753125 0.2640625 0.059375 0.078125
4 0.69296875 0.24609375 0.059375 0.078125
4 0.653125 0.27578125 0.0671875 0.06796875
4 0.7234375 0.3375 0.059375 0.078125
4 0.60234375 0.3578125 0.059375 0.078125
4 0.60625 0.27890625 0.059375 0.078125
4 0.55234375 0.31875 0.0671875 0.06796875
4 0.8265625 0.5296875 0.059375 0.078125
4 0.80234375 0.56640625 0.06171875 0.08046875
4 0.91328125 0.23984375 0.059375 0.078125
4 0.86171875 0.21484375 0.0671875 0.06796875
4 0.93828125 0.31484375 0.059375 0.078125
4 0.97109375 0.24375 0.0578125 0.06796875
4 0.540625 0.23671875 0.059375 0.078125
4 0.48671875 0.259375 0.0671875 0.06796875
4 0.7984375 0.20859375 0.059375 0.078125
4 0.753125 0.5875 0.11015625 0.11953125
4 0.76015625 0.58046875 0.0671875 0.08828125
4 0.7765625 0.57578125 0.0671875 0.08828125
2 0.75859375 0.475 0.19453125 0.12109375
2 0.75078125 0.48671875 0.2265625 0.06484375
4 0.7296875 0.5453125 0.00703125 0.009375
4 0.490625 0.9390625 0.0359375 0.0078125
0 0.5 0.9515625 0.1953125 0.09609375
4 0.5140625 0.9390625 0.0359375 0.0078125