7 0.0359375 0.0296875 0.03984375 0.021875
7 0.09375 0.0296875 0.0765625 0.021875
0 0.96640625 0.0296875 0.0671875 0.046875
7 0.0734375 0.11015625 0.0375 0.021875
0 0.0578125 0.1078125 0.1 0.04921875
2 0.5 0.05859375 0.3609375 0.05234375
0 0.5 0.05859375 0.3609375 0.05234375
7 0.5 0.10078125 0.2203125 0.01953125
0 0.88515625 0.109375 0.1046875 0.04140625
7 0.96875 0.10703125 0.0078125 0.0234375
0 0.96875 0.10703125 0.03125 0.03671875
6 0.2734375 0.1578125 0.0546875 0.021875
6 0.3546875 0.1578125 0.06328125 0.021875
6 0.44375 0.1578125 0.06875 0.021875
6 0.52578125 0.1578125 0.0515625 0.021875
6 0.5890625 0.1578125 0.03125 0.021875
6 0.65703125 0.1578125 0.059375 0.021875
6 0.7328125 0.1578125 0.0453125 0.021875
7 0.5 0.3453125 1 0.01171875
3 0.5 0.271875 0.7109375 0.1171875
2 0.08984375 0.415625 0.140625 0.03359375
6 0.8390625 0.40625 0.0859375 0.02109375
0 0.88828125 0.41640625 0.184375 0.04140625
6 0.8390625 0.42734375 0.0859375 0.02109375
7 0.90546875 0.41640625 0.03125 0.04140625
6 0.9546875 0.40625 0.0515625 0.02109375
6 0.94453125 0.4265625 0.03203125 0.021875
6 0.9703125 0.4265625 0.01953125 0.021875
2 0.0515625 0.48203125 0.025 0.01796875
2 0.15 0.4828125 0.13984375 0.01953125
2 0.36875 0.59765625 0.6984375 0.1796875
4 0.2546875 0.8484375 0.471875 0.303125
0 0.2546875 0.8484375 0.471875 0.303125
4 0.71171875 0.47265625 0.02265625 0.02890625
0 0.70859375 0.47890625 0.03984375 0.05234375
2 0.6203125 0.7078125 0.228125 0.01953125
6 0.62265625 0.74375 0.2234375 0.025
0 0.62265625 0.77578125 0.2234375 0.0703125
2 0.6203125 0.78515625 0.19609375 0.05234375
6 0.62265625 0.8453125 0.2234375 0.025
0 0.62265625 0.90390625 0.2234375 0.12265625
2 0.6203125 0.9125 0.19609375 0.10390625
6 0.62265625 0.99296875 0.2234375 0.0140625
0 0.62265625 0.99765625 0.2234375 0.0046875
2 0.79453125 0.4828125 0.06171875 0.0140625
2 0.86796875 0.5625 0.225 0.109375
7 0.86796875 0.6890625 0.225 0.1234375
7 0.7640625 0.7765625 0.01640625 0.021875
7 0.80625 0.7765625 0.06953125 0.021875
4 0.9734375 0.47265625 0.02265625 0.02890625
0 0.9703125 0.47890625 0.03984375 0.05234375
2 0.859375 0.90625 0.20703125 0.109375
7 0.8671875 0.98515625 0.225 0.0296875
4 0.9734375 0.86328125 0.02265625 0.02890625
0 0.9703125 0.86953125 0.03984375 0.05234375