7 0.06640625 0.0625 0.071875 0.03125
7 0.1421875 0.0625 0.04296875 0.03125
7 0.21875 0.0625 0.071875 0.03125
0 0.5484375 0.046875 0.19609375 0.09140625
6 0.81875 0.065625 0.01171875 0.01953125
0 0.81640625 0.0640625 0.021875 0.02890625
6 0.8421875 0.0640625 0.021875 0.0296875
0 0.8421875 0.0640625 0.021875 0.02890625
6 0.86796875 0.0640625 0.02265625 0.02890625
0 0.8671875 0.0640625 0.021875 0.02890625
6 0.89375 0.06796875 0.015625 0.015625
0 0.8921875 0.0640625 0.021875 0.02890625
6 0.94375 0.0640625 0.021875 0.015625
0 0.94375 0.0640625 0.021875 0.02890625
6 0.978125 0.0640625 0.0203125 0.021875
0 0.978125 0.065625 0.0265625 0.03515625
0 0.04765625 0.146875 0.06875 0.0546875
0 0.13359375 0.146875 0.046875 0.0546875
0 0.2078125 0.146875 0.04375 0.0546875
0 0.2859375 0.146875 0.05625 0.0546875
0 0.3875 0.146875 0.08984375 0.0546875
0 0.48046875 0.146875 0.0390625 0.0546875
0 0.584375 0.146875 0.1109375 0.0546875
0 0.68984375 0.146875 0.04375 0.0546875
0 0.75625 0.146875 0.03203125 0.0546875
0 0.81953125 0.146875 0.03828125 0.0546875
7 0.89765625 0.146875 0.06171875 0.02890625
0 0.89765625 0.146875 0.06171875 0.04921875
0 0.971875 0.146875 0.03046875 0.04921875
0 0.06875 0.46796875 0.0890625 0.11875
0 0.93125 0.46796875 0.0890625 0.11875
4 0.5 0.50703125 0.96875 0.603125
0 0.5 0.50703125 0.96875 0.603125
2 0.5 0.26875 0.93125 0.0796875
4 0.128125 0.91875 0.225 0.1625
0 0.128125 0.91875 0.225 0.1625
7 0.4078125 0.8546875 0.30546875 0.0328125
2 0.396875 0.9078125 0.275 0.05859375
3 0.74921875 0.93671875 0.29375 0.1265625
4 0.83671875 0.24140625 0.025 0.03515625
0 0.83671875 0.24140625 0.03515625 0.0484375
4 0.3390625 0.36015625 0.26484375 0.103125
7 0.3796875 0.475 0.3453125 0.07421875
7 0.42890625 0.525 0.44375 0.07421875
1 0.3734375 0.6265625 0.32890625 0.0484375
0 0.621875 0.6265625 0.1453125 0.0484375
6 0.25078125 0.68828125 0.08515625 0.025
7 0.29609375 0.68828125 0.0078125 0.025
6 0.3375 0.68828125 0.078125 0.025
7 0.3859375 0.68828125 0.01953125 0.025
6 0.4359375 0.68828125 0.08203125 0.025
7 0.478125 0.68828125 0.0046875 0.025
4 0.95703125 0.94296875 0.046875 0.0625