7 0.128125 0.0421875 0.1359375 0.0609375
0 0.14375 0.0328125 0.1953125 0.06484375
7 0.21171875 0.0421875 0.03046875 0.0609375
7 0.37578125 0.0421875 0.240625 0.0453125
0 0.60625 0.0421875 0.1078125 0.084375
0 0.7359375 0.0421875 0.1515625 0.084375
0 0.8453125 0.0421875 0.0671875 0.084375
0 0.91640625 0.0421875 0.075 0.084375
7 0.24609375 0.30625 0.234375 0.10703125
7 0.3890625 0.30625 0.05390625 0.10703125
2 0.66328125 0.30625 0.32421875 0.109375
7 0.5 0.52421875 0.7515625 0.05859375
7 0.17890625 0.5890625 0.11015625 0.05078125
7 0.3453125 0.5890625 0.22265625 0.05078125
7 0.46015625 0.5890625 0.00625 0.05078125
7 0.5 0.6546875 0.7515625 0.05859375
7 0.17890625 0.71953125 0.11015625 0.05078125
7 0.28359375 0.71953125 0.0984375 0.05078125
7 0.4671875 0.71953125 0.26875 0.05078125
7 0.8078125 0.7953125 0.109375 0.025
7 0.8765625 0.7953125 0.028125 0.025
7 0.246875 0.890625 0.15546875 0.02890625
7 0.371875 0.890625 0.096875 0.02890625
7 0.5203125 0.890625 0.20234375 0.02890625
7 0.653125 0.890625 0.06640625 0.02890625
7 0.75859375 0.890625 0.1453125 0.02890625