4 0.0984375 0.0578125 0.1140625 0.05078125
7 0.6984375 0.06171875 0.0375 0.04296875
0 0.6984375 0.06171875 0.06640625 0.04296875
7 0.7703125 0.06171875 0.04765625 0.04296875
0 0.7703125 0.06171875 0.07734375 0.04296875
7 0.83984375 0.06171875 0.0328125 0.04296875
0 0.83984375 0.06171875 0.0625 0.04296875
7 0.92265625 0.06328125 0.040625 0.04296875
0 0.92265625 0.06328125 0.071875 0.0453125
2 0.5 0.153125 0.603125 0.0453125
2 0.5 0.2078125 0.5640625 0.0328125
7 0.3796875 0.3109375 0.1296875 0.0296875
0 0.36796875 0.3109375 0.234375 0.0625
0 0.63125 0.3125 0.23515625 0.06484375
4 0.5 0.6015625 0.603125 0.4140625
0 0.38984375 0.9359375 0.221875 0.0546875
0 0.61328125 0.9359375 0.2203125 0.0546875
3 0.9265625 0.9546875 0.1078125 0.06484375