4 0.04609375 0.07890625 0.0734375 0.05078125
0 0.04609375 0.07890625 0.0734375 0.0609375
1 0.45703125 0.084375 0.7171875 0.06484375
0 0.16328125 0.15390625 0.1296875 0.04921875
0 0.28203125 0.15390625 0.10625 0.04921875
0 0.384375 0.15390625 0.1 0.04921875
0 0.4671875 0.15390625 0.0640625 0.04921875
0 0.54921875 0.15390625 0.10078125 0.04921875
0 0.628125 0.15390625 0.05625 0.04921875
0 0.68828125 0.15390625 0.06328125 0.04921875
0 0.75546875 0.15390625 0.07109375 0.04921875
0 0.1390625 0.203125 0.0796875 0.04921875
0 0.228125 0.203125 0.1 0.04921875
0 0.9078125 0.084375 0.16484375 0.06484375
7 0.0796875 0.2328125 0.0984375 0.02578125
7 0.2328125 0.2328125 0.2078125 0.02578125
4 0.5 0.5265625 1 0.50390625
0 0.5 0.5265625 1 0.50390625
2 0.5 0.446875 0.921875 0.13515625
6 0.5 0.5609375 0.921875 0.07265625
0 0.0875 0.646875 0.09765625 0.05625
7 0.5 0.8890625 1 0.196875