7 0.96640625 0.0453125 0.0421875 0.05625
2 0.23125 0.18125 0.34453125 0.15390625
7 0.23671875 0.2734375 0.3328125 0.03125
7 0.0578125 0.3640625 0.04296875 0.025
0 0.0578125 0.3625 0.046875 0.06875
7 0.12421875 0.3640625 0.0546875 0.025
0 0.13125 0.3625 0.071875 0.06875
7 0.20625 0.3640625 0.046875 0.025
0 0.2125 0.3625 0.0640625 0.06875
7 0.30859375 0.365625 0.0625 0.021875
0 0.30859375 0.36484375 0.1015625 0.04140625
7 0.3984375 0.3640625 0.046875 0.025
0 0.40546875 0.3625 0.0640625 0.06875
7 0.49296875 0.3640625 0.0796875 0.025
0 0.49296875 0.3625 0.084375 0.06875
7 0.57265625 0.3640625 0.04375 0.025
0 0.57890625 0.3625 0.0609375 0.06875
1 0.8375 0.36484375 0.16484375 0.0234375
7 0.921875 0.36484375 0.00390625 0.0234375
4 0.95 0.36640625 0.0125 0.0171875
0 0.95 0.36640625 0.02421875 0.0328125
4 0.62734375 0.1671875 0.22578125 0.2046875
7 0.84765625 0.10703125 0.1875 0.03359375
7 0.84765625 0.13828125 0.1875 0.02890625
0 0.8484375 0.18984375 0.14140625 0.04453125
2 0.321875 0.59375 0.453125 0.15078125
7 0.321875 0.6921875 0.453125 0.0453125
7 0.22578125 0.7640625 0.25078125 0.02578125
7 0.4265625 0.7640625 0.1515625 0.02578125
7 0.29921875 0.83203125 0.39765625 0.09375
7 0.4375 0.865625 0.07421875 0.02578125
7 0.3015625 0.9 0.40234375 0.09375
7 0.7421875 0.5203125 0.2015625 0.03515625
7 0.68984375 0.5515625 0.034375 0.03515625
7 0.75859375 0.5515625 0.10546875 0.03515625
1 0.7421875 0.65 0.259375 0.07265625
1 0.7421875 0.7421875 0.259375 0.07265625
1 0.7421875 0.83515625 0.259375 0.07421875