7 0.39453125 0.9234375 0.75 0.0453125
6 0.575 0.9359375 0.08515625 0.02109375
7 0.6453125 0.9359375 0.05625 0.02109375
6 0.71796875 0.9359375 0.0890625 0.02109375
7 0.3921875 0.9484375 0.74609375 0.0453125
0 0.865625 0.93671875 0.09296875 0.0453125
4 0.95625 0.93671875 0.01953125 0.02734375
7 0.5 0.2265625 0.5703125 0.06484375
7 0.5 0.30234375 0.5171875 0.06484375
0 0.384375 0.4 0.16015625 0.06015625
0 0.5921875 0.4 0.20625 0.06015625
2 0.13984375 0.05234375 0.1796875 0.06015625
0 0.67265625 0.05078125 0.075 0.0390625
0 0.784375 0.05078125 0.13125 0.0390625
0 0.89921875 0.05234375 0.0796875 0.0390625
1 0.38984375 0.68515625 0.58671875 0.06015625
0 0.65859375 0.68515625 0.05 0.06015625
7 0.709375 0.68359375 0.025 0.0390625
0 0.81953125 0.68515625 0.16796875 0.06015625
7 0.5 0.76484375 0.8984375 0.06875
4 0.1171875 0.91875 0.134375 0.1625
4 0.2703125 0.91875 0.134375 0.1625
4 0.42265625 0.91875 0.1328125 0.1625
4 0.5765625 0.91875 0.134375 0.1625
4 0.7296875 0.91875 0.134375 0.1625
4 0.88125 0.91875 0.134375 0.1625