4 0.06953125 0.03125 0.09296875 0.04140625
0 0.06953125 0.03125 0.09296875 0.04140625
6 0.20546875 0.03125 0.03828125 0.0625
6 0.2921875 0.03125 0.040625 0.0625
6 0.38671875 0.03125 0.0546875 0.0625
1 0.57109375 0.03125 0.1953125 0.046875
0 0.74375 0.03125 0.11796875 0.046875
0 0.865625 0.03125 0.09453125 0.046875
0 0.95234375 0.03125 0.06328125 0.046875
7 0.34453125 0.11953125 0.64140625 0.0625
0 0.9203125 0.11953125 0.1125 0.046875
4 0.18515625 0.3671875 0.2921875 0.27578125
2 0.18515625 0.5671875 0.2921875 0.04296875
7 0.18515625 0.6609375 0.2921875 0.0953125
0 0.13359375 0.74140625 0.2046875 0.0484375
4 0.5 0.3671875 0.29296875 0.27578125
2 0.5 0.5671875 0.29296875 0.04296875
7 0.5 0.6609375 0.29296875 0.0953125
0 0.4265625 0.74140625 0.1609375 0.0484375
4 0.815625 0.3671875 0.29296875 0.27578125
2 0.815625 0.5671875 0.29296875 0.04296875
7 0.815625 0.6609375 0.29296875 0.0953125
0 0.7140625 0.74140625 0.10625 0.0484375
4 0.8546875 0.92890625 0.2125 0.1421875
2 0.38203125 0.884375 0.6859375 0.053125
7 0.37734375 0.96953125 0.6765625 0.0609375