4 0.10625 0.0453125 0.12890625 0.040625
7 0.915625 0.03984375 0.053125 0.0796875
7 0.815625 0.03828125 0.0578125 0.021875
4 0.85390625 0.03828125 0.00859375 0.01171875
6 0.74140625 0.03828125 0.02421875 0.025
0 0.74140625 0.0390625 0.02421875 0.03125
4 0.575 0.0390625 0.0234375 0.03125
4 0.60859375 0.0390625 0.0234375 0.03125
4 0.64140625 0.0390625 0.0234375 0.03125
4 0.675 0.0390625 0.0234375 0.03125
4 0.7078125 0.0390625 0.0234375 0.03125
7 0.1140625 0.1078125 0.03984375 0.02890625
0 0.1140625 0.1078125 0.07109375 0.05703125
7 0.1828125 0.1078125 0.03515625 0.02890625
0 0.1828125 0.1078125 0.06640625 0.05703125
7 0.271875 0.1078125 0.08125 0.02890625
0 0.271875 0.1078125 0.1125 0.05703125
7 0.42265625 0.1078125 0.15703125 0.02890625
0 0.42265625 0.1078125 0.18828125 0.05703125
7 0.58671875 0.1078125 0.10859375 0.02890625
0 0.58671875 0.1078125 0.13984375 0.05703125
7 0.7171875 0.1078125 0.090625 0.02890625
0 0.7171875 0.1078125 0.121875 0.05703125
7 0.821875 0.1078125 0.05625 0.02890625
0 0.821875 0.1078125 0.0875 0.05703125
7 0.903125 0.1078125 0.04296875 0.02890625
3 0.5 0.22109375 0.7109375 0.1171875
7 0.09921875 0.3453125 0.07890625 0.05234375
0 0.20546875 0.3453125 0.13359375 0.05234375
0 0.32890625 0.3453125 0.109375 0.05234375
0 0.42890625 0.3453125 0.08671875 0.05234375
0 0.5734375 0.3453125 0.196875 0.05234375
0 0.71015625 0.3453125 0.071875 0.05234375
0 0.81484375 0.3453125 0.13359375 0.05234375
7 0.3953125 0.40859375 0.690625 0.0234375
6 0.77421875 0.40859375 0.0671875 0.0234375
2 0.7640625 0.4859375 0.1046875 0.02890625
2 0.80546875 0.5859375 0.290625 0.1015625
0 0.80546875 0.5859375 0.290625 0.12265625
2 0.80546875 0.70546875 0.290625 0.09375
0 0.80546875 0.70546875 0.290625 0.11484375
2 0.80546875 0.821875 0.290625 0.09375
0 0.80546875 0.821875 0.290625 0.11484375
2 0.80546875 0.91953125 0.290625 0.05703125
0 0.80546875 0.91953125 0.290625 0.078125
4 0.34765625 0.6703125 0.5953125 0.446875
0 0.34765625 0.7234375 0.5953125 0.553125
7 0.33984375 0.94375 0.540625 0.08359375
4 0.95390625 0.828125 0.0625 0.08359375