4 0.06484375 0.04140625 0.03828125 0.03125
0 0.11796875 0.04140625 0.14453125 0.03125
7 0.140625 0.040625 0.1 0.025
1 0.53515625 0.04140625 0.19375 0.046875
1 0.6765625 0.04140625 0.07421875 0.046875
0 0.775 0.04140625 0.0609375 0.0390625
7 0.86015625 0.040625 0.053125 0.025
0 0.8875 0.04140625 0.1328125 0.046875
7 0.9140625 0.040625 0.0546875 0.025
6 0.07734375 0.11796875 0.0609375 0.025
6 0.16875 0.11796875 0.059375 0.025
6 0.253125 0.11796875 0.046875 0.025
6 0.3421875 0.11796875 0.06875 0.025
6 0.4546875 0.11796875 0.0953125 0.025
6 0.5796875 0.11796875 0.0921875 0.025
6 0.68828125 0.11796875 0.06171875 0.025
6 0.775 0.11796875 0.05 0.025
6 0.86875 0.11796875 0.0765625 0.025
2 0.34375 0.27109375 0.5484375 0.05703125
7 0.34375 0.375 0.5484375 0.109375
0 0.2234375 0.47421875 0.30859375 0.046875
0 0.5125 0.47421875 0.21171875 0.046875
2 0.165625 0.6484375 0.2390625 0.05234375
7 0.89296875 0.64765625 0.0578125 0.025
0 0.903125 0.6484375 0.10234375 0.046875
4 0.93125 0.64921875 0.01953125 0.02734375
4 0.1875 0.8125 0.2828125 0.21328125
0 0.1875 0.84921875 0.2828125 0.28671875
4 0.1875 0.81171875 0.2828125 0.2125
4 0.0734375 0.9546875 0.0234375 0.03125
7 0.134375 0.953125 0.09296875 0.02578125
4 0.20859375 0.953125 0.02421875 0.03125
7 0.234375 0.953125 0.021875 0.02578125
4 0.26875 0.953125 0.02421875 0.03125
7 0.2984375 0.953125 0.03046875 0.02578125
4 0.49921875 0.8125 0.284375 0.21328125
0 0.49921875 0.84921875 0.284375 0.28671875
4 0.49921875 0.81171875 0.284375 0.2125
4 0.38515625 0.9546875 0.02421875 0.03125
7 0.4484375 0.953125 0.0953125 0.02578125
4 0.52109375 0.953125 0.02421875 0.03125
7 0.54609375 0.953125 0.021875 0.02578125
4 0.57734375 0.953125 0.02421875 0.03125
7 0.60859375 0.953125 0.034375 0.02578125
4 0.81171875 0.8125 0.284375 0.21328125
0 0.81171875 0.84921875 0.284375 0.28671875
4 0.81171875 0.81171875 0.284375 0.2125
4 0.69765625 0.9546875 0.02421875 0.03125
7 0.7546875 0.953125 0.084375 0.02578125
4 0.82734375 0.953125 0.02421875 0.03125
7 0.85234375 0.953125 0.021875 0.02578125
4 0.88984375 0.953125 0.02421875 0.03125
7 0.92109375 0.953125 0.034375 0.02578125