7 0.29296875 0.884375 0.48828125 0.13046875
6 0.2234375 0.95234375 0.3484375 0.0484375
6 0.2375 0.96640625 0.09296875 0.02109375
0 0.90703125 0.8984375 0.034375 0.02109375
0 0.790625 0.90078125 0.084375 0.0234375
3 0.5 0.18203125 0.946875 0.32578125
1 0.13359375 0.4 0.15234375 0.03125
4 0.5 0.396875 0.134375 0.0390625
0 0.5 0.39609375 0.134375 0.02578125
0 0.7 0.4 0.07421875 0.01796875
0 0.76640625 0.4 0.05625 0.01796875
0 0.8328125 0.4 0.0734375 0.01796875
0 0.9 0.4 0.0609375 0.01796875
0 0.95234375 0.4 0.0421875 0.01796875
0 0.1265625 0.4546875 0.0890625 0.01953125
0 0.2046875 0.4546875 0.0671875 0.01953125
0 0.26796875 0.4546875 0.059375 0.01953125
0 0.3453125 0.4546875 0.0953125 0.01953125
0 0.4234375 0.4546875 0.0609375 0.01953125
0 0.4828125 0.4546875 0.05625 0.01953125
0 0.55625 0.4546875 0.090625 0.01953125
0 0.63359375 0.4546875 0.06328125 0.01953125
0 0.69375 0.4546875 0.05625 0.01953125
0 0.81953125 0.4546875 0.19609375 0.01953125
7 0.0875 0.521875 0.121875 0.04296875
0 0.5 0.521875 0.946875 0.04296875
7 0.5 0.521875 0.946875 0.04296875
7 0.5 0.5828125 0.946875 0.0296875
0 0.5 0.78359375 0.946875 0.43203125
2 0.36015625 0.62890625 0.66796875 0.0625
4 0.49921875 0.83671875 0.9765625 0.3265625