4 0.196875 0.05078125 0.29296875 0.06484375
1 0.2703125 0.11875 0.43671875 0.04453125
1 0.5140625 0.11875 0.0515625 0.046875
7 0.8296875 0.025 0.00390625 0.0140625
0 0.8296875 0.02265625 0.00390625 0.0140625
0 0.8703125 0.02109375 0.0578125 0.015625
0 0.93671875 0.02109375 0.07109375 0.015625
0 0.0859375 0.18984375 0.0703125 0.046875
0 0.16328125 0.18984375 0.08671875 0.046875
0 0.24921875 0.18984375 0.0859375 0.046875
0 0.35234375 0.18984375 0.121875 0.046875
0 0.45625 0.18984375 0.0875 0.046875
7 0.5625 0.3328125 0.5875 0.146875
6 0.51640625 0.384375 0.0875 0.04296875
7 0.56640625 0.384375 0.015625 0.04296875
6 0.63671875 0.384375 0.1265625 0.04296875
7 0.725 0.384375 0.05078125 0.04296875
6 0.79609375 0.384375 0.09453125 0.04296875
7 0.8484375 0.384375 0.00859375 0.04296875
2 0.515625 0.46640625 0.49375 0.02890625
2 0.596875 0.56953125 0.6546875 0.0375
7 0.0609375 0.64140625 0.0390625 0.02734375
7 0.11875 0.67109375 0.15546875 0.0875
6 0.1140625 0.7015625 0.103125 0.02734375
7 0.1671875 0.7015625 0.0046875 0.02734375
7 0.05859375 0.7609375 0.03515625 0.02734375
7 0.1453125 0.80625 0.2078125 0.1171875
6 0.1453125 0.865625 0.209375 0.05703125
7 0.14453125 0.93359375 0.20703125 0.1328125
4 0.315625 0.728125 0.09375 0.16796875
4 0.4296875 0.728125 0.09375 0.16640625
4 0.54375 0.7265625 0.09375 0.1640625
4 0.65703125 0.73359375 0.09375 0.178125
4 0.771875 0.73828125 0.09375 0.1875
4 0.8859375 0.7328125 0.09375 0.17734375
2 0.60390625 0.9 0.67109375 0.021875
7 0.31328125 0.92734375 0.06171875 0.02109375
0 0.30625 0.928125 0.075 0.021875
7 0.340625 0.95546875 0.11640625 0.02109375
0 0.33359375 0.95625 0.1296875 0.021875
7 0.34140625 0.9828125 0.11796875 0.02109375
0 0.334375 0.98359375 0.13203125 0.021875
7 0.578125 0.92734375 0.12890625 0.02109375
0 0.57109375 0.928125 0.1421875 0.021875
7 0.534375 0.95546875 0.040625 0.02109375
0 0.52734375 0.95625 0.0546875 0.021875
7 0.54765625 0.9828125 0.06875 0.02109375
0 0.540625 0.98359375 0.08203125 0.021875
7 0.78046875 0.92734375 0.071875 0.02109375
0 0.77421875 0.928125 0.08671875 0.021875
7 0.7703125 0.95546875 0.0515625 0.02109375
0 0.76328125 0.95625 0.065625 0.021875
7 0.775 0.9828125 0.0625 0.02109375
0 0.76875 0.98359375 0.07734375 0.021875