4 0.38203125 0.03203125 0.01640625 0.021875
0 0.5 0.03125 0.2515625 0.02578125
7 0.478125 0.03125 0.165625 0.02578125
7 0.59375 0.03125 0.0640625 0.02578125
4 0.071875 0.103125 0.0859375 0.02890625
0 0.071875 0.103125 0.115625 0.08046875
0 0.27421875 0.103125 0.08984375 0.08046875
0 0.37265625 0.103125 0.10859375 0.08046875
0 0.478125 0.103125 0.1046875 0.08046875
0 0.57890625 0.103125 0.0984375 0.08046875
0 0.67421875 0.103125 0.09453125 0.08046875
0 0.8546875 0.103125 0.06640625 0.08046875
0 0.91484375 0.103125 0.0546875 0.08046875
4 0.9640625 0.103125 0.0234375 0.03125
0 0.9640625 0.103125 0.04296875 0.08046875
2 0.2484375 0.2828125 0.34453125 0.0703125
2 0.3296875 0.35 0.5078125 0.0703125
2 0.30078125 0.41796875 0.44921875 0.0703125
0 0.1390625 0.52109375 0.125 0.06484375
7 0.24921875 0.5234375 0.05625 0.0234375
7 0.2984375 0.5234375 0.04296875 0.0234375