4 0.1390625 0.065625 0.2 0.040625
7 0.35078125 0.06875 0.08125 0.01953125
0 0.35859375 0.06875 0.096875 0.13671875
4 0.4015625 0.06875 0.0109375 0.01171875
6 0.4875 0.06875 0.08515625 0.13671875
7 0.6125 0.06875 0.0890625 0.01953125
0 0.6203125 0.06875 0.1046875 0.13671875
4 0.6671875 0.06875 0.0109375 0.01171875
6 0.76875 0.06875 0.05078125 0.01953125
0 0.896875 0.06875 0.12890625 0.0640625
7 0.5 0.41640625 1 0.8328125
7 0.66015625 0.2640625 0.44140625 0.01953125
7 0.81484375 0.3 0.0890625 0.03515625
7 0.66015625 0.415625 0.2171875 0.0609375
7 0.66015625 0.45 0.115625 0.01953125
2 0.1546875 0.3375 0.23046875 0.06484375
2 0.19140625 0.40234375 0.3046875 0.06484375
0 0.103125 0.49765625 0.12890625 0.0625
2 0.2640625 0.48671875 0.15 0.02109375
2 0.265625 0.5078125 0.1546875 0.02109375
7 0.5 0.92734375 0.390625 0.02109375
2 0.5 0.9765625 0.390625 0.046875