7 0.12421875 0.03203125 0.146875 0.040625
0 0.12421875 0.034375 0.1625 0.0609375
0 0.2484375 0.034375 0.08203125 0.0375
0 0.3390625 0.034375 0.09375 0.0375
0 0.434375 0.034375 0.090625 0.0375
1 0.671875 0.034375 0.359375 0.04296875
0 0.8953125 0.034375 0.0578125 0.04296875
0 0.959375 0.034375 0.065625 0.04296875
7 0.31875 0.96484375 0.42578125 0.02109375
6 0.56875 0.96484375 0.07734375 0.02109375
7 0.609375 0.96484375 0.0078125 0.02109375
6 0.653125 0.96484375 0.07890625 0.02109375
7 0.71875 0.96484375 0.0546875 0.02109375
6 0.7921875 0.96484375 0.0953125 0.02109375
7 0.840625 0.96484375 0.00390625 0.02109375
2 0.2515625 0.278125 0.09296875 0.0953125
2 0.3296875 0.2875 0.06640625 0.08203125
2 0.578125 0.278125 0.43359375 0.0953125
7 0.5 0.40703125 0.4125 0.10546875
0 0.42890625 0.5203125 0.1375 0.05859375
0 0.571875 0.5203125 0.134375 0.05625
2 0.5 0.828125 0.9 0.05703125
4 0.5 0.89296875 0.0625 0.01015625
7 0.321875 0.94375 0.140625 0.02890625
6 0.45078125 0.94375 0.11640625 0.02890625
7 0.5 0.96484375 0.5078125 0.0703125