4 0.6 0.28203125 0.59296875 0.196875
4 0.4015625 0.71875 0.08671875 0.16015625
4 0.59921875 0.71171875 0.0953125 0.153125
4 0.796875 0.7234375 0.1109375 0.1796875
4 0.40078125 0.92578125 0.0640625 0.1484375
4 0.59609375 0.9265625 0.08515625 0.146875
4 0.79765625 0.92734375 0.09140625 0.1453125
6 0.4015625 0.83359375 0.028125 0.0265625
6 0.59921875 0.834375 0.08671875 0.02734375
6 0.79921875 0.834375 0.103125 0.028125
2 0.5984375 0.425 0.44765625 0.0359375
7 0.6 0.5234375 0.5984375 0.15390625
4 0.13046875 0.059375 0.05 0.07109375
2 0.2296875 0.059375 0.13671875 0.0671875
0 0.65859375 0.02421875 0.03671875 0.03125
0 0.70625 0.0234375 0.04453125 0.0328125
1 0.71796875 0.065625 0.16640625 0.028125
5 0.6609375 0.0640625 0.0515625 0.02109375
0 0.79140625 0.0640625 0.01640625 0.025
0 0.1453125 0.1328125 0.07890625 0.05625
0 0.22890625 0.13359375 0.0828125 0.05703125
0 0.31875 0.13203125 0.0921875 0.0546875
0 0.415625 0.1328125 0.09921875 0.05234375
0 0.5171875 0.1328125 0.0984375 0.05546875
0 0.615625 0.1328125 0.0984375 0.05703125
0 0.70625 0.13359375 0.0796875 0.05390625
2 0.16171875 0.2171875 0.08984375 0.0296875
0 0.196875 0.27421875 0.1625 0.04453125
0 0.1953125 0.325 0.1609375 0.04921875
0 0.19296875 0.38046875 0.159375 0.05703125
0 0.1953125 0.434375 0.16015625 0.04765625
0 0.1953125 0.4890625 0.15859375 0.0515625
0 0.1953125 0.5421875 0.159375 0.0546875
0 0.1953125 0.59609375 0.1578125 0.0484375
0 0.19453125 0.653125 0.159375 0.05390625
0 0.1953125 0.70859375 0.1625 0.0484375
0 0.1953125 0.7734375 0.15390625 0.07109375
0 0.19453125 0.8484375 0.153125 0.04609375
0 0.1953125 0.9046875 0.15234375 0.04921875
0 0.19609375 0.95859375 0.1546875 0.04921875