4 0.0296875 0.0390625 0.01953125 0.02578125
0 0.0296875 0.0390625 0.01953125 0.02578125
4 0.06640625 0.0390625 0.01953125 0.02578125
0 0.06640625 0.0390625 0.01953125 0.02578125
4 0.1 0.0390625 0.01171875 0.02578125
0 0.1 0.0390625 0.01171875 0.02578125
4 0.134375 0.03984375 0.02265625 0.025
0 0.134375 0.03984375 0.02265625 0.025
4 0.17578125 0.040625 0.025 0.0234375
0 0.17578125 0.040625 0.025 0.0234375
4 0.246875 0.040625 0.03046875 0.01328125
0 0.2453125 0.040625 0.0421875 0.02109375
4 0.5 0.0875 0.19921875 0.11484375
1 0.84296875 0.0546875 0.19453125 0.05234375
4 0.9609375 0.05234375 0.01953125 0.02578125
7 0.8640625 0.10703125 0.053125 0.02890625
7 0.9046875 0.10546875 0.0171875 0.02890625
7 0.94921875 0.10703125 0.0625 0.02890625
7 0.1765625 0.203125 0.09375 0.02109375
0 0.1765625 0.203125 0.09375 0.02109375
7 0.28828125 0.203125 0.0421875 0.02109375
0 0.28828125 0.203125 0.0421875 0.02109375
7 0.375 0.203125 0.04296875 0.02109375
0 0.375 0.203125 0.04296875 0.02109375
7 0.465625 0.203125 0.05 0.02109375
0 0.465625 0.203125 0.05 0.02109375
7 0.5796875 0.203125 0.0921875 0.02109375
0 0.5796875 0.203125 0.0921875 0.02109375
7 0.71171875 0.203125 0.0828125 0.02109375
0 0.71171875 0.203125 0.0828125 0.02109375
7 0.83359375 0.203125 0.0734375 0.02109375
0 0.83359375 0.203125 0.0734375 0.02109375
2 0.46875 0.26328125 0.25625 0.01796875
0 0.5 0.25546875 1 0.05703125
2 0.62734375 0.25703125 0.04765625 0.03515625
4 0.9609375 0.56171875 0.02734375 0.05078125
4 0.0390625 0.56171875 0.02734375 0.05078125
4 0.5 0.571875 1 0.56640625
4 0.225 0.571875 0.29296875 0.56796875
2 0.221875 0.509375 0.2875 0.03125
2 0.20625 0.55625 0.25859375 0.0625
2 0.2015625 0.603125 0.246875 0.09375
0 0.14375 0.7125 0.13203125 0.05234375
4 0.18671875 0.803125 0.1953125 0.10546875
7 0.18671875 0.80390625 0.1640625 0.0609375
4 0.3953125 0.803125 0.1953125 0.10546875
7 0.35859375 0.80390625 0.08984375 0.0609375
4 0.6046875 0.803125 0.1953125 0.10546875
7 0.6046875 0.80390625 0.1640625 0.0609375
4 0.81328125 0.803125 0.1953125 0.10546875
7 0.81328125 0.80390625 0.1640625 0.0609375
4 0.5 0.94765625 1 0.10390625
2 0.76953125 0.98125 0.3046875 0.0375