0 0.08671875 0.021875 0.1203125 0.04296875
0 0.18828125 0.021875 0.08515625 0.04296875
7 0.4953125 0.025 0.1484375 0.015625
0 0.72578125 0.021875 0.05546875 0.04296875
0 0.7921875 0.021875 0.07109375 0.04296875
0 0.86171875 0.021875 0.06328125 0.04296875
0 0.934375 0.021875 0.078125 0.0328125
4 0.0421875 0.103125 0.04375 0.05859375
6 0.0921875 0.10078125 0.04375 0.0453125
6 0.05625 0.14375 0.059375 0.0171875
6 0.12109375 0.14375 0.046875 0.0171875
0 0.48671875 0.11328125 0.4109375 0.078125
3 0.91484375 0.11328125 0.11796875 0.078125
3 0.0796875 0.20546875 0.1078125 0.04921875
7 0.16640625 0.20625 0.03203125 0.01953125
0 0.16640625 0.20546875 0.04765625 0.04921875
7 0.22109375 0.20625 0.0421875 0.01953125
0 0.22109375 0.20546875 0.0578125 0.04921875
7 0.2875 0.20625 0.05546875 0.01953125
0 0.2875 0.20546875 0.07109375 0.04921875
7 0.35703125 0.20625 0.04765625 0.01953125
0 0.35703125 0.20546875 0.06328125 0.04921875
7 0.41953125 0.20625 0.0421875 0.01953125
0 0.41953125 0.20546875 0.0578125 0.04921875
4 0.48671875 0.20546875 0.0734375 0.04921875
7 0.5640625 0.20625 0.0625 0.01953125
0 0.5640625 0.20546875 0.078125 0.04921875
7 0.64609375 0.20625 0.065625 0.01953125
0 0.64609375 0.20546875 0.08125 0.04921875
7 0.71484375 0.20625 0.0375 0.01953125
0 0.71484375 0.20546875 0.053125 0.04921875
7 0.7765625 0.20625 0.05078125 0.01953125
0 0.7765625 0.20546875 0.06640625 0.04921875
7 0.834375 0.20625 0.03046875 0.01953125
0 0.834375 0.20546875 0.04609375 0.04921875
3 0.93125 0.20703125 0.084375 0.05234375
7 0.5 0.24609375 0.946875 0.02578125
3 0.5 0.30859375 0.946875 0.03359375
2 0.1296875 0.4796875 0.20703125 0.1734375
7 0.1296875 0.5765625 0.20703125 0.0140625
7 0.1296875 0.6390625 0.20703125 0.0953125
6 0.0734375 0.70390625 0.071875 0.01953125
6 0.13125 0.7421875 0.1859375 0.0390625
6 0.1203125 0.78046875 0.16484375 0.01953125
6 0.13359375 0.8203125 0.19140625 0.0390625
0 0.1296875 0.91953125 0.20703125 0.015625
2 0.12890625 0.965625 0.2078125 0.06875
4 0.4578125 0.5515625 0.38359375 0.31640625
0 0.4578125 0.55390625 0.38359375 0.321875
7 0.4578125 0.725 0.38359375 0.0140625
7 0.4578125 0.7640625 0.38359375 0.05625
2 0.4578125 0.8546875 0.38359375 0.0875
7 0.4578125 0.9078125 0.38359375 0.0140625
7 0.4578125 0.96171875 0.38359375 0.0765625
7 0.72109375 0.428125 0.07890625 0.01953125
7 0.85546875 0.4265625 0.1890625 0.021875
7 0.84453125 0.49609375 0.2015625 0.0390625
6 0.846875 0.515625 0.20625 0.0390625
7 0.7109375 0.48671875 0.05859375 0.02109375
7 0.8140625 0.57890625 0.140625 0.01953125
6 0.84453125 0.58828125 0.2 0.0390625
7 0.84765625 0.6375 0.20703125 0.05859375
7 0.7109375 0.5796875 0.05859375 0.02109375
7 0.84375 0.7203125 0.19921875 0.0390625
6 0.84453125 0.759375 0.2 0.0390625
7 0.84375 0.77890625 0.19921875 0.0390625
7 0.7109375 0.7109375 0.05859375 0.02109375
7 0.84765625 0.8609375 0.20703125 0.05859375
6 0.8515625 0.890625 0.21484375 0.0390625
7 0.84296875 0.9296875 0.1984375 0.078125
7 0.7109375 0.8421875 0.05859375 0.02109375
7 0.72578125 0.81875 0.059375 0.01953125
0 0.72578125 0.81875 0.0828125 0.04296875
7 0.825 0.81875 0.0796875 0.01953125
0 0.825 0.81875 0.103125 0.04296875
6 0.8421875 0.88828125 0.2515625 0.02109375
7 0.76015625 0.9109375 0.0890625 0.0171875
0 0.759375 0.9109375 0.0875 0.0171875
6 0.8171875 0.96328125 0.203125 0.02109375
7 0.76015625 0.9859375 0.0890625 0.0171875
0 0.759375 0.9859375 0.0875 0.0171875