4 0.5 0.07578125 0.1796875 0.046875
0 0.5 0.07578125 0.1796875 0.046875
7 0.09609375 0.146875 0.10078125 0.046875
0 0.10234375 0.146875 0.13671875 0.046875
7 0.215625 0.146875 0.05859375 0.046875
0 0.221875 0.146875 0.09453125 0.046875
7 0.3109375 0.146875 0.05078125 0.046875
0 0.3171875 0.146875 0.08671875 0.046875
7 0.4046875 0.146875 0.0578125 0.046875
7 0.490625 0.146875 0.034375 0.046875
6 0.5890625 0.146875 0.08203125 0.046875
7 0.684375 0.146875 0.05390625 0.046875
0 0.690625 0.146875 0.08984375 0.046875
7 0.79609375 0.146875 0.08984375 0.046875
0 0.8203125 0.146875 0.1625 0.046875
7 0.8703125 0.146875 0.0390625 0.02578125
1 0.9359375 0.146875 0.0609375 0.046875
2 0.5 0.3578125 0.9609375 0.19375
2 0.5 0.49375 0.9609375 0.05625
1 0.42890625 0.6484375 0.5859375 0.07265625
7 0.746875 0.64765625 0.109375 0.02734375
0 0.7640625 0.6484375 0.2015625 0.07265625
0 0.28359375 0.74765625 0.1125 0.04140625
0 0.4015625 0.74765625 0.1140625 0.04140625
0 0.521875 0.74765625 0.11640625 0.04140625
0 0.6421875 0.74765625 0.1140625 0.04140625
0 0.73828125 0.74765625 0.06875 0.04140625
0 0.278125 0.7953125 0.12578125 0.04140625
0 0.3953125 0.7953125 0.1 0.04140625
0 0.49140625 0.7953125 0.08203125 0.04140625
0 0.59765625 0.7953125 0.12109375 0.04140625
0 0.72421875 0.7953125 0.121875 0.04140625
4 0.5 0.9390625 1 0.06484375
7 0.38828125 0.93515625 0.7375 0.07578125
6 0.39453125 0.9609375 0.1171875 0.0234375
7 0.55390625 0.9609375 0.20234375 0.0234375
0 0.884375 0.93515625 0.1921875 0.04921875