2 0.1125 0.06953125 0.15234375 0.06796875
2 0.15859375 0.1875 0.24921875 0.040625
2 0.14296875 0.28515625 0.19375 0.02421875
2 0.3859375 0.2859375 0.08515625 0.01796875
2 0.25703125 0.7546875 0.4140625 0.0625
2 0.73046875 0.7515625 0.428125 0.07109375
5 0.69296875 0.284375 0.0609375 0.025
5 0.70078125 0.45390625 0.0734375 0.02265625
4 0.06015625 0.06875 0.0484375 0.0625
4 0.1953125 0.9203125 0.27265625 0.159375
4 0.65625 0.91953125 0.28046875 0.1609375
4 0.35625 0.32890625 0.03203125 0.04375
4 0.35703125 0.390625 0.03671875 0.040625
4 0.35703125 0.45 0.03515625 0.0453125
4 0.35625 0.5109375 0.0390625 0.046875
7 0.290625 0.23046875 0.509375 0.0328125
7 0.190625 0.340625 0.2890625 0.04140625
7 0.40859375 0.9078125 0.14453125 0.14453125
7 0.8671875 0.92265625 0.13203125 0.14609375
7 0.08984375 0.4515625 0.08203125 0.02578125
6 0.16640625 0.45078125 0.0671875 0.02421875
6 0.440625 0.51796875 0.14453125 0.0171875
6 0.44375 0.45859375 0.13671875 0.025
6 0.44140625 0.40078125 0.12734375 0.0234375
6 0.446875 0.3390625 0.14375 0.0265625
7 0.496875 0.31640625 0.24140625 0.02265625
7 0.44921875 0.378125 0.14453125 0.0234375
7 0.4 0.4390625 0.053125 0.015625
7 0.6890625 0.65625 0.0578125 0.025
7 0.07578125 0.8203125 0.04453125 0.025
7 0.5375 0.81796875 0.0484375 0.025
0 0.08515625 0.40625 0.084375 0.04296875
0 0.20625 0.40703125 0.10859375 0.040625
0 0.7828125 0.02421875 0.10625 0.03359375
0 0.925 0.02578125 0.075 0.03671875
0 0.86171875 0.0265625 0.04453125 0.0296875
0 0.4875 0.06953125 0.07578125 0.03828125
0 0.41796875 0.0703125 0.06015625 0.03984375
0 0.33984375 0.06875 0.096875 0.0453125
0 0.26328125 0.06875 0.0546875 0.0453125
0 0.7875 0.65390625 0.1140625 0.03125
0 0.903125 0.65546875 0.11328125 0.034375
0 0.07109375 0.60078125 0.0453125 0.040625
0 0.1453125 0.60078125 0.0984375 0.040625
0 0.23203125 0.6 0.0734375 0.04609375
0 0.31484375 0.6015625 0.09375 0.0375
0 0.39296875 0.60234375 0.06328125 0.040625
0 0.46796875 0.60078125 0.0875 0.04140625
0 0.5390625 0.6 0.06015625 0.04296875
0 0.6015625 0.60078125 0.06171875 0.04140625
0 0.6703125 0.6015625 0.07421875 0.0390625
1 0.8109375 0.33046875 0.2859375 0.04296875
1 0.809375 0.5 0.28828125 0.04375
4 0.9359375 0.328125 0.02734375 0.034375
4 0.93515625 0.5 0.0296875 0.0328125
7 0.7328125 0.3328125 0.11484375 0.02109375
7 0.72578125 0.5015625 0.10703125 0.02421875