4 0.1015625 0.05625 0.109375 0.0375
0 0.1015625 0.05625 0.109375 0.0375
7 0.3203125 0.05703125 0.040625 0.03671875
0 0.3203125 0.05703125 0.0875 0.1140625
7 0.40625 0.05703125 0.0390625 0.03671875
0 0.40546875 0.05703125 0.0859375 0.1140625
7 0.5109375 0.05703125 0.078125 0.03671875
0 0.5109375 0.05703125 0.125 0.1140625
7 0.63671875 0.05703125 0.08203125 0.03671875
0 0.6359375 0.05703125 0.128125 0.1140625
0 0.8875 0.05625 0.13203125 0.0609375
7 0.90390625 0.5953125 0.0984375 0.02578125
7 0.91015625 0.67421875 0.0609375 0.02578125
7 0.91015625 0.7046875 0.0609375 0.02578125
7 0.9109375 0.7734375 0.059375 0.02578125
7 0.9109375 0.803125 0.059375 0.02578125
7 0.9 0.87265625 0.08125 0.02578125
7 0.9 0.90234375 0.08125 0.02578125
7 0.10234375 0.87265625 0.07890625 0.02578125
7 0.10234375 0.90234375 0.07890625 0.02578125
7 0.21171875 0.87265625 0.078125 0.02578125
7 0.21171875 0.90234375 0.078125 0.02578125
7 0.32109375 0.87265625 0.078125 0.02578125
7 0.32109375 0.90234375 0.078125 0.02578125
4 0.49921875 0.59921875 0.7203125 0.8015625
4 0.5 0.36796875 1 0.5375
4 0.89375 0.553125 0.2125 0.30625
4 0.56484375 0.6203125 0.090625 0.12109375
4 0.1546875 0.684375 0.090625 0.12890625
4 0.81015625 0.73203125 0.1203125 0.10390625
4 0.3953125 0.85859375 0.090625 0.19921875
4 0.6453125 0.96953125 0.11015625 0.0609375
2 0.5 0.3953125 0.453125 0.2359375
4 0.5 0.5 1 1