4 0.5 0.484375 0.96328125 0.68359375
4 0.10078125 0.0734375 0.1640625 0.09296875
2 0.49765625 0.28671875 0.684375 0.125
0 0.27734375 0.95234375 0.10625 0.0953125
0 0.38828125 0.9515625 0.11484375 0.096875
0 0.4984375 0.95 0.10703125 0.09921875
0 0.60859375 0.9484375 0.1140625 0.103125
0 0.71640625 0.94765625 0.10078125 0.1046875
0 0.4921875 0.11171875 0.07265625 0.059375
0 0.59609375 0.11015625 0.08046875 0.06015625
0 0.71171875 0.109375 0.0984375 0.0640625
0 0.83203125 0.11171875 0.08125 0.06171875
0 0.94609375 0.109375 0.08203125 0.0609375
0 0.9734375 0.04296875 0.01796875 0.0328125