4 0.0625 0.06640625 0.04296875 0.06796875
0 0.78046875 0.0234375 0.10859375 0.03359375
0 0.2640625 0.07265625 0.05859375 0.05390625
0 0.3421875 0.071875 0.08828125 0.053125
0 0.41796875 0.071875 0.06171875 0.05234375
0 0.48828125 0.0703125 0.08125 0.05
4 0.5 0.47265625 0.9875 0.48125
4 0.340625 0.89765625 0.60625 0.2046875
4 0.71484375 0.9390625 0.13671875 0.0984375
4 0.8671875 0.9390625 0.165625 0.09765625
0 0.115625 0.0671875 0.15 0.07421875
2 0.13828125 0.06875 0.09453125 0.04140625
7 0.77734375 0.49609375 0.2421875 0.1109375
7 0.77265625 0.62734375 0.33125 0.03984375
7 0.77578125 0.66953125 0.271875 0.0375
2 0.7671875 0.834375 0.21875 0.02890625
2 0.15703125 0.76328125 0.23515625 0.02109375
0 0.85625 0.0234375 0.0421875 0.034375
0 0.91796875 0.02421875 0.078125 0.0359375
5 0.85625 0.0234375 0.0296875 0.015625
5 0.91875 0.02578125 0.0625 0.0125
5 0.79765625 0.19921875 0.1078125 0.025
5 0.940625 0.1984375 0.01953125 0.01875
0 0.94140625 0.1984375 0.0265625 0.03125
1 0.84609375 0.20078125 0.2234375 0.04140625
0 0.096875 0.196875 0.11171875 0.05078125
0 0.19765625 0.19609375 0.08515625 0.04921875
0 0.29296875 0.1984375 0.1015625 0.0453125
0 0.39453125 0.20078125 0.10234375 0.040625
0 0.4796875 0.1984375 0.06484375 0.040625
0 0.56328125 0.1984375 0.10078125 0.040625
5 0.08828125 0.19765625 0.065625 0.021875
5 0.18828125 0.19921875 0.0453125 0.0203125
5 0.28515625 0.1984375 0.053125 0.01875
5 0.38828125 0.1984375 0.06328125 0.0234375
5 0.4828125 0.1984375 0.0375 0.01953125
5 0.56640625 0.19921875 0.07421875 0.0203125
5 0.265625 0.06875 0.04375 0.0203125
5 0.34296875 0.06875 0.08046875 0.02421875
5 0.41953125 0.0671875 0.0484375 0.021875
5 0.4890625 0.06875 0.06328125 0.02421875