7 0.14609375 0.90703125 0.2140625 0.0765625
6 0.18984375 0.934375 0.08671875 0.021875
7 0.23515625 0.934375 0.00390625 0.021875
0 0.26640625 0.8765625 0.0234375 0.03125
4 0.0875 0.0359375 0.09296875 0.02734375
0 0.9234375 0.0359375 0.07109375 0.040625
2 0.5 0.2140625 0.91796875 0.07421875
4 0.3015625 0.61484375 0.365625 0.51796875
0 0.696875 0.42421875 0.240625 0.09609375
0 0.696875 0.52890625 0.240625 0.0703125
0 0.696875 0.61953125 0.240625 0.0703125
7 0.696875 0.68515625 0.03515625 0.0234375
0 0.696875 0.75390625 0.240625 0.0703125
7 0.69765625 0.8171875 0.21953125 0.01953125
6 0.63125 0.84296875 0.090625 0.01953125
7 0.70390625 0.84296875 0.05625 0.01953125
6 0.76875 0.84296875 0.07421875 0.01953125
7 0.80703125 0.84296875 0.0046875 0.01953125
7 0.68125 0.8953125 0.10546875 0.01953125
6 0.75 0.8953125 0.0328125 0.01953125