0 0.1265625 0.06484375 0.1609375 0.02578125
0 0.253125 0.06484375 0.0484375 0.04921875
0 0.3078125 0.06484375 0.0625 0.04921875
0 0.3625 0.06484375 0.0484375 0.04921875
0 0.41015625 0.06484375 0.0484375 0.04921875
0 0.471875 0.06484375 0.0765625 0.04921875
0 0.5328125 0.06484375 0.04765625 0.04921875
0 0.6015625 0.06484375 0.0484375 0.04921875
0 0.65625 0.06484375 0.0625 0.04921875
7 0.78359375 0.06484375 0.0421875 0.046875
0 0.90703125 0.06484375 0.09453125 0.04453125
4 0.6984375 0.9546875 0.0453125 0.06015625
2 0.771875 0.94140625 0.0890625 0.02890625
2 0.78046875 0.96796875 0.10625 0.025
4 0.9203125 0.953125 0.03125 0.04140625
4 0.82421875 0.90625 0.3203125 0.00546875
4 0.05234375 0.36328125 0.1046875 0.46640625
0 0.05234375 0.36328125 0.1046875 0.46640625
4 0.56640625 0.36328125 0.8671875 0.46640625
0 0.56640625 0.36328125 0.8671875 0.46640625
2 0.140625 0.7046875 0.12890625 0.08828125
2 0.19453125 0.7109375 0.0171875 0.02109375
2 0.21171875 0.73828125 0.0171875 0.02109375
4 0.1484375 0.87109375 0.14453125 0.19296875
2 0.12890625 0.98671875 0.10546875 0.02578125
2 0.3953125 0.6484375 0.23046875 0.04140625
2 0.5375 0.64921875 0.03046875 0.040625
0 0.79453125 0.646875 0.0984375 0.0453125
7 0.9125 0.6453125 0.059375 0.0296875
0 0.903125 0.646875 0.1015625 0.0453125
2 0.30703125 0.775 0.01484375 0.0484375
4 0.4015625 0.778125 0.08515625 0.11328125
0 0.36015625 0.721875 0.00078125 0.0015625
2 0.509375 0.76484375 0.103125 0.0296875
2 0.509375 0.79140625 0.103125 0.02578125
7 0.8921875 0.77890625 0.01640625 0.02109375
0 0.88359375 0.778125 0.05390625 0.0453125
2 0.30703125 0.91875 0.01484375 0.0484375
4 0.4015625 0.92109375 0.08515625 0.11328125
0 0.36015625 0.865625 0.00078125 0.0015625
2 0.5359375 0.9078125 0.15546875 0.0296875
2 0.5109375 0.93515625 0.10546875 0.02578125
7 0.8859375 0.9203125 0.028125 0.02109375
0 0.87734375 0.92109375 0.065625 0.0453125