2 0.0484375 0.04140625 0.05859375 0.03359375
0 0.0484375 0.04140625 0.05859375 0.03359375
0 0.3359375 0.04140625 0.1 0.05703125
0 0.44140625 0.04140625 0.115625 0.05703125
0 0.5484375 0.04140625 0.103125 0.05703125
6 0.6421875 0.04140625 0.04765625 0.0234375
7 0.93828125 0.04140625 0.05 0.0234375
0 0.946875 0.04140625 0.10625 0.05703125
4 0.5 0.1 1 0.2
4 0.3328125 0.053125 0.334375 0.10625
4 0.6671875 0.00625 0.334375 0.01171875
4 0.91640625 0.28828125 0.1671875 0.2484375
4 0.1671875 0.771875 0.334375 0.2484375
7 0.090625 0.2234375 0.1203125 0.03515625
0 0.096875 0.2234375 0.1546875 0.03515625
2 0.5 0.34296875 0.9609375 0.0640625
7 0.259375 0.4546875 0.48046875 0.1109375
0 0.07734375 0.6203125 0.115625 0.053125
0 0.228125 0.6203125 0.14375 0.053125
4 0.796875 0.60859375 0.40625 0.44140625
4 0.95390625 0.940625 0.0921875 0.11875