4 0.10546875 0.0453125 0.1625 0.02109375
0 0.10546875 0.046875 0.1625 0.09375
7 0.25625 0.1390625 0.17578125 0.0234375
0 0.25625 0.140625 0.19140625 0.09375
7 0.45546875 0.1390625 0.18671875 0.0234375
0 0.45546875 0.140625 0.20234375 0.09375
7 0.62578125 0.1390625 0.11640625 0.0234375
0 0.62578125 0.140625 0.13203125 0.09375
7 0.76953125 0.1390625 0.134375 0.0234375
0 0.76953125 0.140625 0.15 0.09375
0 0.91171875 0.1390625 0.11796875 0.0546875
2 0.49921875 0.2625 0.4640625 0.0796875
2 0.49921875 0.334375 0.6671875 0.0796875
7 0.5 0.415625 0.95703125 0.0390625
2 0.18125 0.75859375 0.31953125 0.0375
7 0.18125 0.83203125 0.13203125 0.0234375
0 0.18125 0.8453125 0.2390625 0.084375
7 0.18125 0.8609375 0.1984375 0.0234375
2 0.49921875 0.790625 0.31953125 0.0375
0 0.49921875 0.8640625 0.209375 0.05625
2 0.81796875 0.75859375 0.31953125 0.0375
0 0.81875 0.83125 0.11875 0.05625
0 0.5 0.9484375 0.16015625 0.02734375