3 0.5 0.178125 1 0.35546875
6 0.05546875 0.02578125 0.028125 0.02109375
6 0.11875 0.02578125 0.0734375 0.02109375
6 0.2015625 0.02578125 0.0640625 0.02109375
6 0.2796875 0.02578125 0.06953125 0.02109375
6 0.3859375 0.02578125 0.115625 0.02109375
6 0.49296875 0.02578125 0.07421875 0.02109375
6 0.57109375 0.02578125 0.05546875 0.02109375
0 0.94609375 0.02578125 0.025 0.02109375
0 0.9015625 0.02578125 0.03828125 0.02109375
2 0.1265625 0.103125 0.17109375 0.07421875
7 0.29765625 0.09140625 0.171875 0.06484375
4 0.8265625 0.08125 0.0125 0.021875
0 0.8296875 0.08359375 0.01875 0.02890625
6 0.875 0.0796875 0.07421875 0.021875
7 0.9328125 0.08046875 0.0359375 0.0234375
7 0.8765625 0.1109375 0.15234375 0.01796875
4 0.934375 0.17578125 0.05078125 0.0390625
7 0.934375 0.1671875 0.05078125 0.021875
0 0.0734375 0.16796875 0.0640625 0.05234375
0 0.1359375 0.16796875 0.0546875 0.05234375
0 0.20390625 0.16796875 0.078125 0.05234375
0 0.309375 0.16796875 0.12578125 0.05234375
0 0.40078125 0.16796875 0.0515625 0.05234375
0 0.48515625 0.16796875 0.1125 0.05234375
0 0.58984375 0.16796875 0.09375 0.05234375
0 0.66796875 0.16796875 0.05625 0.05234375
0 0.73671875 0.16796875 0.075 0.05234375
0 0.8171875 0.16796875 0.08203125 0.05234375
6 0.12421875 0.2171875 0.1671875 0.02109375
6 0.31796875 0.2171875 0.1921875 0.02109375
6 0.4734375 0.2171875 0.09375 0.02109375
6 0.67578125 0.2171875 0.0765625 0.02109375
6 0.76484375 0.2171875 0.0765625 0.02109375
6 0.8421875 0.2171875 0.05390625 0.02109375
6 0.92109375 0.2171875 0.07734375 0.02109375
3 0.34375 0.2890625 0.60546875 0.06484375
4 0.34375 0.5859375 0.60546875 0.46875
0 0.34375 0.5859375 0.60546875 0.46875
2 0.22265625 0.85234375 0.34375 0.03515625
2 0.40703125 0.85390625 0.01484375 0.01796875
7 0.0734375 0.8875 0.04609375 0.0140625
7 0.3359375 0.89921875 0.5703125 0.04296875
2 0.15546875 0.9890625 0.2296875 0.021875
2 0.28359375 0.99296875 0.01484375 0.0140625
2 0.47421875 0.9890625 0.2390625 0.021875
2 0.6046875 0.99296875 0.01484375 0.0140625
3 0.8125 0.2671875 0.29296875 0.05234375
4 0.734375 0.39921875 0.13671875 0.12109375
2 0.7265625 0.4890625 0.12109375 0.0453125
4 0.8890625 0.39921875 0.13671875 0.12109375
2 0.88125 0.4890625 0.12109375 0.0453125
4 0.734375 0.58671875 0.13671875 0.12109375
2 0.728125 0.6765625 0.125 0.0453125
4 0.8890625 0.58671875 0.13671875 0.12109375
2 0.88828125 0.6765625 0.1359375 0.0453125
0 0.8125 0.7203125 0.29296875 0.0140625
3 0.8125 0.865625 0.29296875 0.26796875
4 0.96015625 0.79765625 0.02421875 0.0328125
0 0.96015625 0.79765625 0.02421875 0.0328125
2 0.49296875 0.83828125 0.903125 0.078125
7 0.2046875 0.9078125 0.328125 0.025
7 0.275 0.93125 0.46875 0.071875
7 0.64609375 0.94296875 0.14921875 0.02890625
0 0.6625 0.94296875 0.2046875 0.04921875
4 0.7453125 0.94296875 0.02734375 0.03671875