4 0.109375 0.271875 0.078125 0.10546875
2 0.265625 0.38125 0.390625 0.04921875
2 0.13828125 0.43046875 0.1359375 0.0484375
2 0.234375 0.43046875 0.05625 0.0484375
7 0.265625 0.5125 0.390625 0.05859375
0 0.1703125 0.621875 0.2 0.0796875
0 0.16484375 0.7203125 0.18828125 0.0796875
7 0.79296875 0.63125 0.4140625 0.16171875
4 0.79296875 0.584375 0.4140625 0.48046875
4 0.96796875 0.584375 0.06328125 0.48046875
4 0.96796875 0.584375 0.06328125 0.48046875
4 0.96796875 0.584375 0.06328125 0.48046875
4 0.96796875 0.584375 0.06328125 0.48046875
4 0.96796875 0.584375 0.06328125 0.48046875
4 0.68203125 0.584375 0.53984375 0.48046875
4 0.75 0.628125 0.5 0.74375
4 0.8734375 0.43125 0.253125 0.146875
4 0.9078125 0.40703125 0.04765625 0.0640625
4 0.92734375 0.4609375 0.0671875 0.12265625