4 0.1265625 0.04140625 0.21484375 0.03671875
0 0.1265625 0.04140625 0.21484375 0.03671875
0 0.61015625 0.0375 0.0703125 0.02890625
0 0.69296875 0.0375 0.0265625 0.02890625
0 0.7671875 0.0375 0.0546875 0.02890625
0 0.88359375 0.0375 0.03828125 0.02890625
0 0.95859375 0.0375 0.04375 0.02890625
7 0.8765625 0.134375 0.1546875 0.021875
0 0.8828125 0.3015625 0.165625 0.3609375
4 0.809375 0.1640625 0.01953125 0.02578125
7 0.8765625 0.16328125 0.10859375 0.025
4 0.9 0.334375 0.2 0.2953125
7 0.2484375 0.13984375 0.4375 0.053125
7 0.20234375 0.2046875 0.346875 0.053125
0 0.109375 0.290625 0.1796875 0.053125
0 0.109375 0.290625 0.1796875 0.053125
7 0.27109375 0.290625 0.10078125 0.025
7 0.36015625 0.290625 0.0796875 0.025
6 0.45859375 0.290625 0.0734375 0.025
4 0.5 0.36875 0.9609375 0.03671875
7 0.1890625 0.5859375 0.05859375 0.05234375
7 0.340625 0.5859375 0.24296875 0.05234375
7 0.65078125 0.5859375 0.378125 0.05234375
0 0.45234375 0.9984375 0.04296875 0.00234375
0 0.496875 0.9984375 0.04296875 0.00234375
0 0.5421875 0.9984375 0.04296875 0.00234375
0 0.58671875 0.9984375 0.04296875 0.00234375