4 0.03046875 0.04296875 0.034375 0.0546875
7 0.0796875 0.04296875 0.05 0.01796875
7 0.11953125 0.04296875 0.01640625 0.01796875
6 0.81171875 0.04296875 0.0296875 0.01796875
6 0.8453125 0.04296875 0.0234375 0.01796875
6 0.89765625 0.04296875 0.0640625 0.01796875
6 0.9625 0.04296875 0.05078125 0.01796875
6 0.93515625 0.075 0.03203125 0.021875
6 0.97578125 0.075 0.02421875 0.021875
7 0.39765625 0.1265625 0.05625 0.021875
7 0.48359375 0.1265625 0.07890625 0.021875
7 0.58671875 0.1265625 0.0890625 0.021875
7 0.034375 0.16875 0.02265625 0.0296875
0 0.02890625 0.1796875 0.034375 0.05234375
0 0.1140625 0.18125 0.07890625 0.02734375
0 0.18203125 0.18125 0.03984375 0.02734375
0 0.246875 0.18125 0.0671875 0.02734375
0 0.31875 0.18125 0.0578125 0.02734375
0 0.3890625 0.18125 0.065625 0.02734375
0 0.45 0.18125 0.0359375 0.02734375
0 0.509375 0.18125 0.06171875 0.02734375
0 0.571875 0.18125 0.04609375 0.02734375
0 0.625 0.18125 0.040625 0.02734375
0 0.69453125 0.18125 0.078125 0.02734375
0 0.76640625 0.18125 0.04609375 0.02734375
0 0.815625 0.18125 0.034375 0.02734375
0 0.86015625 0.18125 0.03203125 0.02734375
7 0.9078125 0.17890625 0.04375 0.021875
0 0.98046875 0.18125 0.015625 0.02109375
7 0.5 0.23828125 1 0.02109375
4 0.5 0.29453125 0.9765625 0.06484375
0 0.5 0.29453125 0.9765625 0.06484375
7 0.26484375 0.2953125 0.290625 0.03125
7 0.8703125 0.2921875 0.1765625 0.0296875
4 0.36328125 0.73515625 0.5859375 0.5296875
0 0.36328125 0.68515625 0.5859375 0.6296875
4 0.090625 0.38125 0.040625 0.0140625
7 0.1359375 0.3828125 0.0296875 0.0234375
2 0.36328125 0.4234375 0.5859375 0.05078125
3 0.553125 0.7265625 0.40703125 0.54140625
7 0.36875 0.91953125 0.6796875 0.04921875
0 0.465625 0.93359375 0.07421875 0.0234375
7 0.3828125 0.946875 0.70703125 0.04921875
0 0.8796875 0.9328125 0.1828125 0.0484375