4 0.5 0.03359375 1 0.0671875
0 0.5 0.03359375 1 0.0671875
7 0.4109375 0.03359375 0.5703125 0.03125
0 0.78984375 0.03359375 0.16796875 0.04140625
4 0.97734375 0.03359375 0.015625 0.02109375
4 0.03359375 0.03203125 0.04765625 0.0640625
4 0.0828125 0.04375 0.0984375 0.025
0 0.0828125 0.04375 0.0984375 0.025
7 0.175 0.0421875 0.0484375 0.025
7 0.26328125 0.0421875 0.06171875 0.025
6 0.365625 0.0421875 0.0578125 0.025
6 0.45078125 0.0421875 0.04765625 0.025
6 0.521875 0.0421875 0.03828125 0.025
6 0.828125 0.0421875 0.0484375 0.025
0 0.92109375 0.0421875 0.0921875 0.0453125
4 0.5 0.31328125 1 0.44921875
2 0.5 0.18828125 0.9765625 0.06640625
7 0.41875 0.24140625 0.05859375 0.025
7 0.4703125 0.24140625 0.04609375 0.025
7 0.50859375 0.24140625 0.0328125 0.025
7 0.5671875 0.24140625 0.0859375 0.025
1 0.390625 0.31015625 0.42578125 0.06796875
0 0.71875 0.31015625 0.20703125 0.06796875
4 0.5 0.58671875 1 0.31875
2 0.259375 0.521875 0.45703125 0.05625
7 0.259375 0.57265625 0.45703125 0.03125
7 0.259375 0.60390625 0.45703125 0.03125
7 0.259375 0.63515625 0.45703125 0.03125
4 0.54609375 0.53828125 0.02265625 0.0296875
7 0.609375 0.53984375 0.09765625 0.0296875
4 0.54609375 0.58515625 0.02265625 0.0296875
7 0.65234375 0.58671875 0.18359375 0.0296875
4 0.54609375 0.63203125 0.02265625 0.0296875
7 0.6546875 0.63359375 0.1875 0.0296875
7 0.2265625 0.83984375 0.15625 0.0234375
6 0.3328125 0.83984375 0.0578125 0.0234375
7 0.3640625 0.83984375 0.00703125 0.0234375
6 0.39140625 0.83984375 0.05078125 0.0234375
7 0.4296875 0.83984375 0.02734375 0.0234375
6 0.47265625 0.83984375 0.0609375 0.0234375
7 0.62734375 0.83984375 0.25078125 0.0234375
6 0.8015625 0.83984375 0.1 0.0234375
7 0.0828125 0.9578125 0.03515625 0.021875
7 0.0828125 0.97578125 0.03515625 0.0171875
4 0.24921875 0.959375 0.03046875 0.0390625
0 0.25 0.9671875 0.16796875 0.06484375
7 0.25 0.9859375 0.16796875 0.0171875
4 0.41640625 0.9671875 0.03046875 0.0390625
0 0.41640625 0.9671875 0.1671875 0.06484375
4 0.58359375 0.9671875 0.03046875 0.0390625
0 0.5828125 0.9671875 0.16796875 0.06484375
4 0.74921875 0.9671875 0.03046875 0.0390625
0 0.75 0.9671875 0.16796875 0.06484375
4 0.91640625 0.9671875 0.03046875 0.0390625
0 0.91640625 0.9671875 0.1671875 0.06484375