0 0.0296875 0.02890625 0.03515625 0.05703125
0 0.12421875 0.02890625 0.04609375 0.05703125
0 0.225 0.02890625 0.046875 0.05703125
0 0.33359375 0.02890625 0.06328125 0.05703125
0 0.4484375 0.02890625 0.059375 0.05703125
0 0.5515625 0.02890625 0.03828125 0.05703125
0 0.65234375 0.02890625 0.05625 0.05703125
0 0.7703125 0.02890625 0.07109375 0.05703125
4 0.878125 0.02890625 0.03828125 0.05703125
0 0.96953125 0.02890625 0.0375 0.05703125
2 0.5 0.13515625 0.5640625 0.0546875
1 0.5 0.2265625 0.5640625 0.06796875
4 0.2375 0.22109375 0.03984375 0.05703125
4 0.21328125 0.778125 0.0671875 0.08984375
0 0.21328125 0.80546875 0.0671875 0.14453125
7 0.2140625 0.86015625 0.053125 0.02734375
4 0.49921875 0.778125 0.0671875 0.08984375
0 0.49921875 0.80546875 0.0671875 0.14453125
7 0.5 0.86015625 0.0328125 0.02734375
4 0.78671875 0.778125 0.0671875 0.08984375
0 0.78671875 0.80546875 0.0671875 0.14453125
7 0.7875 0.86015625 0.0328125 0.02734375
4 0.21328125 0.96953125 0.0671875 0.0609375
0 0.21328125 0.96953125 0.0671875 0.0609375
4 0.49921875 0.96953125 0.0671875 0.0609375
0 0.49921875 0.96953125 0.0671875 0.0609375
4 0.78671875 0.96953125 0.0671875 0.0609375
0 0.78671875 0.96953125 0.0671875 0.0609375