6 0.9796875 0.0375 0.009375 0.021875
7 0.5 0.03671875 0.96875 0.03125
0 0.5 0.09375 0.96875 0.03125
4 0.0625 0.178125 0.09375 0.0546875
0 0.0625 0.178125 0.09375 0.0546875
6 0.18203125 0.1875 0.0671875 0.03125
6 0.2703125 0.1875 0.07734375 0.03125
0 0.7546875 0.178125 0.1703125 0.05234375
0 0.9234375 0.178125 0.12109375 0.05234375
2 0.5 0.3265625 0.9453125 0.07265625
1 0.5 0.43125 0.9453125 0.05234375
0 0.9515625 0.43125 0.03125 0.04140625
2 0.5 0.58984375 0.96875 0.03671875
7 0.5 0.6375 0.96875 0.0328125
4 0.0625 0.7515625 0.046875 0.0640625
2 0.06953125 0.8109375 0.06171875 0.02890625
7 0.215625 0.84140625 0.353125 0.02890625
4 0.478125 0.7515625 0.04765625 0.0640625
2 0.5375 0.8109375 0.1671875 0.02890625
7 0.63125 0.84140625 0.3546875 0.02890625
4 0.89375 0.7515625 0.04765625 0.0640625
2 0.93359375 0.8109375 0.1265625 0.02890625
7 0.93515625 0.84140625 0.1296875 0.02890625
2 0.5 0.99453125 0.96875 0.01015625