4 0.03515625 0.04140625 0.0234375 0.03125
0 0.03515625 0.04140625 0.046875 0.0625
6 0.121875 0.0421875 0.11015625 0.0328125
4 0.85546875 0.04140625 0.0234375 0.03125
0 0.85546875 0.04140625 0.0390625 0.05234375
0 0.93359375 0.04140625 0.09375 0.046875
7 0.9234375 0.12421875 0.05 0.021875
4 0.96875 0.12421875 0.0234375 0.0328125
7 0.4953125 0.19609375 0.94453125 0.0484375
6 0.4734375 0.209375 0.1703125 0.02109375
7 0.5609375 0.209375 0.00390625 0.02109375
2 0.5 0.3046875 0.0390625 0.05234375
2 0.5 0.390625 1 0.05234375
1 0.5 0.48203125 0.5078125 0.0625
4 0.29296875 0.48203125 0.0234375 0.0625
0 0.29296875 0.48203125 0.046875 0.0625
4 0.3515625 0.728125 0.0171875 0.025
0 0.5 0.728125 0.33203125 0.04140625
7 0.50703125 0.72734375 0.28515625 0.021875
4 0.2390625 0.87734375 0.0625 0.08359375
0 0.2390625 0.89296875 0.165625 0.18515625
2 0.2390625 0.94765625 0.15625 0.02578125
4 0.41328125 0.87734375 0.0625 0.08359375
0 0.41328125 0.89296875 0.165625 0.18515625
2 0.41328125 0.94765625 0.15625 0.02578125
4 0.58671875 0.87734375 0.0625 0.08359375
0 0.58671875 0.89296875 0.165625 0.18515625
2 0.58671875 0.94765625 0.15625 0.02578125
4 0.7609375 0.87734375 0.0625 0.08359375
0 0.7609375 0.89296875 0.165625 0.18515625
2 0.7609375 0.94765625 0.15625 0.02578125
0 0.2390625 0.99765625 0.165625 0.0046875
0 0.4125 0.99765625 0.165625 0.0046875
0 0.5859375 0.99765625 0.165625 0.0046875
0 0.7609375 0.99765625 0.165625 0.0046875