0 0.2171875 0.0328125 0.14140625 0.0625
0 0.3375 0.0328125 0.0921875 0.0625
0 0.44375 0.0328125 0.1125 0.0625
0 0.55390625 0.0328125 0.10078125 0.0625
0 0.6515625 0.0328125 0.0859375 0.0625
0 0.74296875 0.0328125 0.0890625 0.0625
0 0.84296875 0.0328125 0.1046875 0.0625
0 0.9484375 0.0328125 0.0984375 0.0625
0 0.9125 0.0328125 0.0390625 0.06015625
7 0.115625 0.0921875 0.18359375 0.03671875
0 0.115625 0.09765625 0.2171875 0.0625
0 0.28515625 0.09765625 0.11875 0.0625
0 0.4015625 0.09765625 0.11328125 0.0625
0 0.5453125 0.09765625 0.1640625 0.0625
0 0.6921875 0.09765625 0.11796875 0.0625
0 0.83125 0.09765625 0.1515625 0.0625
7 0.3609375 0.16171875 0.621875 0.02578125
0 0.70546875 0.16171875 0.06953125 0.02578125
2 0.5 0.3453125 0.9 0.09375
1 0.5 0.4671875 0.73046875 0.06640625
4 0.17734375 0.6953125 0.0515625 0.06796875
0 0.17734375 0.71640625 0.18828125 0.109375
7 0.1765625 0.75546875 0.08984375 0.02578125
4 0.3921875 0.6953125 0.0515625 0.06796875
0 0.3921875 0.71640625 0.1890625 0.109375
7 0.3921875 0.75546875 0.03984375 0.02578125
4 0.6078125 0.6953125 0.0515625 0.06796875
0 0.6078125 0.71640625 0.18828125 0.109375
7 0.6078125 0.75546875 0.053125 0.02578125
4 0.82265625 0.6953125 0.0515625 0.06796875
0 0.82265625 0.71640625 0.18828125 0.109375
7 0.82265625 0.75546875 0.06171875 0.02578125
4 0.17734375 0.84140625 0.0515625 0.06796875
0 0.17734375 0.86171875 0.18828125 0.109375
7 0.1765625 0.90078125 0.1 0.02578125
4 0.3921875 0.84140625 0.0515625 0.06796875
0 0.3921875 0.86171875 0.1890625 0.109375
7 0.3921875 0.90078125 0.10859375 0.02578125
4 0.6078125 0.84140625 0.0515625 0.06796875
0 0.6078125 0.86171875 0.18828125 0.109375
7 0.6078125 0.90078125 0.034375 0.02578125
4 0.82265625 0.84140625 0.0515625 0.06796875
0 0.82265625 0.86171875 0.18828125 0.109375
7 0.82265625 0.90078125 0.1140625 0.02578125
0 0.5 0.98046875 0.87109375 0.0390625