4 0.1203125 0.053125 0.14140625 0.0640625
7 0.5078125 0.05234375 0.1578125 0.02109375
0 0.496875 0.053125 0.209375 0.1
0 0.68359375 0.053125 0.1578125 0.1
0 0.82578125 0.053125 0.128125 0.103125
0 0.91953125 0.053125 0.06171875 0.1
2 0.5 0.17109375 0.66015625 0.05625
1 0.48046875 0.25390625 0.615625 0.0546875
1 0.80703125 0.25390625 0.03984375 0.0546875
7 0.24140625 0.309375 0.1171875 0.02734375
6 0.321875 0.30859375 0.040625 0.02109375
6 0.36484375 0.30859375 0.034375 0.02109375
6 0.40234375 0.30859375 0.0296875 0.02109375
6 0.45 0.30859375 0.05859375 0.02109375
6 0.51328125 0.30859375 0.0578125 0.02109375
6 0.58359375 0.30859375 0.0734375 0.02109375
6 0.6609375 0.30859375 0.07109375 0.02109375
6 0.728125 0.30859375 0.0515625 0.02109375
6 0.771875 0.30859375 0.02734375 0.02109375
6 0.8015625 0.30859375 0.0234375 0.02109375
4 0.1921875 0.46328125 0.06328125 0.08359375
0 0.1921875 0.52890625 0.28203125 0.23984375
2 0.1921875 0.5359375 0.2546875 0.03515625
6 0.1921875 0.5875 0.2546875 0.05703125
4 0.5 0.46328125 0.0625 0.08359375
0 0.5 0.52890625 0.28125 0.23984375
2 0.5 0.5359375 0.25390625 0.03515625
6 0.5 0.5875 0.25390625 0.05703125
4 0.80859375 0.46328125 0.05078125 0.08359375
0 0.8078125 0.52890625 0.28203125 0.23984375
2 0.8078125 0.5359375 0.2546875 0.03515625
6 0.8078125 0.5875 0.2546875 0.05703125
4 0.1921875 0.73984375 0.06328125 0.08359375
0 0.1921875 0.821875 0.28203125 0.275
2 0.1921875 0.8296875 0.2546875 0.0703125
6 0.1921875 0.8984375 0.2546875 0.05703125
4 0.5 0.73984375 0.0625 0.08359375
0 0.5 0.81875 0.28125 0.26796875
2 0.5 0.81171875 0.25390625 0.03515625
6 0.5 0.87734375 0.25390625 0.0859375
4 0.8078125 0.73984375 0.06328125 0.08359375
0 0.8078125 0.81875 0.28203125 0.26796875
2 0.8078125 0.81171875 0.2546875 0.03515625
7 0.809375 0.8625 0.253125 0.05078125