4 0.93046875 0.82421875 0.0125 0.01796875
0 0.93046875 0.821875 0.028125 0.05234375
7 0.37578125 0.87578125 0.640625 0.053125
6 0.10390625 0.91875 0.096875 0.025
6 0.2296875 0.91875 0.13203125 0.025
0 0.84453125 0.87109375 0.2 0.046875
2 0.4234375 0.04296875 0.66875 0.03359375
7 0.1234375 0.084375 0.06875 0.02578125
6 0.2328125 0.084375 0.1515625 0.02578125
7 0.41796875 0.1 0.6578125 0.05625
6 0.16640625 0.11484375 0.11796875 0.02578125
7 0.31796875 0.11484375 0.184375 0.02578125
0 0.9515625 0.05390625 0.0421875 0.0296875
7 0.07421875 0.17421875 0.046875 0.01796875
1 0.60859375 0.17578125 0.3125 0.03671875
7 0.89765625 0.17578125 0.109375 0.01796875
0 0.89765625 0.17578125 0.1515625 0.0390625
0 0.1390625 0.26171875 0.2234375 0.08359375
6 0.44921875 0.24921875 0.084375 0.025
6 0.55546875 0.24921875 0.090625 0.025
6 0.67109375 0.24921875 0.10546875 0.025
6 0.8234375 0.24921875 0.1640625 0.025
0 0.9625 0.2484375 0.05078125 0.0609375
2 0.240625 0.70390625 0.4265625 0.23828125
7 0.240625 0.8890625 0.4265625 0.0859375
0 0.121875 0.97890625 0.1890625 0.04140625
2 0.83125 0.56640625 0.2578125 0.0390625
7 0.83125 0.61875 0.2578125 0.05625
1 0.83125 0.68671875 0.2578125 0.05625
1 0.83125 0.7546875 0.2578125 0.05625
0 0.74765625 0.80625 0.090625 0.025
0 0.91015625 0.80625 0.1 0.025
0 0.83125 0.87265625 0.2578125 0.05703125
0 0.83125 0.9546875 0.2578125 0.05703125