4 0.5 0.05234375 1 0.10390625
7 0.3 0.1921875 0.1640625 0.03515625
6 0.4328125 0.1921875 0.1046875 0.03515625
7 0.2359375 0.2203125 0.0375 0.01953125
6 0.303125 0.2203125 0.0984375 0.01953125
7 0.36796875 0.2203125 0.03203125 0.01953125
6 0.4328125 0.2203125 0.09765625 0.01953125
7 0.48125 0.2203125 0.00390625 0.01953125
7 0.7171875 0.1921875 0.0703125 0.01953125
6 0.7734375 0.1921875 0.0453125 0.01953125
7 0.80859375 0.1921875 0.0296875 0.01953125
6 0.84296875 0.1921875 0.03984375 0.01953125
6 0.8828125 0.1921875 0.03515625 0.01953125
7 0.9109375 0.1921875 0.02265625 0.01953125
6 0.9359375 0.1921875 0.0296875 0.01953125
7 0.95234375 0.1921875 0.0046875 0.01953125
7 0.7328125 0.21171875 0.1 0.01953125
6 0.809375 0.21171875 0.05859375 0.01953125
7 0.8703125 0.21171875 0.065625 0.01953125
6 0.9265625 0.21171875 0.04765625 0.01953125
7 0.95234375 0.21171875 0.0046875 0.01953125
4 0.2203125 0.33828125 0.0375 0.04921875
7 0.30390625 0.3328125 0.115625 0.025
4 0.62578125 0.49765625 0.1375 0.2578125
7 0.2359375 0.3921875 0.04375 0.02109375
6 0.28203125 0.3921875 0.04765625 0.02109375
7 0.3421875 0.3921875 0.07421875 0.02109375
7 0.39765625 0.3921875 0.0390625 0.02109375
6 0.4453125 0.3921875 0.0609375 0.02109375
6 0.4953125 0.3921875 0.03125 0.02109375
7 0.5140625 0.3921875 0.0078125 0.02109375
6 0.2453125 0.4203125 0.06328125 0.02109375
7 0.2953125 0.4203125 0.03515625 0.02109375
6 0.3328125 0.4203125 0.0421875 0.02109375
6 0.371875 0.4203125 0.03125 0.02109375
7 0.446875 0.4203125 0.12109375 0.02109375
6 0.23515625 0.44921875 0.04296875 0.02109375
6 0.28828125 0.44921875 0.05625 0.02109375
7 0.31875 0.44921875 0.0078125 0.02109375
6 0.3546875 0.44921875 0.065625 0.02109375
7 0.40234375 0.44921875 0.03125 0.02109375
6 0.453125 0.44921875 0.07421875 0.02109375
7 0.21640625 0.478125 0.0046875 0.02109375
6 0.2390625 0.478125 0.0421875 0.02109375
7 0.33671875 0.478125 0.1546875 0.02109375
6 0.4390625 0.478125 0.05390625 0.02109375
7 0.371875 0.50625 0.31640625 0.078125
6 0.30859375 0.53515625 0.0640625 0.02109375
7 0.3640625 0.5921875 0.3 0.13515625
6 0.328125 0.65 0.05078125 0.02109375
7 0.35703125 0.65 0.00859375 0.02109375
6 0.384375 0.65 0.0484375 0.02109375
7 0.4234375 0.65 0.03125 0.02109375
6 0.459375 0.65 0.04375 0.02109375
7 0.578125 0.65 0.1953125 0.02109375
6 0.2609375 0.678125 0.09453125 0.02109375
7 0.3109375 0.678125 0.0046875 0.02109375
7 0.440625 0.73046875 0.45390625 0.04921875
6 0.37734375 0.74453125 0.03984375 0.02109375
7 0.45 0.759375 0.471875 0.04921875
6 0.48359375 0.7734375 0.0828125 0.02109375
7 0.52734375 0.7734375 0.0078125 0.02109375
7 0.53984375 0.775 0.01640625 0.01796875
6 0.57109375 0.775 0.0484375 0.01796875
7 0.31171875 0.821875 0.1953125 0.02109375
6 0.4734375 0.821875 0.13125 0.02109375
7 0.54765625 0.821875 0.01640625 0.02109375
6 0.43515625 0.8359375 0.4421875 0.04921875
7 0.28359375 0.85 0.01640625 0.02109375
6 0.42578125 0.85 0.271875 0.02109375
6 0.29296875 0.88671875 0.05078125 0.01796875
7 0.3234375 0.88671875 0.0046875 0.01796875
6 0.40546875 0.88671875 0.15234375 0.01796875
7 0.4859375 0.88671875 0.0046875 0.01796875
6 0.58828125 0.88671875 0.19453125 0.01796875
7 0.690625 0.88671875 0.0046875 0.01796875
6 0.65625 0.9125 0.07421875 0.01796875
4 0.2203125 0.98125 0.0375 0.0375
7 0.31875 0.9828125 0.1453125 0.02578125
4 0.95078125 0.33359375 0.03046875 0.0390625
6 0.8921875 0.32578125 0.078125 0.02109375
6 0.7671875 0.37890625 0.0640625 0.02109375
7 0.81875 0.37890625 0.03984375 0.02109375
6 0.87421875 0.37890625 0.0734375 0.02109375
7 0.92578125 0.37890625 0.03125 0.02109375
6 0.753125 0.4078125 0.03515625 0.02109375
7 0.784375 0.4078125 0.03046875 0.02109375
6 0.834375 0.4078125 0.07109375 0.02109375
7 0.84453125 0.45078125 0.21875 0.10703125
6 0.8390625 0.53125 0.1640625 0.02109375
6 0.8125 0.56171875 0.1109375 0.021875
6 0.84921875 0.60625 0.184375 0.05078125
6 0.75078125 0.68984375 0.05390625 0.02109375
6 0.93046875 0.68984375 0.0921875 0.02109375
6 0.740625 0.725 0.034375 0.02109375
7 0.7640625 0.725 0.00625 0.02109375
6 0.79375 0.725 0.0515625 0.02109375
7 0.825 0.725 0.00625 0.02109375
6 0.846875 0.725 0.0328125 0.02109375
7 0.86796875 0.725 0.00625 0.02109375
6 0.8953125 0.725 0.04296875 0.02109375
7 0.921875 0.725 0.00625 0.02109375
6 0.74609375 0.75234375 0.0453125 0.02109375
7 0.77421875 0.75234375 0.00625 0.02109375
6 0.80078125 0.75234375 0.04296875 0.02109375
7 0.82890625 0.75234375 0.00625 0.02109375
6 0.8546875 0.75234375 0.0484375 0.02109375
7 0.884375 0.75234375 0.00625 0.02109375
6 0.92734375 0.75234375 0.075 0.02109375
7 0.9703125 0.75234375 0.00625 0.02109375
6 0.75859375 0.7796875 0.06953125 0.02109375
7 0.7984375 0.7796875 0.0046875 0.02109375
6 0.83203125 0.7796875 0.05625 0.02109375
7 0.865625 0.7796875 0.0046875 0.02109375
6 0.9125 0.7796875 0.08203125 0.02109375
7 0.959375 0.7796875 0.00625 0.02109375
6 0.74375 0.80703125 0.040625 0.02109375
7 0.7703125 0.80703125 0.0046875 0.02109375
6 0.81640625 0.80703125 0.0796875 0.02109375
7 0.8609375 0.80703125 0.00625 0.02109375
6 0.89921875 0.80703125 0.06640625 0.02109375
7 0.93828125 0.80703125 0.0046875 0.02109375
6 0.7671875 0.834375 0.0875 0.02109375
6 0.7484375 0.90859375 0.0484375 0.02109375
6 0.8453125 0.90859375 0.04609375 0.02109375
7 0.871875 0.90859375 0.0078125 0.02109375
6 0.9078125 0.90859375 0.065625 0.02109375
7 0.9421875 0.90859375 0.0078125 0.02109375
6 0.9609375 0.90859375 0.03125 0.02109375
6 0.7328125 0.9546875 0.01875 0.02109375
7 0.7484375 0.9546875 0.00625 0.02109375
6 0.77265625 0.9546875 0.0390625 0.02109375
7 0.79765625 0.9546875 0.0046875 0.02109375
6 0.81640625 0.9546875 0.02734375 0.02109375
7 0.8359375 0.9546875 0.00625 0.02109375
6 0.86796875 0.9546875 0.0546875 0.02109375
7 0.90078125 0.9546875 0.0046875 0.02109375
6 0.84765625 0.96796875 0.2484375 0.0484375
7 0.77265625 0.98203125 0.00625 0.02109375
6 0.82734375 0.98203125 0.10078125 0.02109375
7 0.884375 0.98203125 0.0046875 0.02109375
6 0.84375 0.98515625 0.240625 0.0296875
7 0.8421875 0.99921875 0.00625 0.0015625
6 0.884375 0.99921875 0.0765625 0.0015625
7 0.928125 0.99921875 0.0046875 0.0015625
2 0.090625 0.5078125 0.18125 0.984375
7 0.70703125 0.02109375 0.084375 0.02578125
6 0.7859375 0.025 0.0578125 0.01796875
6 0.8390625 0.025 0.034375 0.01796875
6 0.8984375 0.025 0.06640625 0.01796875
6 0.96171875 0.025 0.04609375 0.01796875
0 0.2109375 0.078125 0.0765625 0.05234375
0 0.2875 0.078125 0.078125 0.05234375
0 0.58984375 0.078125 0.0375 0.05234375
0 0.65 0.078125 0.0859375 0.05234375
0 0.73515625 0.078125 0.08515625 0.05234375
1 0.884375 0.08046875 0.2015625 0.03671875
1 0.971875 0.08046875 0.0234375 0.03359375
1 0.971875 0.08046875 0.0234375 0.03359375
4 0.0859375 0.10390625 0.15625 0.2078125
6 0.0546875 0.2515625 0.05625 0.01953125
6 0.0578125 0.2765625 0.0625 0.01953125
6 0.0703125 0.3015625 0.0875 0.01953125
6 0.05546875 0.3265625 0.0578125 0.01953125
6 0.08125 0.35078125 0.11015625 0.01953125
6 0.059375 0.37578125 0.065625 0.01953125
6 0.109375 0.37578125 0.03125 0.01953125
6 0.065625 0.4 0.07890625 0.01953125
6 0.065625 0.425 0.07890625 0.01953125
6 0.07734375 0.45 0.1015625 0.01953125
6 0.040625 0.475 0.028125 0.01953125
2 0.090625 0.51875 0.12890625 0.01953125
6 0.07109375 0.55 0.0546875 0.01953125
6 0.071875 0.575 0.05546875 0.01953125
6 0.06953125 0.6 0.05078125 0.01953125
6 0.07578125 0.62421875 0.06328125 0.01953125
6 0.07109375 0.64921875 0.0546875 0.01953125
6 0.0671875 0.6734375 0.04609375 0.01953125
6 0.071875 0.6984375 0.05546875 0.01953125
6 0.06953125 0.7234375 0.05078125 0.01953125
6 0.0703125 0.7484375 0.053125 0.01953125
6 0.0734375 0.77265625 0.05859375 0.01953125
6 0.07265625 0.79765625 0.0578125 0.01953125
6 0.075 0.821875 0.06171875 0.01953125
6 0.071875 0.846875 0.05546875 0.01953125
2 0.090625 0.89140625 0.12890625 0.01953125
6 0.06328125 0.92265625 0.0734375 0.01953125
6 0.0796875 0.946875 0.10625 0.01953125
6 0.084375 0.971875 0.115625 0.01953125