7 0.428125 0.940625 0.80078125 0.05859375
0 0.53515625 0.959375 0.1421875 0.040625
0 0.90390625 0.94375 0.1375 0.05234375
7 0.0984375 0.021875 0.165625 0.0234375
4 0.19921875 0.021875 0.01171875 0.015625
6 0.38515625 0.021875 0.09296875 0.01796875
6 0.478125 0.021875 0.03828125 0.01796875
6 0.57109375 0.021875 0.09375 0.01796875
6 0.671875 0.021875 0.053125 0.01796875
6 0.76484375 0.021875 0.07890625 0.01796875
6 0.85 0.021875 0.03515625 0.01796875
6 0.9390625 0.021875 0.08984375 0.01796875
4 0.03046875 0.07578125 0.01171875 0.015625
0 0.04921875 0.07578125 0.0671875 0.04140625
7 0.05546875 0.07578125 0.03828125 0.02890625
4 0.9609375 0.075 0.015625 0.021875
0 0.9609375 0.075 0.015625 0.021875
4 0.6578125 0.3671875 0.68359375 0.51796875
0 0.5 0.61484375 1 0.02578125
4 0.5 0.365625 1 0.5140625
2 0.2328125 0.22578125 0.38671875 0.2171875
6 0.178125 0.3015625 0.27734375 0.06640625
0 0.2328125 0.1859375 0.38671875 0.08203125
4 0.46171875 0.6546875 0.009375 0.0140625
4 0.4875 0.6546875 0.009375 0.0140625
4 0.5125 0.6546875 0.009375 0.0140625
4 0.53828125 0.6546875 0.009375 0.0140625
2 0.5 0.825 0.96875 0.053125
4 0.1671875 0.94609375 0.303125 0.1078125
4 0.5 0.94609375 0.303125 0.1078125
4 0.8328125 0.94609375 0.303125 0.1078125