7 0.275 0.95234375 0.453125 0.0484375
6 0.47734375 0.96640625 0.08984375 0.02109375
0 0.86796875 0.953125 0.1125 0.02109375
0 0.70625 0.95546875 0.096875 0.0234375
0 0.14609375 0.05390625 0.2 0.0875
7 0.30390625 0.05390625 0.07890625 0.025
0 0.30390625 0.05390625 0.0828125 0.053125
7 0.403125 0.05390625 0.084375 0.025
0 0.403125 0.05390625 0.0875 0.053125
7 0.496875 0.05390625 0.0671875 0.025
0 0.496875 0.05390625 0.07109375 0.053125
7 0.584375 0.05390625 0.071875 0.025
0 0.584375 0.05390625 0.0765625 0.053125
7 0.68515625 0.05390625 0.09453125 0.025
0 0.68515625 0.05390625 0.0984375 0.053125
0 0.82578125 0.01875 0.075 0.01953125
0 0.90859375 0.01875 0.090625 0.01953125
1 0.88125 0.05703125 0.146875 0.0390625
4 0.0265625 0.5140625 0.053125 0.028125
4 0.5 0.51484375 0.334375 0.02734375
4 0.8328125 0.51484375 0.334375 0.02734375
4 0.5 0.32265625 1 0.41171875
2 0.325 0.303125 0.5125 0.07421875
7 0.32265625 0.4171875 0.50859375 0.0875
7 0.14296875 0.4859375 0.14921875 0.025
0 0.32734375 0.4859375 0.51875 0.02734375
2 0.1875 0.6375 0.2828125 0.1421875
4 0.4359375 0.6 0.05 0.06640625
0 0.4359375 0.63359375 0.096875 0.134375
7 0.4359375 0.67265625 0.096875 0.05625
4 0.54375 0.6 0.05 0.06640625
0 0.54296875 0.62421875 0.0953125 0.115625
7 0.54296875 0.66328125 0.0953125 0.0375
4 0.65 0.6 0.05 0.06640625
0 0.65 0.63359375 0.0953125 0.134375
7 0.65 0.67265625 0.0953125 0.05625
4 0.75703125 0.6 0.05 0.06640625
0 0.75703125 0.63359375 0.096875 0.134375
7 0.75703125 0.67265625 0.096875 0.05625
4 0.86484375 0.6 0.05 0.06640625
0 0.86484375 0.62421875 0.096875 0.115625
7 0.86484375 0.66328125 0.096875 0.0375
7 0.1875 0.79375 0.2828125 0.10546875
7 0.1875 0.84296875 0.12890625 0.025
0 0.1875 0.84296875 0.26171875 0.053125
7 0.5 0.80625 0.2828125 0.13125
7 0.49921875 0.86875 0.20625 0.025
0 0.5 0.86875 0.26171875 0.053125
7 0.81171875 0.80625 0.284375 0.13125
7 0.81171875 0.86875 0.13203125 0.025
0 0.8125 0.86875 0.26171875 0.053125