4 0.0328125 0.078125 0.05078125 0.06796875
0 0.0328125 0.078125 0.05078125 0.07265625
7 0.1046875 0.078125 0.0375 0.03125
0 0.11484375 0.078125 0.0578125 0.03125
7 0.2171875 0.078125 0.11796875 0.03125
0 0.22734375 0.078125 0.1390625 0.03125
7 0.3296875 0.078125 0.0375 0.03125
0 0.340625 0.078125 0.0578125 0.03125
7 0.415625 0.078125 0.06328125 0.03125
0 0.42578125 0.078125 0.084375 0.03125
7 0.53515625 0.078125 0.10546875 0.03125
0 0.5453125 0.078125 0.12578125 0.03125
6 0.68671875 0.078125 0.0265625 0.03125
7 0.72734375 0.078125 0.025 0.03125
6 0.79453125 0.078125 0.0265625 0.03125
6 0.83515625 0.078125 0.025 0.03125
7 0.915625 0.078125 0.0765625 0.02890625
0 0.928125 0.078125 0.13125 0.07265625
2 0.36171875 0.1796875 0.36015625 0.03125
0 0.6921875 0.1796875 0.253125 0.0625
4 0.26484375 0.546875 0.4125 0.54921875
7 0.7203125 0.3234375 0.44140625 0.0328125
2 0.5421875 0.4015625 0.084375 0.084375
2 0.68828125 0.4015625 0.2109375 0.084375
2 0.571875 0.475 0.14375 0.084375
7 0.70625 0.55625 0.4125 0.0234375
6 0.55546875 0.5875 0.11015625 0.0234375
0 0.55546875 0.6734375 0.11015625 0.0640625
7 0.70546875 0.75390625 0.4109375 0.03125
7 0.74765625 0.76171875 0.27421875 0.015625
6 0.709375 0.76953125 0.41796875 0.03125
2 0.5 0.959375 0.921875 0.08046875