4 0.74609375 0.13203125 0.05859375 0.0640625
0 0.74609375 0.13671875 0.05859375 0.07265625
6 0.27109375 0.196875 0.06953125 0.03515625
7 0.35625 0.196875 0.10234375 0.03515625
7 0.42734375 0.196875 0.0421875 0.03515625
7 0.49921875 0.275 0.5265625 0.19140625
0 0.29296875 0.415625 0.11328125 0.03359375
0 0.403125 0.415625 0.09453125 0.03359375
7 0.22734375 0.646875 0.01171875 0.015625
7 0.2625 0.646875 0.059375 0.015625
6 0.33671875 0.646875 0.0453125 0.015625
6 0.4015625 0.646875 0.03828125 0.015625
6 0.4546875 0.646875 0.02265625 0.015625
6 0.5046875 0.646875 0.03125 0.015625
6 0.55234375 0.646875 0.01875 0.015625
6 0.596875 0.646875 0.0234375 0.015625
6 0.6421875 0.646875 0.0234375 0.015625
6 0.68828125 0.646875 0.02265625 0.015625
6 0.740625 0.646875 0.0359375 0.015625