4 0.0703125 0.05 0.0484375 0.06640625
0 0.09921875 0.05 0.10625 0.0796875
7 0.1234375 0.0453125 0.0578125 0.04921875
6 0.8640625 0.04921875 0.05625 0.0234375
6 0.9265625 0.04921875 0.0390625 0.0234375
2 0.265625 0.2515625 0.4390625 0.07421875
7 0.265625 0.35078125 0.4390625 0.0796875
0 0.265625 0.43671875 0.109375 0.053125
4 0.734375 0.3265625 0.4390625 0.3921875
1 0.440625 0.58515625 0.7890625 0.0640625
7 0.8875 0.58515625 0.075 0.0296875
0 0.89375 0.58515625 0.12109375 0.0640625
7 0.08828125 0.63125 0.08515625 0.0234375
0 0.23515625 0.63125 0.209375 0.0234375
2 0.1875 0.81953125 0.2828125 0.05078125
7 0.06796875 0.8703125 0.028125 0.02734375
7 0.18828125 0.90234375 0.26640625 0.0859375
2 0.49921875 0.81953125 0.284375 0.05078125
7 0.49921875 0.8859375 0.28046875 0.05625
7 0.59296875 0.9015625 0.028125 0.02734375
7 0.50078125 0.91796875 0.278125 0.0546875
2 0.81171875 0.81953125 0.284375 0.05078125
7 0.74765625 0.86953125 0.1046875 0.0234375
6 0.83359375 0.86953125 0.06953125 0.0234375
7 0.81171875 0.90078125 0.2765625 0.0859375