2 0.2828125 0.11328125 0.390625 0.04921875
2 0.72578125 0.484375 0.26875 0.484375
3 0.784375 0.47265625 0.384375 0.4296875
4 0.325 0.92421875 0.021875 0.15078125
0 0.34453125 0.8640625 0.059375 0.02734375
7 0.35546875 0.86328125 0.0375 0.01796875
4 0.434375 0.92421875 0.021875 0.15078125
0 0.45546875 0.8640625 0.06328125 0.02734375
7 0.4671875 0.86328125 0.0421875 0.01796875
4 0.54765625 0.92421875 0.021875 0.15078125
0 0.5578125 0.8640625 0.040625 0.02734375
7 0.56953125 0.86328125 0.01953125 0.01796875
4 0.6390625 0.92421875 0.021875 0.15078125
0 0.65703125 0.8640625 0.0578125 0.02734375
7 0.66796875 0.86328125 0.03515625 0.01796875
6 0.2328125 0.9078125 0.05390625 0.01796875
7 0.26484375 0.9078125 0.00390625 0.01796875
6 0.2921875 0.9078125 0.04375 0.01796875
7 0.3203125 0.9078125 0.00390625 0.01796875
6 0.35546875 0.9078125 0.05859375 0.01796875
7 0.390625 0.9078125 0.00390625 0.01796875
6 0.4203125 0.9078125 0.04765625 0.01796875
7 0.45 0.9078125 0.00390625 0.01796875
6 0.4796875 0.9078125 0.04765625 0.01796875
7 0.509375 0.9078125 0.00390625 0.01796875
6 0.55390625 0.9078125 0.0765625 0.01796875
7 0.5984375 0.9078125 0.00390625 0.01796875
6 0.628125 0.9078125 0.04765625 0.01796875
7 0.65859375 0.9078125 0.0046875 0.01796875
6 0.69296875 0.9078125 0.0578125 0.01796875
7 0.728125 0.9078125 0.00390625 0.01796875
7 0.7609375 0.9078125 0.053125 0.01796875
6 0.7921875 0.9046875 0.0125 0.01796875
7 0.5 0.9359375 0.9765625 0.02734375