2 0.1328125 0.0375 0.12890625 0.03671875
6 0.54609375 0.03671875 0.17890625 0.01796875
6 0.6921875 0.03671875 0.07734375 0.01796875
7 0.75625 0.03671875 0.015625 0.01796875
7 0.8109375 0.03671875 0.08515625 0.01796875
6 0.896875 0.03671875 0.0515625 0.01796875
6 0.9703125 0.03671875 0.05859375 0.01796875
4 0.5 0.3515625 1 0.703125
4 0.23359375 0.41875 0.13984375 0.0609375
0 0.23359375 0.41875 0.13984375 0.0609375
4 0.396875 0.41875 0.153125 0.0609375
0 0.396875 0.41875 0.153125 0.0609375
2 0.1765625 0.5828125 0.16796875 0.0296875
1 0.384375 0.58359375 0.2453125 0.06484375
1 0.6421875 0.58359375 0.27265625 0.06484375
1 0.8453125 0.58359375 0.1359375 0.06484375
1 0.946875 0.58359375 0.0703125 0.06484375
1 0.990625 0.58359375 0.01875 0.06484375
2 0.1484375 0.73046875 0.16015625 0.02890625
4 0.103125 0.8203125 0.06875 0.09140625
7 0.178125 0.8203125 0.040625 0.02890625
7 0.228125 0.82421875 0.04609375 0.01796875
7 0.2578125 0.82421875 0.0140625 0.01796875
4 0.371875 0.8203125 0.06875 0.09140625
7 0.45625 0.8203125 0.0609375 0.02890625
7 0.5140625 0.82421875 0.03984375 0.01796875
7 0.53984375 0.82421875 0.0125 0.01796875
4 0.640625 0.8203125 0.06875 0.09140625
7 0.71484375 0.8203125 0.040625 0.02890625
7 0.76171875 0.82421875 0.0390625 0.01796875
7 0.78828125 0.82421875 0.0140625 0.01796875
4 0.103125 0.93984375 0.06875 0.09140625
7 0.178125 0.93984375 0.040625 0.02890625
7 0.225 0.94375 0.0390625 0.01796875
7 0.25078125 0.94375 0.0140625 0.01796875
4 0.371875 0.93984375 0.06875 0.09140625
7 0.44609375 0.93984375 0.040625 0.02890625
7 0.49296875 0.94375 0.0390625 0.01796875
7 0.51953125 0.94375 0.0140625 0.01796875
4 0.640625 0.93984375 0.06875 0.09140625
7 0.71484375 0.93984375 0.040625 0.02890625
7 0.76171875 0.94375 0.0390625 0.01796875
7 0.78828125 0.94375 0.0140625 0.01796875
7 0.93984375 0.734375 0.02421875 0.03125
7 0.95859375 0.73828125 0.0125 0.01796875
7 0.94609375 0.759375 0.02421875 0.01953125
0 0.94609375 0.74453125 0.0375 0.05703125
7 0.99140625 0.734375 0.01640625 0.03125
7 0.99921875 0.759375 0.0015625 0.01953125
2 0.9640625 0.8546875 0.071875 0.025
7 0.98828125 0.9203125 0.0234375 0.015625
2 0.9640625 0.99453125 0.071875 0.01015625
0 0.9484375 0.94375 0.03515625 0.046875