7 0.5 0.0203125 0.0796875 0.040625
4 0.1390625 0.084375 0.19609375 0.0296875
6 0.775 0.08046875 0.04609375 0.02578125
7 0.8125 0.08125 0.0140625 0.025
6 0.8578125 0.08046875 0.05546875 0.02578125
7 0.95703125 0.0796875 0.0296875 0.025
0 0.94296875 0.08203125 0.0578125 0.02890625
6 0.1421875 0.146875 0.134375 0.02578125
7 0.5828125 0.146875 0.7453125 0.02578125
2 0.5 0.24296875 0.97265625 0.0453125
1 0.4734375 0.33671875 0.5828125 0.0765625
1 0.79296875 0.3359375 0.05078125 0.07578125
6 0.51171875 0.3984375 0.09375 0.0234375
7 0.5 0.47578125 0.97265625 0.0328125
4 0.5 0.39296875 1 0.40390625
2 0.50703125 0.6578125 0.9859375 0.0375
6 0.2375 0.74375 0.446875 0.02578125
6 0.2375 0.79296875 0.446875 0.02578125
6 0.2375 0.8421875 0.446875 0.02578125
6 0.2375 0.8921875 0.446875 0.02578125
6 0.2375 0.94140625 0.446875 0.02578125
6 0.2375 0.9890625 0.446875 0.021875
6 0.73828125 0.74375 0.446875 0.02578125
6 0.73828125 0.79296875 0.446875 0.02578125
6 0.73828125 0.8421875 0.446875 0.02578125
6 0.73828125 0.8921875 0.446875 0.02578125
6 0.73828125 0.94140625 0.446875 0.02578125
6 0.73828125 0.9890625 0.446875 0.021875
0 0.9125 0.92421875 0.1171875 0.04453125
7 0.4125 0.9359375 0.76640625 0.046875
6 0.415625 0.946875 0.10546875 0.025
7 0.4375 0.95859375 0.81640625 0.046875