4 0.0453125 0.0484375 0.04296875 0.05859375
0 0.0453125 0.0484375 0.06640625 0.084375
7 0.13515625 0.0484375 0.090625 0.0328125
0 0.1421875 0.0484375 0.1046875 0.084375
4 0.1890625 0.0640625 0.009375 0.0328125
7 0.2375 0.0484375 0.046875 0.0328125
0 0.24375 0.0484375 0.0609375 0.084375
4 0.26953125 0.0640625 0.009375 0.0328125
7 0.34296875 0.0484375 0.0984375 0.0328125
0 0.35 0.0484375 0.1125 0.084375
4 0.4015625 0.0640625 0.009375 0.0328125
7 0.4640625 0.0484375 0.0828125 0.02890625
1 0.67421875 0.04921875 0.29765625 0.0546875
4 0.884375 0.040625 0.0296875 0.040625
0 0.88359375 0.0484375 0.05859375 0.084375
4 0.9078125 0.05625 0.009375 0.03125
7 0.88359375 0.0703125 0.0375 0.0234375
4 0.95859375 0.0515625 0.028125 0.0375
0 0.95859375 0.0484375 0.0515625 0.084375
7 0.06328125 0.115625 0.0859375 0.02109375
0 0.1046875 0.128125 0.17109375 0.0453125
7 0.146875 0.115625 0.0796875 0.02109375
7 0.18828125 0.11640625 0.003125 0.009375
7 0.07890625 0.13671875 0.1171875 0.0234375
4 0.146875 0.14921875 0.009375 0.0328125
0 0.41328125 0.128125 0.1359375 0.0484375
0 0.525 0.128125 0.0875 0.0484375
0 0.6078125 0.128125 0.07734375 0.0484375
0 0.6890625 0.128125 0.0859375 0.0484375
0 0.7796875 0.128125 0.09375 0.0484375
0 0.85703125 0.128125 0.06171875 0.0484375
4 0.9015625 0.1265625 0.01484375 0.01953125
0 0.90390625 0.128125 0.03203125 0.0484375
4 0.93203125 0.1421875 0.0109375 0.0328125
7 0.959375 0.128125 0.0375 0.02734375
4 0.5 0.22109375 1 0.12265625
0 0.5 0.22109375 1 0.12265625
2 0.5 0.1984375 1 0.025
7 0.4625 0.2328125 0.68359375 0.0234375
7 0.8421875 0.2328125 0.07421875 0.0234375
4 0.5 0.58046875 1 0.55703125
0 0.5 0.58046875 1 0.55703125
7 0.5 0.67890625 0.19375 0.17578125
7 0.5 0.64453125 0.1328125 0.046875
7 0.49921875 0.7140625 0.18828125 0.0640625
4 0.17734375 0.95 0.2921875 0.1
0 0.17734375 0.9390625 0.3234375 0.12109375
2 0.1140625 0.95859375 0.1125 0.04140625
2 0.1 0.9859375 0.08515625 0.02734375
4 0.5 0.95 0.29296875 0.1
0 0.5 0.9390625 0.32421875 0.12109375
2 0.44296875 0.95859375 0.12578125 0.04140625
2 0.4140625 0.9859375 0.06875 0.02734375
4 0.82265625 0.95 0.2921875 0.1
0 0.82265625 0.9390625 0.3234375 0.12109375
2 0.7296875 0.95859375 0.053125 0.04140625
2 0.74765625 0.9859375 0.0890625 0.02734375