4 0.03046875 0.0328125 0.0234375 0.03125
4 0.0953125 0.0328125 0.0875 0.06484375
0 0.0953125 0.0328125 0.0875 0.06484375
4 0.18046875 0.03203125 0.02265625 0.0296875
0 0.20234375 0.0328125 0.0671875 0.03671875
7 0.21640625 0.03515625 0.03984375 0.0234375
7 0.18671875 0.0125 0.03515625 0.01953125
4 0.271875 0.03203125 0.02265625 0.0296875
0 0.29609375 0.0328125 0.07109375 0.03671875
7 0.31015625 0.03515625 0.04375 0.0234375
4 0.36796875 0.03203125 0.02265625 0.0296875
0 0.39296875 0.0328125 0.0734375 0.03671875
7 0.40703125 0.03515625 0.04609375 0.0234375
1 0.5171875 0.0328125 0.1265625 0.0390625
4 0.5640625 0.03125 0.0171875 0.0234375
7 0.85703125 0.0328125 0.05 0.02578125
4 0.9265625 0.0296875 0.02265625 0.0296875
0 0.94375 0.0328125 0.075 0.05703125
7 0.9546875 0.03671875 0.03515625 0.0234375
4 0.0359375 0.115625 0.0140625 0.01796875
0 0.05078125 0.115625 0.07421875 0.0546875
7 0.0578125 0.115625 0.0234375 0.01796875
4 0.125 0.115625 0.0140625 0.01796875
0 0.14921875 0.115625 0.09296875 0.0546875
7 0.15546875 0.115625 0.0421875 0.01796875
4 0.53671875 0.11484375 0.01484375 0.02109375
0 0.5921875 0.115625 0.1625 0.0546875
7 0.60078125 0.11484375 0.1078125 0.0234375
4 0.06953125 0.2296875 0.1125 0.0953125
2 0.3671875 0.2296875 0.44921875 0.0953125
0 0.3671875 0.19140625 0.44921875 0.02578125
7 0.1671875 0.21796875 0.05 0.0140625
0 0.1671875 0.21796875 0.05 0.0140625
6 0.2015625 0.21796875 0.01171875 0.0171875
0 0.2015625 0.2171875 0.01171875 0.015625
7 0.2140625 0.21796875 0.00859375 0.01953125
0 0.24140625 0.21796875 0.03984375 0.0140625
4 0.15 0.271875 0.0140625 0.01953125
0 0.1578125 0.271875 0.03125 0.03359375
7 0.165625 0.271875 0.01484375 0.015625
4 0.2109375 0.271875 0.015625 0.02109375
0 0.21953125 0.271875 0.0484375 0.03359375
7 0.22890625 0.271875 0.01484375 0.015625
4 0.271875 0.271875 0.0203125 0.02578125
0 0.2765625 0.271875 0.0453125 0.03359375
7 0.2875 0.271875 0.0078125 0.015625
4 0.328125 0.271875 0.015625 0.01953125
0 0.3328125 0.271875 0.040625 0.03359375
7 0.3421875 0.271875 0.0078125 0.015625
4 0.6625 0.271875 0.015625 0.02109375
0 0.6625 0.271875 0.03125 0.03359375
4 0.06953125 0.365625 0.1125 0.0953125
2 0.36875 0.365625 0.453125 0.0953125
0 0.36875 0.3265625 0.453125 0.02578125
7 0.1828125 0.353125 0.0796875 0.0140625
0 0.1828125 0.353125 0.0796875 0.0140625
6 0.23125 0.353125 0.01171875 0.0171875
0 0.23125 0.353125 0.01171875 0.015625
7 0.24453125 0.353125 0.00859375 0.01953125
0 0.26875 0.353125 0.0328125 0.0140625
4 0.15 0.40703125 0.0140625 0.01953125
0 0.1578125 0.4078125 0.03125 0.03359375
7 0.165625 0.4078125 0.01484375 0.015625
4 0.2109375 0.4078125 0.015625 0.02109375
0 0.2234375 0.4078125 0.05546875 0.03359375
7 0.2328125 0.4078125 0.021875 0.015625
4 0.278125 0.4078125 0.0203125 0.02578125
0 0.28203125 0.4078125 0.0453125 0.03359375
7 0.29296875 0.4078125 0.0078125 0.015625
4 0.334375 0.40703125 0.015625 0.01953125
0 0.3390625 0.4078125 0.040625 0.03359375
7 0.34765625 0.4078125 0.0078125 0.015625
4 0.6625 0.4078125 0.015625 0.02109375
0 0.6625 0.4078125 0.03125 0.03359375
4 0.06953125 0.50078125 0.1125 0.0953125
2 0.278125 0.50078125 0.2703125 0.0953125
0 0.278125 0.4625 0.2703125 0.02578125
7 0.1828125 0.4890625 0.0796875 0.0140625
0 0.1828125 0.4890625 0.0796875 0.0140625
6 0.23125 0.4890625 0.01171875 0.0171875
0 0.23125 0.48828125 0.01171875 0.015625
7 0.24453125 0.4890625 0.00859375 0.01953125
0 0.26875 0.4890625 0.0328125 0.0140625
4 0.15 0.5421875 0.0140625 0.01953125
0 0.1578125 0.54296875 0.03125 0.03359375
7 0.165625 0.54296875 0.01484375 0.015625
4 0.2109375 0.54296875 0.015625 0.02109375
0 0.21953125 0.54296875 0.0484375 0.03359375
7 0.22890625 0.54296875 0.01484375 0.015625
4 0.271875 0.54296875 0.0203125 0.02578125
0 0.2765625 0.54296875 0.0453125 0.03359375
7 0.2875 0.54296875 0.0078125 0.015625
4 0.328125 0.5421875 0.015625 0.01953125
0 0.3328125 0.54296875 0.040625 0.03359375
7 0.3421875 0.54296875 0.0078125 0.015625
4 0.6625 0.54296875 0.015625 0.02109375
0 0.6625 0.54296875 0.03125 0.03359375
4 0.06953125 0.6359375 0.1125 0.0953125
2 0.31796875 0.6359375 0.35078125 0.0953125
0 0.31796875 0.59765625 0.35078125 0.02578125
7 0.17890625 0.62421875 0.0734375 0.0140625
0 0.17890625 0.62421875 0.0734375 0.0140625
6 0.225 0.62421875 0.01171875 0.0171875
0 0.225 0.6234375 0.01171875 0.015625
7 0.2375 0.62421875 0.00859375 0.01953125
0 0.29375 0.62421875 0.096875 0.0140625
4 0.15 0.678125 0.0140625 0.01953125
0 0.1546875 0.678125 0.02421875 0.03359375
7 0.1625 0.678125 0.0078125 0.015625
4 0.20390625 0.678125 0.015625 0.02109375
0 0.2125 0.678125 0.0484375 0.03359375
7 0.221875 0.678125 0.01484375 0.015625
4 0.26484375 0.678125 0.0203125 0.02578125
0 0.26953125 0.678125 0.0453125 0.03359375
7 0.28046875 0.678125 0.0078125 0.015625
4 0.32109375 0.678125 0.015625 0.01953125
0 0.3265625 0.678125 0.040625 0.03359375
7 0.33515625 0.678125 0.0078125 0.015625
4 0.6625 0.678125 0.015625 0.02109375
0 0.6625 0.678125 0.03125 0.03359375
4 0.06953125 0.771875 0.1125 0.0953125
2 0.3859375 0.771875 0.4875 0.0953125
0 0.3859375 0.7328125 0.4875 0.02578125
7 0.1828125 0.759375 0.0796875 0.0140625
0 0.1828125 0.759375 0.0796875 0.0140625
6 0.23125 0.759375 0.01171875 0.0171875
0 0.23125 0.759375 0.01171875 0.015625
7 0.24453125 0.759375 0.00859375 0.01953125
0 0.29765625 0.759375 0.090625 0.0140625
4 0.15 0.81328125 0.0140625 0.01953125
0 0.1546875 0.8140625 0.02421875 0.03359375
7 0.1625 0.8140625 0.0078125 0.015625
4 0.20390625 0.8140625 0.015625 0.02109375
0 0.2125 0.8140625 0.0484375 0.03359375
7 0.221875 0.8140625 0.01484375 0.015625
4 0.26484375 0.8140625 0.0203125 0.02578125
0 0.26953125 0.8140625 0.0453125 0.03359375
7 0.28046875 0.8140625 0.0078125 0.015625
4 0.32109375 0.81328125 0.015625 0.01953125
0 0.3265625 0.8140625 0.040625 0.03359375
7 0.33515625 0.8140625 0.0078125 0.015625
4 0.6625 0.8140625 0.015625 0.02109375
0 0.6625 0.8140625 0.03125 0.03359375
4 0.06953125 0.90703125 0.1125 0.0953125
2 0.3171875 0.90703125 0.3484375 0.0953125
0 0.3171875 0.86875 0.3484375 0.02578125
7 0.1578125 0.8953125 0.03125 0.0140625
0 0.1578125 0.8953125 0.03125 0.0140625
6 0.1828125 0.8953125 0.01171875 0.0171875
0 0.1828125 0.89453125 0.01171875 0.015625
7 0.19609375 0.8953125 0.00859375 0.01953125
0 0.2390625 0.8953125 0.07109375 0.0140625
4 0.15 0.9484375 0.0140625 0.01953125
0 0.1546875 0.94921875 0.02421875 0.03359375
7 0.1625 0.94921875 0.0078125 0.015625
4 0.20390625 0.94921875 0.015625 0.02109375
0 0.209375 0.94921875 0.0421875 0.03359375
7 0.21875 0.94921875 0.0078125 0.015625
4 0.26484375 0.94921875 0.0203125 0.02578125
0 0.26953125 0.94921875 0.0453125 0.03359375
7 0.28046875 0.94921875 0.0078125 0.015625
4 0.32109375 0.9484375 0.015625 0.01953125
0 0.3265625 0.94921875 0.040625 0.03359375
7 0.33515625 0.94921875 0.0078125 0.015625
4 0.6625 0.94921875 0.015625 0.02109375
0 0.6625 0.94921875 0.03125 0.03359375
4 0.06875 0.996875 0.1125 0.00625
2 0.35546875 0.996875 0.4265625 0.00625
0 0.35625 0.9953125 0.4265625 0.009375
2 0.85078125 0.11484375 0.28203125 0.03125
7 0.7296875 0.1546875 0.0359375 0.0390625
7 0.81328125 0.1546875 0.059375 0.0390625
7 0.89609375 0.15546875 0.0359375 0.040625
7 0.96953125 0.1546875 0.040625 0.0390625
7 0.71640625 0.22578125 0.0125 0.03515625
0 0.85078125 0.22578125 0.28203125 0.0609375
4 0.775 0.22578125 0.0625 0.0609375
2 0.9046875 0.225 0.17578125 0.0453125
7 0.71640625 0.3015625 0.0125 0.03515625
0 0.85078125 0.3015625 0.28203125 0.0640625
4 0.775 0.3015625 0.0625 0.0609375
2 0.9046875 0.3 0.17578125 0.06640625
7 0.71640625 0.378125 0.0125 0.03515625
0 0.85078125 0.378125 0.28203125 0.0640625
4 0.775 0.378125 0.0625 0.0609375
2 0.9046875 0.3765625 0.17578125 0.06640625
7 0.71640625 0.4546875 0.0125 0.03515625
0 0.85078125 0.4546875 0.28203125 0.0640625
4 0.775 0.4546875 0.0625 0.0609375
2 0.9046875 0.45390625 0.17578125 0.06640625
7 0.71640625 0.53203125 0.0125 0.03515625
0 0.85078125 0.53203125 0.28203125 0.0640625
4 0.775 0.53203125 0.0625 0.0609375
2 0.9046875 0.53046875 0.17578125 0.06640625
2 0.85078125 0.62265625 0.28203125 0.03125
7 0.7296875 0.66328125 0.0359375 0.040625
7 0.81328125 0.6625 0.059375 0.0390625
7 0.89609375 0.6625 0.0359375 0.0390625
7 0.96953125 0.6625 0.040625 0.0390625
4 0.85078125 0.8515625 0.28203125 0.296875
0 0.85078125 0.8515625 0.28203125 0.296875