4 0.98046875 0.0609375 0.01953125 0.02890625
7 0.41953125 0.06484375 0.74140625 0.08828125
0 0.8734375 0.0640625 0.11640625 0.021875
6 0.5 0.5 1 1
3 0.5 0.084375 0.7109375 0.1171875
4 0.1828125 0.2640625 0.18046875 0.13125
0 0.1796875 0.27421875 0.16015625 0.13125
0 0.821875 0.2328125 0.08125 0.0484375
0 0.92890625 0.2328125 0.10234375 0.0484375
0 0.64140625 0.3078125 0.0640625 0.0640625
0 0.7171875 0.3078125 0.0859375 0.0640625
0 0.81171875 0.3078125 0.103125 0.0640625
0 0.896875 0.3078125 0.0671875 0.0640625
4 0.95546875 0.30546875 0.03046875 0.025
0 0.95546875 0.3078125 0.05 0.0640625
2 0.33984375 0.68359375 0.51953125 0.6328125
7 0.18046875 0.40390625 0.14140625 0.02109375
7 0.27890625 0.403125 0.04609375 0.025
2 0.3328125 0.5640625 0.465625 0.16640625
7 0.33984375 0.69375 0.48046875 0.06484375
4 0.3390625 0.87578125 0.51875 0.2484375
0 0.3390625 0.87578125 0.51875 0.2484375
4 0.6984375 0.409375 0.04375 0.0765625
2 0.78984375 0.384375 0.109375 0.02890625
7 0.85 0.42734375 0.228125 0.04921875
1 0.771875 0.49765625 0.1890625 0.05234375
0 0.9171875 0.49765625 0.09375 0.05234375
2 0.815625 0.5546875 0.2578125 0.03671875
1 0.6921875 0.5828125 0.01171875 0.0171875
7 0.7125 0.58203125 0.01875 0.01796875
1 0.7375 0.5828125 0.01171875 0.0171875
7 0.75546875 0.58203125 0.01484375 0.01796875
6 0.7140625 0.64609375 0.10859375 0.02109375
2 0.6953125 0.7328125 0.0703125 0.021875
0 0.8203125 0.796875 0.3203125 0.06796875
6 0.69453125 0.84921875 0.06953125 0.02109375
0 0.8203125 0.92421875 0.3203125 0.06796875
6 0.71875 0.9765625 0.1171875 0.02109375