3 0.5 0.071875 0.7109375 0.1171875
4 0.4625 0.13984375 0.075 0.01953125
0 0.4625 0.13984375 0.075 0.01953125
4 0.0484375 0.20859375 0.05859375 0.0390625
0 0.0484375 0.20859375 0.05859375 0.0390625
4 0.96875 0.20859375 0.0234375 0.02578125
4 0.0390625 0.29375 0.01953125 0.02734375
7 0.08203125 0.29140625 0.078125 0.03359375
2 0.196875 0.38671875 0.3359375 0.15859375
6 0.08828125 0.490625 0.11796875 0.02109375
7 0.15 0.490625 0.00625 0.02109375
6 0.2015625 0.490625 0.096875 0.02109375
4 0.22734375 0.665625 0.396875 0.30625
2 0.55625 0.3234375 0.2 0.103125
6 0.49921875 0.4 0.0859375 0.02109375
2 0.55390625 0.5171875 0.1953125 0.15234375
6 0.49140625 0.61875 0.07109375 0.02109375
2 0.53828125 0.68671875 0.1640625 0.053125
6 0.49921875 0.73828125 0.08671875 0.02109375
2 0.5515625 0.81875 0.190625 0.078125
6 0.49375 0.8828125 0.075 0.02109375
2 0.834375 0.2984375 0.29296875 0.03671875
0 0.834375 0.2984375 0.29296875 0.03671875
7 0.8234375 0.353125 0.271875 0.0625
7 0.7359375 0.421875 0.09765625 0.02578125
7 0.834375 0.4453125 0.29296875 0.02109375
0 0.75390625 0.50390625 0.1328125 0.0546875
2 0.34375 0.95234375 0.62890625 0.02734375
3 0.83359375 0.965625 0.2921875 0.06875