4 0.09375 0.14453125 0.15625 0.03359375
0 0.09375 0.14453125 0.15625 0.03671875
0 0.2265625 0.14453125 0.078125 0.0625
0 0.30546875 0.14453125 0.0796875 0.0625
0 0.38203125 0.14453125 0.071875 0.0625
0 0.46328125 0.14453125 0.090625 0.0625
0 0.53828125 0.14453125 0.059375 0.0625
0 0.5953125 0.14453125 0.0546875 0.0625
0 0.78984375 0.14453125 0.046875 0.0625
0 0.83671875 0.14453125 0.046875 0.0625
0 0.88359375 0.14453125 0.046875 0.0625
7 0.95390625 0.14609375 0.05 0.03125
0 0.95390625 0.14453125 0.07734375 0.046875
0 0.74296875 0.14453125 0.046875 0.0625
2 0.17109375 0.32734375 0.28046875 0.08984375
2 0.1546875 0.41875 0.246875 0.08984375
7 0.25234375 0.5296875 0.4421875 0.1109375
0 0.1203125 0.67265625 0.17890625 0.084375
7 0.15703125 0.76484375 0.2515625 0.0296875
4 0.74765625 0.5328125 0.4421875 0.5546875
2 0.74765625 0.990625 0.4421875 0.01796875
7 0.3359375 0.9515625 0.609375 0.04921875
0 0.75 0.9515625 0.165625 0.0546875
0 0.9078125 0.9515625 0.121875 0.0546875
0 0.98046875 0.05625 0.01953125 0.02734375
3 0.5 0.05625 1 0.1125