4 0.11484375 0.040625 0.1453125 0.0328125
7 0.315625 0.04375 0.23046875 0.0171875
0 0.11484375 0.03828125 0.1453125 0.04296875
7 0.915625 0.03984375 0.053125 0.0796875
7 0.815625 0.03828125 0.0578125 0.021875
4 0.85390625 0.03828125 0.00859375 0.01171875
6 0.7515625 0.03828125 0.02421875 0.025
0 0.7515625 0.0390625 0.02421875 0.03125
4 0.6515625 0.0390625 0.0234375 0.03125
4 0.684375 0.0390625 0.0234375 0.03125
4 0.71796875 0.0390625 0.0234375 0.03125
7 0.55625 0.0390625 0.04765625 0.03671875
4 0.6 0.03984375 0.01953125 0.01953125
4 0.615625 0.03984375 0.00703125 0.009375
0 0.121875 0.1078125 0.08671875 0.05703125
0 0.21015625 0.1078125 0.08984375 0.05703125
0 0.2984375 0.1078125 0.08671875 0.05703125
0 0.3703125 0.1078125 0.0578125 0.05703125
0 0.44453125 0.1078125 0.090625 0.05703125
0 0.53828125 0.1078125 0.096875 0.05703125
0 0.6234375 0.1078125 0.071875 0.05703125
7 0.69609375 0.1078125 0.04296875 0.02890625
0 0.9390625 0.1078125 0.06875 0.05703125
3 0.5 0.32578125 0.946875 0.32578125
7 0.09921875 0.553125 0.07890625 0.05234375
0 0.1859375 0.553125 0.09375 0.05234375
0 0.26015625 0.553125 0.0515625 0.05234375
0 0.35234375 0.553125 0.12890625 0.05234375
0 0.459375 0.553125 0.0796875 0.05234375
0 0.55625 0.553125 0.1109375 0.05234375
0 0.66875 0.553125 0.10859375 0.05234375
0 0.7765625 0.553125 0.103125 0.05234375
0 0.8578125 0.553125 0.05546875 0.05234375
7 0.40859375 0.6171875 0.71796875 0.0234375
6 0.8015625 0.6171875 0.0671875 0.0234375
2 0.7640625 0.69296875 0.1046875 0.02890625
2 0.80546875 0.80859375 0.290625 0.13515625
0 0.80546875 0.80859375 0.290625 0.15625
2 0.80546875 0.9453125 0.290625 0.09375
0 0.80546875 0.94375 0.290625 0.11171875
4 0.34765625 0.82734375 0.5953125 0.3453125
0 0.34765625 0.82734375 0.5953125 0.3453125
0 0.0875 0.678125 0.075 0.0453125
4 0.96953125 0.84921875 0.03125 0.04140625