4 0.046875 0.03515625 0.09375 0.0703125
0 0.15703125 0.03515625 0.3140625 0.0703125
4 0.19609375 0.03828125 0.2046875 0.0296875
0 0.4203125 0.03515625 0.08515625 0.0703125
0 0.51484375 0.03515625 0.10625 0.0703125
0 0.61171875 0.03515625 0.0890625 0.0703125
0 0.71796875 0.03515625 0.125 0.0703125
0 0.81953125 0.03515625 0.08125 0.0703125
0 0.9 0.03515625 0.0796875 0.0703125
4 0.9703125 0.03515625 0.02734375 0.03671875
0 0.9703125 0.03515625 0.05859375 0.0703125
4 0.125 0.18125 0.25 0.22109375
4 0.875 0.3265625 0.25 0.1546875
4 0.20390625 0.2203125 0.29375 0.1953125
7 0.20390625 0.3375 0.1640625 0.0390625
7 0.6765625 0.1703125 0.51640625 0.071875
6 0.6296875 0.1890625 0.2359375 0.0328125
7 0.67890625 0.209375 0.521875 0.071875
0 0.48125 0.31875 0.1265625 0.06015625
4 0.5 0.7015625 1 0.59609375
4 0.5 0.7015625 1 0.59609375
2 0.50078125 0.56640625 0.346875 0.06484375
2 0.5 0.63671875 0.946875 0.0390625
4 0.5 0.6875 0.08203125 0.00546875
2 0.50078125 0.73359375 0.1671875 0.0328125
7 0.11015625 0.82890625 0.08515625 0.02734375
7 0.23515625 0.82890625 0.0578125 0.02734375
7 0.34296875 0.82890625 0.05 0.02734375
7 0.45390625 0.82890625 0.06328125 0.02734375
7 0.5875 0.82890625 0.096875 0.02734375
7 0.7265625 0.82890625 0.07421875 0.02734375
7 0.8671875 0.82890625 0.1 0.02734375
7 0.14765625 0.9046875 0.046875 0.02734375
7 0.24921875 0.9046875 0.0484375 0.02734375
7 0.38828125 0.9046875 0.121875 0.02734375
7 0.540625 0.9046875 0.075 0.02734375
7 0.6890625 0.9046875 0.1125 0.02734375
7 0.8296875 0.9046875 0.0625 0.02734375
7 0.1703125 0.98125 0.1359375 0.02734375
7 0.35078125 0.98125 0.11640625 0.02734375
7 0.496875 0.98125 0.0671875 0.02734375
7 0.6109375 0.98125 0.0546875 0.02734375
7 0.7203125 0.98125 0.0546875 0.02734375
7 0.84453125 0.98125 0.0828125 0.02734375
4 0.834375 0.9765625 0.0203125 0.02578125
0 0.8984375 0.9734375 0.171875 0.053125
7 0.85078125 0.975 0.00703125 0.0234375
7 0.871875 0.975 0.0359375 0.021875
7 0.93046875 0.975 0.084375 0.021875