3 0.5 0.06875 0.7109375 0.1171875
0 0.1171875 0.40390625 0.140625 0.03125
2 0.1125 0.6734375 0.0125 0.0171875
2 0.1671875 0.67578125 0.0859375 0.02890625
2 0.37890625 0.7828125 0.55625 0.13046875
0 0.38125 0.7828125 0.56171875 0.146875
7 0.50859375 0.91171875 0.815625 0.02890625
7 0.109375 0.9515625 0.0171875 0.0234375
0 0.1578125 0.9515625 0.115625 0.0234375
7 0.16875 0.9515625 0.09453125 0.0234375
4 0.5 0.6171875 1 0.52109375
3 0.50859375 0.98828125 0.815625 0.0234375
7 0.13984375 0.153125 0.18671875 0.02734375
4 0.1859375 0.20859375 0.278125 0.0625
0 0.19765625 0.21875 0.3015625 0.10390625
2 0.609375 0.15703125 0.17578125 0.0140625
7 0.609375 0.2015625 0.17578125 0.0625
4 0.48515625 0.1890625 0.059375 0.078125
2 0.85859375 0.15703125 0.16328125 0.0140625
7 0.865625 0.19140625 0.17578125 0.04140625
4 0.74140625 0.1890625 0.05859375 0.078125
7 0.096875 0.3125 0.08515625 0.02109375
0 0.096875 0.3125 0.10078125 0.08359375
7 0.175 0.3125 0.03984375 0.02109375
0 0.175 0.3125 0.05546875 0.08359375
7 0.2359375 0.3125 0.05078125 0.02109375
0 0.2359375 0.3125 0.06640625 0.08359375
7 0.296875 0.3125 0.0390625 0.02109375
0 0.296875 0.3125 0.0546875 0.08359375
7 0.3640625 0.3125 0.06328125 0.02109375
0 0.3640625 0.3125 0.07890625 0.08359375
7 0.434375 0.3125 0.046875 0.02109375
0 0.434375 0.3125 0.0625 0.08359375
7 0.5015625 0.3125 0.05546875 0.02109375
0 0.5015625 0.3125 0.07109375 0.08359375
7 0.56171875 0.3125 0.034375 0.02109375
0 0.56171875 0.3125 0.05 0.08359375
7 0.6078125 0.3125 0.0265625 0.02109375
0 0.6078125 0.3125 0.0421875 0.08359375
7 0.6546875 0.3125 0.03515625 0.02109375
0 0.6546875 0.3125 0.05078125 0.08359375
7 0.709375 0.3125 0.04375 0.02109375
0 0.709375 0.3125 0.059375 0.08359375
7 0.77265625 0.3125 0.0515625 0.02109375
0 0.7921875 0.3125 0.10625 0.08359375
4 0.6765625 0.3125 0.01171875 0.02109375
0 0.6765625 0.3125 0.04375 0.08359375
7 0.76640625 0.30234375 0.10546875 0.02109375
0 0.76640625 0.3125 0.13671875 0.08359375
7 0.76640625 0.32578125 0.10546875 0.015625
6 0.871875 0.3125 0.04296875 0.08359375
7 0.5 0.61875 0.7015625 0.046875
7 0.49765625 0.696875 0.69609375 0.08359375
7 0.27890625 0.790625 0.25859375 0.02109375
6 0.46171875 0.790625 0.10859375 0.02109375
7 0.63125 0.790625 0.2328125 0.02109375
6 0.47578125 0.80625 0.65234375 0.05234375
7 0.19609375 0.821875 0.0046875 0.02109375
0 0.1984375 0.92890625 0.0984375 0.0640625
0 0.29609375 0.92890625 0.0984375 0.0640625
0 0.44609375 0.98203125 0.10234375 0.02578125
0 0.55625 0.98203125 0.09765625 0.02578125