4 0.24296875 0.07109375 0.10078125 0.14140625
7 0.60703125 0.1515625 0.425 0.0390625
4 0.50078125 0.35234375 0.60703125 0.3046875
4 0.64453125 0.35390625 0.29140625 0.2609375
2 0.31015625 0.2796875 0.2171875 0.1203125
2 0.2703125 0.58046875 0.08046875 0.0328125
2 0.42109375 0.578125 0.071875 0.0296875
2 0.58828125 0.58125 0.08828125 0.03203125
2 0.70703125 0.57890625 0.0703125 0.03359375
2 0.334375 0.8140625 0.2921875 0.04765625
2 0.69296875 0.8140625 0.11953125 0.03828125
7 0.2484375 0.8546875 0.11953125 0.0328125
7 0.37578125 0.9109375 0.37265625 0.04140625
7 0.3828125 0.97890625 0.3875 0.0421875
7 0.6953125 0.8484375 0.12109375 0.0265625
7 0.74140625 0.93046875 0.11015625 0.0859375
4 0.659375 0.92734375 0.0453125 0.0734375
4 0.2109375 0.58203125 0.03359375 0.05546875
4 0.365625 0.58125 0.028125 0.05234375
4 0.52421875 0.5859375 0.0234375 0.0484375
4 0.65234375 0.584375 0.03046875 0.05078125
7 0.2546875 0.68046875 0.1234375 0.1109375
7 0.41328125 0.67265625 0.12109375 0.090625
7 0.5703125 0.68515625 0.121875 0.11953125
7 0.69921875 0.68046875 0.12890625 0.11015625
0 0.4390625 0.04453125 0.07109375 0.04765625
0 0.52109375 0.04140625 0.06484375 0.0453125
0 0.60703125 0.03984375 0.059375 0.04453125
0 0.69140625 0.0421875 0.053125 0.04609375
0 0.77578125 0.04375 0.06171875 0.04921875