4 0.5 0.321875 1 0.45546875
4 0.115625 0.046875 0.2 0.046875
0 0.115625 0.046875 0.2 0.046875
7 0.59921875 0.046875 0.0265625 0.01796875
0 0.6078125 0.046875 0.04375 0.05234375
4 0.62109375 0.046875 0.0171875 0.0234375
0 0.6875 0.046875 0.0796875 0.05234375
6 0.78125 0.046875 0.0765625 0.02578125
6 0.8640625 0.046875 0.0578125 0.02578125
0 0.94609375 0.046875 0.0765625 0.04140625
2 0.5 0.26953125 0.921875 0.0703125
4 0.2734375 0.36953125 0.0296875 0.0390625
1 0.5 0.36953125 0.4984375 0.078125
2 0.1515625 0.61484375 0.2453125 0.0390625
2 0.51484375 0.6578125 0.9703125 0.03359375
4 0.22734375 0.72890625 0.028125 0.03671875
6 0.14296875 0.82578125 0.1828125 0.0546875
0 0.13984375 0.85 0.221875 0.29921875
7 0.225 0.890625 0.0421875 0.02890625
4 0.13984375 0.7984375 0.221875 0.196875
4 0.13984375 0.7984375 0.221875 0.196875
2 0.13984375 0.9203125 0.221875 0.021875
2 0.1390625 0.965625 0.221875 0.06875
4 0.4671875 0.72890625 0.028125 0.03671875
4 0.38046875 0.7984375 0.221875 0.196875
0 0.38046875 0.85 0.221875 0.29921875
4 0.38046875 0.7984375 0.221875 0.196875
2 0.38046875 0.9203125 0.221875 0.021875
2 0.38046875 0.95625 0.221875 0.0484375
4 0.7078125 0.72890625 0.028125 0.03671875
4 0.6203125 0.7984375 0.221875 0.196875
0 0.6203125 0.85 0.221875 0.29921875
4 0.6203125 0.7984375 0.221875 0.196875
2 0.6203125 0.9203125 0.221875 0.021875
2 0.6203125 0.95625 0.221875 0.0484375
4 0.94765625 0.72890625 0.028125 0.03671875
4 0.8609375 0.7984375 0.221875 0.196875
0 0.8609375 0.85 0.221875 0.29921875
4 0.8609375 0.7984375 0.221875 0.196875
2 0.8609375 0.9203125 0.221875 0.021875
2 0.8609375 0.965625 0.221875 0.06875
4 0.9953125 0.7984375 0.009375 0.196875
0 0.9953125 0.85 0.009375 0.29921875
4 0.9953125 0.7984375 0.009375 0.196875
2 0.9953125 0.9203125 0.009375 0.021875
2 0.9953125 0.95625 0.009375 0.0484375
4 0.9796875 0.8015625 0.03984375 0.053125
0 0.9796875 0.803125 0.03984375 0.05703125
4 0.9421875 0.76015625 0.0234375 0.03125
2 0.421875 0.82265625 0.72265625 0.04453125
7 0.421875 0.896875 0.72265625 0.08984375
0 0.86640625 0.9203125 0.165625 0.04140625