3 0.5 0.95078125 1 0.0984375
4 0.03125 0.04140625 0.05078125 0.08046875
4 0.5 0.04296875 0.2046875 0.08359375
0 0.5 0.0421875 0.2046875 0.084375
0 0.959375 0.040625 0.05859375 0.03515625
4 0.2578125 0.2859375 0.484375 0.36328125
0 0.2578125 0.2859375 0.484375 0.36328125
2 0.7421875 0.203125 0.453125 0.15625
0 0.7421875 0.22578125 0.453125 0.2015625
7 0.6109375 0.3140625 0.1921875 0.0390625
2 0.5609375 0.35625 0.08984375 0.0171875
0 0.5609375 0.35625 0.08984375 0.0171875
2 0.17890625 0.5640625 0.2796875 0.07421875
0 0.1796875 0.56484375 0.28125 0.07265625
7 0.10546875 0.6234375 0.134375 0.03359375
2 0.0859375 0.65546875 0.09375 0.0171875
0 0.0859375 0.65546875 0.09375 0.0171875
4 0.40703125 0.59375 0.1265625 0.16953125
0 0.40703125 0.59375 0.1265625 0.16953125
2 0.65546875 0.5640625 0.253125 0.07421875
0 0.6703125 0.56484375 0.28125 0.07265625
7 0.58828125 0.6234375 0.1203125 0.03359375
2 0.58671875 0.65546875 0.1140625 0.0171875
0 0.58671875 0.65546875 0.1140625 0.0171875
4 0.89765625 0.59375 0.1265625 0.16953125
0 0.89765625 0.59375 0.1265625 0.16953125
2 0.15625 0.790625 0.234375 0.07421875
0 0.1796875 0.79140625 0.28125 0.07265625
7 0.07109375 0.85 0.065625 0.02890625
2 0.08515625 0.88203125 0.09296875 0.0171875
0 0.08515625 0.88203125 0.09296875 0.0171875
4 0.40703125 0.8203125 0.1265625 0.16953125
0 0.40703125 0.8203125 0.1265625 0.16953125
2 0.6546875 0.790625 0.25078125 0.07421875
0 0.6703125 0.79140625 0.28125 0.07265625
7 0.56171875 0.85 0.06640625 0.02890625
2 0.56875 0.88203125 0.07890625 0.0171875
0 0.56875 0.88203125 0.07890625 0.0171875
4 0.89765625 0.8203125 0.1265625 0.16953125
0 0.89765625 0.8203125 0.1265625 0.16953125
2 0.17734375 0.98984375 0.2765625 0.0203125
0 0.1796875 0.990625 0.28125 0.01796875
4 0.40703125 0.98125 0.1265625 0.0375
0 0.40703125 0.98125 0.1265625 0.0375
2 0.6515625 0.98828125 0.2453125 0.0234375
0 0.6703125 0.9890625 0.28125 0.021875
4 0.89765625 0.98125 0.1265625 0.0375
0 0.89765625 0.98125 0.1265625 0.0375