0 0.5 0.003125 1 0.00625
4 0.04453125 0.05 0.0890625 0.1
0 0.13515625 0.05 0.04765625 0.0328125
0 0.2140625 0.05 0.0515625 0.0328125
0 0.30390625 0.05 0.06875 0.0328125
0 0.396875 0.05 0.05859375 0.0328125
0 0.475 0.05 0.0390625 0.0328125
0 0.5609375 0.05 0.1046875 0.1
0 0.678125 0.04921875 0.10078125 0.06484375
0 0.82109375 0.04921875 0.1265625 0.06484375
1 0.84453125 0.0515625 0.05625 0.0609375
1 0.95625 0.04921875 0.01640625 0.0234375
2 0.0546875 0.11953125 0.0703125 0.03125
6 0.15859375 0.11875 0.09453125 0.021875
6 0.278125 0.11875 0.1015625 0.021875
6 0.40390625 0.11875 0.1046875 0.021875
6 0.5109375 0.11875 0.0640625 0.021875
3 0.5 0.31640625 0.946875 0.32578125
4 0.12421875 0.63203125 0.21015625 0.2796875
0 0.12421875 0.63203125 0.21015625 0.2796875
4 0.61484375 0.7265625 0.73125 0.46875
2 0.61484375 0.8625 0.66328125 0.13125
7 0.61484375 0.9734375 0.73125 0.02734375