4 0.334375 0.4984375 0.64921875 0.709375
4 0.83046875 0.31875 0.32265625 0.3515625
4 0.83046875 0.68046875 0.3234375 0.3453125
7 0.33125 0.6953125 0.6296875 0.28828125
7 0.828125 0.75078125 0.2828125 0.18203125
7 0.82109375 0.36953125 0.284375 0.209375
7 0.3125 0.12421875 0.58671875 0.03125
6 0.56015625 0.1265625 0.0875 0.02265625
7 0.559375 0.17734375 0.175 0.025
0 0.0421875 0.0734375 0.0640625 0.0390625
0 0.1265625 0.07421875 0.0875 0.04375
0 0.21484375 0.07421875 0.075 0.0390625
0 0.29296875 0.07421875 0.06875 0.0359375
0 0.40703125 0.07421875 0.14921875 0.040625
0 0.9578125 0.02265625 0.059375 0.040625
0 0.9046875 0.02421875 0.03828125 0.0359375
0 0.84921875 0.02421875 0.06796875 0.03984375
0 0.78828125 0.02265625 0.046875 0.03671875
0 0.36875 0.02265625 0.12890625 0.03671875
0 0.2734375 0.0171875 0.05625 0.034375
0 0.221875 0.01875 0.04375 0.03359375
0 0.16015625 0.021875 0.0828125 0.03515625
0 0.0890625 0.02109375 0.06015625 0.03359375
0 0.03359375 0.02109375 0.05078125 0.0375
0 0.9765625 0.07421875 0.0390625 0.05234375
4 0.975 0.07421875 0.01640625 0.03125