4 0.10234375 0.06875 0.1859375 0.1375
0 0.1125 0.0734375 0.1859375 0.146875
4 0.86015625 0.0734375 0.015625 0.021875
4 0.89140625 0.0734375 0.015625 0.021875
4 0.921875 0.0734375 0.015625 0.021875
0 0.28203125 0.0734375 0.0515625 0.11875
0 0.33515625 0.0734375 0.0546875 0.11875
0 0.4390625 0.0734375 0.1546875 0.11875
0 0.56953125 0.0734375 0.10546875 0.11875
0 0.67265625 0.0734375 0.1015625 0.11875
7 0.759375 0.0734375 0.04765625 0.02734375
0 0.76875 0.0734375 0.08984375 0.11875
4 0.79453125 0.0734375 0.01484375 0.0140625
4 0.1921875 0.3140625 0.334375 0.33359375
0 0.1921875 0.3140625 0.334375 0.33359375
7 0.065625 0.51171875 0.05 0.0234375
2 0.1875 0.61640625 0.29296875 0.178125
7 0.1921875 0.75546875 0.303125 0.09140625
7 0.0515625 0.82734375 0.0203125 0.025
7 0.11640625 0.82734375 0.08125 0.025
4 0.52421875 0.31953125 0.30078125 0.30078125
0 0.52421875 0.31953125 0.30078125 0.30078125
7 0.721875 0.18046875 0.065625 0.021875
2 0.8109375 0.2421875 0.24296875 0.08828125
7 0.82421875 0.3546875 0.26953125 0.1234375
7 0.7 0.44375 0.0203125 0.0234375
7 0.7671875 0.44375 0.08515625 0.0234375
7 0.40703125 0.5234375 0.065625 0.0234375
2 0.5046875 0.553125 0.26171875 0.02578125
7 0.38359375 0.59140625 0.01953125 0.0234375
7 0.45625 0.59140625 0.0984375 0.0234375
7 0.3953125 0.65625 0.04296875 0.0234375
2 0.5015625 0.696875 0.25625 0.0484375
7 0.38359375 0.74765625 0.01953125 0.0234375
7 0.4390625 0.74765625 0.06328125 0.0234375
7 0.3875 0.8125 0.02734375 0.0234375
2 0.51484375 0.86484375 0.28203125 0.0703125
7 0.38359375 0.92421875 0.01953125 0.0234375
7 0.44140625 0.92421875 0.06875 0.0234375
7 0.496875 0.9890625 0.24609375 0.021875
7 0.71015625 0.5234375 0.0421875 0.0234375
2 0.815625 0.5640625 0.253125 0.0484375
7 0.6984375 0.61328125 0.01875 0.0234375
7 0.7625 0.61328125 0.07890625 0.0234375
7 0.721875 0.678125 0.065625 0.0234375
2 0.81875 0.71953125 0.25859375 0.0484375
7 0.6984375 0.76953125 0.01875 0.0234375
7 0.771875 0.76953125 0.0984375 0.0234375
7 0.709375 0.834375 0.0390625 0.0234375
2 0.825 0.87578125 0.271875 0.0484375
7 0.6984375 0.92421875 0.01875 0.0234375
7 0.7671875 0.92421875 0.08984375 0.0234375
7 0.69765625 0.9890625 0.01640625 0.021875