0 0.41640625 0.14296875 0.75078125 0.02109375
6 0.86484375 0.14453125 0.08515625 0.02109375
0 0.86484375 0.14296875 0.12578125 0.04453125
7 0.09921875 0.25 0.10625 0.02578125
7 0.09921875 0.271875 0.10625 0.01953125
4 0.5 0.259375 0.609375 0.06484375
0 0.5 0.259375 0.609375 0.06484375
7 0.04609375 0.37265625 0.04296875 0.02578125
0 0.04609375 0.37265625 0.04296875 0.046875
7 0.13671875 0.37265625 0.05859375 0.02578125
0 0.13671875 0.37265625 0.05859375 0.046875
7 0.2359375 0.37265625 0.059375 0.02578125
0 0.2359375 0.37265625 0.059375 0.046875
7 0.3296875 0.37265625 0.0484375 0.02578125
0 0.3296875 0.37265625 0.0484375 0.046875
7 0.42421875 0.37265625 0.059375 0.02578125
0 0.42421875 0.37265625 0.059375 0.046875
7 0.50703125 0.37265625 0.025 0.02578125
0 0.50703125 0.37265625 0.025 0.046875
7 0.5859375 0.37265625 0.053125 0.02578125
0 0.5859375 0.37265625 0.053125 0.046875
7 0.71015625 0.37265625 0.11640625 0.02578125
0 0.71015625 0.37265625 0.11640625 0.046875
7 0.840625 0.37265625 0.0640625 0.02578125
0 0.840625 0.37265625 0.0640625 0.046875
7 0.94921875 0.37265625 0.071875 0.02578125
0 0.94921875 0.37265625 0.071875 0.046875
2 0.13203125 0.446875 0.18359375 0.01953125
2 0.23515625 0.446875 0.0234375 0.01953125
0 0.13203125 0.446875 0.18359375 0.01953125
4 0.5 0.74453125 0.9203125 0.51015625
0 0.5 0.734375 0.9203125 0.53125