4 0.025 0.04140625 0.015625 0.02109375
0 0.025 0.04140625 0.015625 0.02109375
4 0.13125 0.04140625 0.16015625 0.02890625
0 0.121875 0.04140625 0.178125 0.02890625
1 0.73359375 0.04140625 0.165625 0.02578125
4 0.81171875 0.04140625 0.00859375 0.0078125
4 0.84765625 0.04140625 0.015625 0.02109375
0 0.84765625 0.04140625 0.015625 0.02109375
0 0.928125 0.04140625 0.09765625 0.046875
2 0.5 0.19140625 0.9375 0.06796875
7 0.5 0.24375 0.9375 0.02578125
4 0.7390625 0.6015625 0.46015625 0.54453125
0 0.7390625 0.6015625 0.46015625 0.54453125
7 0.22109375 0.43984375 0.3796875 0.02109375
2 0.22109375 0.53125 0.3796875 0.140625
0 0.22109375 0.60703125 0.3796875 0.29140625
6 0.22109375 0.68984375 0.3796875 0.125
2 0.2609375 0.99921875 0.459375 0.0015625
4 0.04296875 0.96171875 0.0234375 0.0296875
7 0.14140625 0.9625 0.153125 0.0328125
7 0.3484375 0.9625 0.25625 0.0328125
0 0.840625 0.9609375 0.09765625 0.046875
0 0.9359375 0.9609375 0.065625 0.046875