4 0.03125 0.06875 0.025 0.02734375
0 0.0359375 0.06875 0.03515625 0.03125
4 0.1703125 0.07578125 0.215625 0.05703125
0 0.1703125 0.07578125 0.215625 0.05703125
4 0.40390625 0.06875 0.19453125 0.053125
1 0.8265625 0.06875 0.19921875 0.05234375
0 0.953125 0.06875 0.05625 0.05234375
0 0.28046875 0.27578125 0.4078125 0.02890625
0 0.10390625 0.321875 0.05546875 0.05078125
0 0.0953125 0.37265625 0.03828125 0.05234375
0 0.13125 0.42265625 0.109375 0.05078125
0 0.14140625 0.471875 0.13125 0.05078125
0 0.13984375 0.521875 0.128125 0.05078125
0 0.71953125 0.27578125 0.4078125 0.02890625
0 0.57890625 0.321875 0.12578125 0.05078125
0 0.55546875 0.37265625 0.0796875 0.05234375
0 0.55234375 0.42265625 0.0734375 0.05078125
0 0.540625 0.471875 0.05078125 0.05078125
0 0.5546875 0.521875 0.078125 0.05078125
0 0.55546875 0.57109375 0.07890625 0.05078125
0 0.5375 0.62109375 0.04296875 0.05234375
0 0.28046875 0.753125 0.4078125 0.0296875
0 0.17890625 0.79921875 0.20625 0.05234375
0 0.10390625 0.85 0.05546875 0.05078125
0 0.10078125 0.89921875 0.05 0.05078125
0 0.1046875 0.9484375 0.0578125 0.05078125
0 0.1 0.9859375 0.046875 0.02734375
0 0.71953125 0.753125 0.4078125 0.0296875
0 0.596875 0.79921875 0.16328125 0.05234375
0 0.56484375 0.85 0.0984375 0.05078125
0 0.5828125 0.89921875 0.13359375 0.05078125
4 0.1484375 0.24375 0.146875 0.1171875
0 0.1484375 0.26953125 0.234375 0.16953125
7 0.1484375 0.321875 0.234375 0.02578125
4 0.3828125 0.2359375 0.1078125 0.1328125
0 0.3828125 0.26171875 0.234375 0.18515625
7 0.3828125 0.321875 0.234375 0.02578125
4 0.6171875 0.2359375 0.146875 0.13125
0 0.6171875 0.2625 0.234375 0.18359375
7 0.6171875 0.321875 0.234375 0.02578125
4 0.8515625 0.25546875 0.146875 0.09375
0 0.8515625 0.28125 0.234375 0.14609375
7 0.8515625 0.321875 0.234375 0.02578125
2 0.2609375 0.38984375 0.17578125 0.021875
4 0.2609375 0.60703125 0.428125 0.36171875
0 0.2609375 0.6546875 0.428125 0.45859375
6 0.2609375 0.8140625 0.428125 0.021875
7 0.2609375 0.8421875 0.428125 0.03515625
6 0.2609375 0.9125 0.428125 0.021875
0 0.2609375 0.92890625 0.428125 0.08984375
7 0.2609375 0.9359375 0.428125 0.02734375
6 0.2609375 0.9953125 0.428125 0.009375
0 0.2609375 0.98671875 0.428125 0.02578125
2 0.7390625 0.38984375 0.109375 0.021875
4 0.7390625 0.60703125 0.428125 0.36171875
0 0.7390625 0.6546875 0.428125 0.45859375
6 0.7390625 0.8140625 0.428125 0.021875
7 0.7390625 0.8421875 0.428125 0.03515625
6 0.7390625 0.9125 0.428125 0.021875
0 0.7390625 0.92890625 0.428125 0.08984375
7 0.7390625 0.9359375 0.428125 0.02734375
6 0.7390625 0.9953125 0.428125 0.009375
0 0.7390625 0.98671875 0.428125 0.02578125
7 0.434375 0.95234375 0.565625 0.025
7 0.7828125 0.95234375 0.13203125 0.025
0 0.978125 0.9359375 0.0203125 0.02734375