4 0.2640625 0.04921875 0.028125 0.03671875
7 0.47578125 0.04921875 0.35078125 0.02578125
0 0.6984375 0.04921875 0.0875 0.03125
4 0.98359375 0.021875 0.0171875 0.0234375
0 0.98359375 0.021875 0.0171875 0.0234375
4 0.07421875 0.1375 0.1171875 0.021875
0 0.07421875 0.1375 0.1484375 0.0765625
7 0.76796875 0.1375 0.08125 0.0484375
0 0.76796875 0.1375 0.128125 0.053125
7 0.88828125 0.1375 0.05 0.0796875
7 0.9640625 0.1375 0.03984375 0.0796875
0 0.0796875 0.51171875 0.0984375 0.05234375
0 0.23359375 0.51171875 0.14765625 0.05234375
2 0.3828125 0.64140625 0.6890625 0.115625
1 0.2671875 0.76484375 0.45703125 0.06875
4 0.5125 0.76484375 0.01875 0.025
1 0.5640625 0.76484375 0.1375 0.06875
0 0.6796875 0.76484375 0.0953125 0.071875