7 0.2984375 0.96640625 0.565625 0.0234375
0 0.62421875 0.9671875 0.08671875 0.040625
0 0.93046875 0.965625 0.1359375 0.06875
4 0.1078125 0.03125 0.21484375 0.0390625
0 0.309375 0.03125 0.12890625 0.0625
0 0.421875 0.03125 0.0953125 0.0625
0 0.5109375 0.03125 0.0828125 0.0625
0 0.58515625 0.03125 0.065625 0.0625
0 0.68046875 0.03125 0.125 0.0625
0 0.79765625 0.03125 0.109375 0.0625
0 0.89140625 0.03125 0.07734375 0.0625
4 0.9625 0.03125 0.03515625 0.03359375
0 0.96484375 0.03203125 0.0703125 0.0375
7 0.5 0.2390625 1 0.478125
7 0.2453125 0.47421875 0.03203125 0.02109375
1 0.45234375 0.475 0.3828125 0.05234375
0 0.6953125 0.475 0.10546875 0.05234375
2 0.5 0.6171875 0.9703125 0.1015625
2 0.5 0.70625 0.9703125 0.05625
0 0.5 0.79453125 0.2203125 0.05703125
2 0.5 0.90859375 0.9703125 0.046875
4 0.125 0.9859375 0.1109375 0.02734375
4 0.375 0.9859375 0.1109375 0.02734375
4 0.625 0.9859375 0.1109375 0.02734375
4 0.875 0.9859375 0.1109375 0.02734375