2 0.0859375 0.05703125 0.15234375 0.08828125
7 0.2484375 0.12734375 0.4765625 0.02109375
6 0.03203125 0.18046875 0.03515625 0.01953125
6 0.040625 0.215625 0.0515625 0.01953125
6 0.07734375 0.25078125 0.125 0.01953125
6 0.05 0.2859375 0.0703125 0.01953125
6 0.06328125 0.32578125 0.09765625 0.02109375
7 0.121875 0.3203125 0.021875 0.01328125
6 0.04765625 0.3609375 0.065625 0.02109375
6 0.05390625 0.39609375 0.078125 0.02109375
6 0.03828125 0.43125 0.046875 0.02109375
6 0.05 0.46640625 0.07109375 0.02109375
3 0.0859375 0.753125 0.15625 0.49375
3 0.584375 0.2203125 0.71171875 0.1171875
3 0.834375 0.48046875 0.29296875 0.32578125
2 0.58125 0.3296875 0.8171875 0.0296875
7 0.41484375 0.39453125 0.484375 0.06015625
7 0.42265625 0.4234375 0.5 0.040625
7 0.27421875 0.43359375 0.028125 0.02109375
7 0.32890625 0.43359375 0.08203125 0.02109375
7 0.3703125 0.43359375 0.00390625 0.02109375
7 0.3578125 0.478125 0.18125 0.02109375
1 0.35859375 0.5015625 0.184375 0.02890625
1 0.50703125 0.5015625 0.10546875 0.02890625
7 0.33203125 0.54453125 0.13125 0.02109375
7 0.32734375 0.56953125 0.121875 0.0171875
1 0.43828125 0.56796875 0.09296875 0.02890625
7 0.36484375 0.5921875 0.19609375 0.0171875
2 0.58125 0.64375 0.8171875 0.0296875
7 0.58125 0.6890625 0.8171875 0.02109375
7 0.4171875 0.7640625 0.440625 0.09921875
7 0.221875 0.83828125 0.09765625 0.02109375
6 0.28671875 0.875 0.17890625 0.02109375
7 0.39765625 0.92109375 0.44921875 0.040625
2 0.58125 0.97578125 0.8171875 0.0296875
7 0.96953125 0.884375 0.02265625 0.02890625
3 0.5 0.928125 0.7109375 0.1171875