4 0.1640625 0.04609375 0.24375 0.0484375
7 0.915625 0.03984375 0.053125 0.0796875
6 0.834375 0.03828125 0.02421875 0.025
0 0.834375 0.0390625 0.02421875 0.03125
4 0.7015625 0.0390625 0.0234375 0.03125
4 0.734375 0.0390625 0.0234375 0.03125
4 0.7671875 0.0390625 0.0234375 0.03125
4 0.80078125 0.0390625 0.0234375 0.03125
7 0.60625 0.0390625 0.04765625 0.03671875
4 0.64921875 0.03984375 0.01953125 0.01953125
4 0.665625 0.03984375 0.00703125 0.009375
7 0.1234375 0.1078125 0.05859375 0.02890625
0 0.1234375 0.1078125 0.08984375 0.05703125
7 0.2203125 0.1078125 0.0734375 0.02890625
0 0.2203125 0.1078125 0.1046875 0.05703125
7 0.33515625 0.1078125 0.09375 0.02890625
0 0.33515625 0.1078125 0.125 0.05703125
7 0.4328125 0.1078125 0.0390625 0.02890625
0 0.4328125 0.1078125 0.0703125 0.05703125
7 0.53984375 0.1078125 0.11328125 0.02890625
0 0.53984375 0.1078125 0.14453125 0.05703125
7 0.6578125 0.1078125 0.059375 0.02890625
0 0.6578125 0.1078125 0.090625 0.05703125
7 0.740625 0.1078125 0.04296875 0.02890625
0 0.9296875 0.1078125 0.0875 0.05703125
7 0.09921875 0.2015625 0.07890625 0.05234375
0 0.2109375 0.2015625 0.14453125 0.05234375
0 0.35546875 0.2015625 0.140625 0.05234375
0 0.5109375 0.2015625 0.1671875 0.05234375
0 0.640625 0.2015625 0.0875 0.05234375
0 0.7828125 0.2015625 0.19375 0.05234375
7 0.446875 0.265625 0.7515625 0.0234375
6 0.85703125 0.265625 0.0671875 0.0234375
2 0.7359375 0.33359375 0.1125 0.02890625
4 0.709375 0.42890625 0.0984375 0.07421875
0 0.80546875 0.4359375 0.290625 0.11484375
2 0.8640625 0.4359375 0.1734375 0.09375
4 0.709375 0.5453125 0.0984375 0.07421875
0 0.80546875 0.56796875 0.290625 0.14609375
2 0.8640625 0.56796875 0.1734375 0.125
4 0.709375 0.6921875 0.0984375 0.07421875
0 0.80546875 0.69921875 0.290625 0.11484375
2 0.8640625 0.69921875 0.1734375 0.09375
2 0.80546875 0.796875 0.290625 0.05703125
0 0.80546875 0.796875 0.290625 0.078125
2 0.80546875 0.87890625 0.290625 0.0859375
0 0.80546875 0.884375 0.290625 0.09609375
2 0.8046875 0.965625 0.290625 0.06875
0 0.8046875 0.965625 0.290625 0.06875
4 0.34765625 0.52734375 0.5953125 0.44765625
0 0.34765625 0.61796875 0.5953125 0.62890625
7 0.3234375 0.821875 0.5078125 0.12265625
7 0.34765625 0.9 0.55625 0.0296875
4 0.1953125 0.975 0.290625 0.04921875
0 0.1953125 0.975 0.290625 0.04921875
4 0.5 0.975 0.290625 0.04921875
0 0.5 0.975 0.290625 0.04921875
4 0.96953125 0.84921875 0.03125 0.04140625