4 0.1015625 0.0421875 0.15625 0.0328125
0 0.1015625 0.04140625 0.15625 0.03359375
7 0.2359375 0.06015625 0.09296875 0.0234375
0 0.1890625 0.05 0.01953125 0.02734375
6 0.27109375 0.04140625 0.0953125 0.0828125
7 0.378125 0.04140625 0.0875 0.0828125
6 0.47109375 0.04140625 0.0703125 0.0828125
6 0.5703125 0.04140625 0.065625 0.0828125
4 0.2390625 0.12265625 0.03984375 0.05234375
7 0.471875 0.12421875 0.41015625 0.021875
7 0.7171875 0.125 0.075 0.02578125
0 0.73046875 0.125 0.1015625 0.02890625
4 0.76796875 0.11875 0.01875 0.025
4 0.49921875 0.390625 0.0671875 0.08828125
2 0.5 0.53125 0.459375 0.15625
7 0.49921875 0.6546875 0.1453125 0.02578125
0 0.5 0.6546875 0.19375 0.06015625
7 0.3234375 0.928125 0.6078125 0.05859375
0 0.40703125 0.9453125 0.1078125 0.02578125
7 0.4625 0.94453125 0.00390625 0.025
7 0.721875 0.9328125 0.0890625 0.02734375
0 0.73515625 0.9328125 0.1140625 0.0296875
4 0.7796875 0.9265625 0.01875 0.025
0 0.91796875 0.928125 0.125 0.06015625