4 0.003125 0.01328125 0.00625 0.015625
4 0.04921875 0.04453125 0.06953125 0.07265625
4 0.08828125 0.015625 0.00703125 0.015625
6 0.04140625 0.0984375 0.06953125 0.021875
6 0.0421875 0.12578125 0.07109375 0.021875
6 0.025 0.1515625 0.0359375 0.021875
6 0.02265625 0.17109375 0.0203125 0.0171875
6 0.0453125 0.17109375 0.02265625 0.0171875
6 0.03046875 0.18671875 0.03515625 0.0171875
6 0.06171875 0.18671875 0.025 0.0171875
6 0.028125 0.20234375 0.03125 0.0171875
6 0.06953125 0.20234375 0.05 0.0171875
6 0.0234375 0.22578125 0.0328125 0.021875
6 0.040625 0.253125 0.06875 0.021875
7 0.0375 0.2796875 0.06171875 0.021875
6 0.0359375 0.3015625 0.0421875 0.021875
6 0.0375 0.32890625 0.04609375 0.021875
6 0.046875 0.35625 0.0640625 0.021875
6 0.03984375 0.38203125 0.06640625 0.021875
6 0.0234375 0.409375 0.0328125 0.021875
7 0.05078125 0.4375 0.0875 0.0234375
1 0.03984375 0.4609375 0.0640625 0.0234375
7 0.0265625 0.49140625 0.0390625 0.021875
6 0.02578125 0.5109375 0.0265625 0.0171875
6 0.0515625 0.5109375 0.0234375 0.0171875
6 0.02265625 0.5265625 0.01953125 0.0171875
6 0.05 0.5265625 0.03125 0.0171875
6 0.028125 0.5421875 0.03125 0.0171875
6 0.0546875 0.5421875 0.01953125 0.0171875
6 0.025 0.5578125 0.025 0.0171875
6 0.05390625 0.5578125 0.02734375 0.0171875
6 0.0359375 0.58125 0.0578125 0.021875
6 0.02421875 0.60859375 0.034375 0.021875
6 0.021875 0.634375 0.03046875 0.021875
7 0.03828125 0.634375 0.0046875 0.021875
6 0.0421875 0.6546875 0.059375 0.0171875
6 0.02421875 0.6765625 0.01953125 0.021875
6 0.03125 0.70390625 0.0328125 0.021875
6 0.03203125 0.7296875 0.03515625 0.021875
6 0.0265625 0.75703125 0.02421875 0.021875
6 0.03203125 0.7828125 0.03515625 0.021875
6 0.028125 0.8109375 0.0265625 0.021875
6 0.028125 0.8375 0.0265625 0.021875
6 0.034375 0.8640625 0.03984375 0.021875
6 0.0375 0.89140625 0.04609375 0.021875
6 0.03203125 0.91875 0.03515625 0.021875
6 0.02890625 0.94453125 0.028125 0.021875
6 0.0375 0.971875 0.04609375 0.021875
6 0.02578125 0.99375 0.02265625 0.01171875
2 0.40234375 0.03203125 0.5921875 0.03515625
7 0.2765625 0.065625 0.340625 0.021875
7 0.234375 0.0875 0.25625 0.021875
6 0.43046875 0.0875 0.1390625 0.021875
7 0.5046875 0.0875 0.009375 0.021875
7 0.8453125 0.08828125 0.1046875 0.02109375
6 0.94375 0.08828125 0.09375 0.02109375
4 0.13671875 0.171875 0.03515625 0.046875
7 0.22265625 0.17890625 0.134375 0.021875
6 0.2296875 0.2078125 0.1484375 0.021875
7 0.1796875 0.228125 0.0484375 0.01953125
7 0.1625 0.24921875 0.0140625 0.021875
6 0.1859375 0.24921875 0.0328125 0.021875
7 0.30703125 0.26015625 0.30390625 0.04453125
6 0.2296875 0.3171875 0.14921875 0.021875
7 0.18828125 0.3375 0.065625 0.01953125
7 0.34375 0.3921875 0.3765625 0.08828125
6 0.2734375 0.4703125 0.2359375 0.021875
7 0.1921875 0.49140625 0.0734375 0.01953125
7 0.328125 0.5234375 0.3453125 0.04453125
6 0.36875 0.534375 0.0609375 0.021875
7 0.3296875 0.5453125 0.3484375 0.04453125
6 0.2359375 0.60234375 0.1625 0.021875
7 0.1890625 0.6234375 0.0671875 0.01953125
7 0.33828125 0.665625 0.36640625 0.06640625
6 0.34296875 0.68828125 0.175 0.021875
7 0.4328125 0.68828125 0.0046875 0.021875
6 0.21875 0.73359375 0.1265625 0.021875
7 0.1984375 0.7546875 0.08671875 0.01953125
7 0.3421875 0.78671875 0.3734375 0.04453125
6 0.34765625 0.79765625 0.21875 0.021875
7 0.45859375 0.79765625 0.0046875 0.021875
7 0.3421875 0.8640625 0.37421875 0.1109375
6 0.253125 0.95390625 0.1953125 0.021875
7 0.18828125 0.975 0.065625 0.01953125
7 0.325 0.9921875 0.3390625 0.015625
4 0.57890625 0.171875 0.03515625 0.046875
7 0.721875 0.17890625 0.2390625 0.021875
6 0.69296875 0.2078125 0.18046875 0.021875
7 0.72890625 0.2296875 0.253125 0.021875
7 0.70390625 0.2515625 0.20234375 0.021875
7 0.6671875 0.27421875 0.12890625 0.021875
7 0.73515625 0.2984375 0.24921875 0.01953125
7 0.67109375 0.31875 0.1375 0.021875
7 0.76875 0.34296875 0.3171875 0.01953125
7 0.7390625 0.3625 0.2734375 0.021875
7 0.6671875 0.384375 0.12890625 0.021875
7 0.74140625 0.409375 0.2625 0.01953125
7 0.67109375 0.42890625 0.1375 0.021875
7 0.7828125 0.45390625 0.34453125 0.01953125
7 0.73515625 0.4734375 0.26484375 0.021875
7 0.91796875 0.47578125 0.1015625 0.01953125
7 0.78671875 0.484375 0.36796875 0.04453125
7 0.7140625 0.5203125 0.19375 0.01953125
6 0.7453125 0.56328125 0.28515625 0.021875
7 0.63671875 0.584375 0.06875 0.01953125
7 0.7859375 0.64921875 0.3671875 0.1109375
6 0.77578125 0.75 0.346875 0.04453125
7 0.63984375 0.78203125 0.075 0.01953125
7 0.76640625 0.8359375 0.32734375 0.08828125
6 0.7359375 0.91484375 0.26640625 0.021875
7 0.6359375 0.9359375 0.0671875 0.01953125
7 0.77578125 0.9671875 0.346875 0.04453125