2 0.29140625 0.0640625 0.40546875 0.0765625
2 0.3328125 0.12265625 0.48828125 0.0390625
6 0.13203125 0.19296875 0.0828125 0.03359375
6 0.24296875 0.19296875 0.06640625 0.03359375
6 0.37578125 0.19296875 0.12578125 0.03359375
6 0.5390625 0.19296875 0.12890625 0.03359375
6 0.8 0.19375 0.040625 0.025
6 0.871875 0.19375 0.0546875 0.025
6 0.171875 0.4296875 0.1265625 0.0234375
2 0.1875 0.4703125 0.1578125 0.03671875
6 0.175 0.50546875 0.1328125 0.03125
4 0.321875 0.43359375 0.465625 0.37734375
2 0.76484375 0.25625 0.29296875 0.0234375
2 0.8078125 0.321875 0.19375 0.078125
4 0.659375 0.32265625 0.0828125 0.08359375
2 0.79140625 0.4359375 0.1609375 0.10703125
4 0.659375 0.4234375 0.0828125 0.084375
2 0.80390625 0.5328125 0.18671875 0.05234375
4 0.659375 0.54765625 0.0828125 0.084375
4 0.08515625 0.45859375 0.02734375 0.03671875
4 0.55546875 0.45859375 0.02734375 0.03671875
0 0.11484375 0.71171875 0.0515625 0.025
2 0.31953125 0.7859375 0.46171875 0.08203125
0 0.15 0.8609375 0.121875 0.02578125
7 0.16328125 0.90078125 0.1484375 0.015625
0 0.2796875 0.90078125 0.078125 0.015625
0 0.36484375 0.90078125 0.08671875 0.015625
4 0.32421875 0.98984375 0.4703125 0.0203125
0 0.32421875 0.98984375 0.4703125 0.0203125
4 0.76484375 0.70625 0.29296875 0.08984375
2 0.76484375 0.80078125 0.26171875 0.02578125
4 0.76484375 0.87890625 0.26171875 0.08046875
6 0.734375 0.9375 0.1078125 0.0234375
7 0.78203125 0.95 0.134375 0.0484375
7 0.05703125 0.9421875 0.028125 0.021875
6 0.11875 0.9421875 0.09453125 0.021875
7 0.540625 0.95234375 0.7515625 0.04296875
6 0.5171875 0.9625 0.0859375 0.021875
7 0.56171875 0.9625 0.0046875 0.021875