7 0.0421875 0.0328125 0.084375 0.06484375
0 0.5 0.0328125 1 0.06484375
7 0.27734375 0.0328125 0.30859375 0.06484375
7 0.43125 0.0328125 0.07734375 0.06484375
7 0.11640625 0.10390625 0.19453125 0.02109375
6 0.246875 0.10390625 0.046875 0.02109375
6 0.32890625 0.10390625 0.09765625 0.02109375
6 0.4015625 0.10390625 0.028125 0.02109375
6 0.45390625 0.10390625 0.05625 0.02109375
6 0.5234375 0.10390625 0.0625 0.02109375
6 0.5765625 0.10390625 0.02421875 0.02109375
6 0.64765625 0.10390625 0.0984375 0.02109375
6 0.7546875 0.10390625 0.0953125 0.02109375
0 0.8953125 0.10078125 0.17109375 0.04296875
4 0.07421875 0.146875 0.109375 0.14609375
0 0.07421875 0.15 0.109375 0.15078125
0 0.1625 0.16953125 0.059375 0.06484375
0 0.228125 0.16953125 0.07109375 0.06484375
0 0.30390625 0.16953125 0.0796875 0.06484375
0 0.3859375 0.16953125 0.08515625 0.06484375
0 0.49140625 0.16953125 0.12578125 0.06484375
0 0.58515625 0.16953125 0.06171875 0.06484375
0 0.6515625 0.16953125 0.07109375 0.06484375
0 0.746875 0.16953125 0.11875 0.06484375
4 0.8640625 0.16796875 0.0234375 0.03125
4 0.8921875 0.16796875 0.0234375 0.03125
7 0.9265625 0.16953125 0.03046875 0.06484375
4 0.2296875 0.50703125 0.4203125 0.4203125
0 0.2296875 0.50703125 0.4203125 0.4203125
2 0.18125 0.6328125 0.284375 0.16953125
4 0.5578125 0.39765625 0.2015625 0.2015625
0 0.5578125 0.39765625 0.2015625 0.2015625
2 0.540625 0.4265625 0.12890625 0.10546875
4 0.5578125 0.6203125 0.2015625 0.2015625
0 0.5578125 0.6203125 0.2015625 0.2015625
2 0.5421875 0.64921875 0.13125 0.10546875
7 0.1203125 0.75 0.2015625 0.0078125
4 0.3390625 0.846875 0.2015625 0.2015625
0 0.3390625 0.846875 0.2015625 0.2015625
2 0.32421875 0.8890625 0.1328125 0.0796875
4 0.5578125 0.846875 0.2015625 0.2015625
0 0.5578125 0.846875 0.2015625 0.2015625
2 0.54296875 0.87578125 0.1328125 0.10546875
4 0.1203125 0.9859375 0.2015625 0.02734375
0 0.1203125 0.9859375 0.2015625 0.02734375
4 0.4484375 0.9859375 0.42109375 0.02734375
0 0.4484375 0.9859375 0.42109375 0.02734375
7 0.834375 0.6484375 0.29296875 0.703125