4 0.07734375 0.06953125 0.078125 0.0640625
0 0.07734375 0.06953125 0.078125 0.0765625
2 0.19375 0.0640625 0.1078125 0.0453125
0 0.19375 0.0609375 0.1078125 0.04140625
0 0.2828125 0.06953125 0.05546875 0.07421875
0 0.36953125 0.06953125 0.11796875 0.07421875
0 0.4640625 0.06953125 0.0703125 0.07421875
0 0.5453125 0.06953125 0.0921875 0.07421875
0 0.61328125 0.06953125 0.0453125 0.07421875
0 0.6671875 0.06953125 0.06328125 0.07421875
0 0.75859375 0.06953125 0.11875 0.05078125
7 0.90546875 0.06953125 0.1515625 0.02734375
0 0.90859375 0.06953125 0.1828125 0.05078125
2 0.5 0.33203125 0.5875 0.13828125
2 0.5 0.47890625 0.5 0.13828125
2 0.5 0.6 0.8421875 0.04453125
7 0.4875 0.74609375 0.1859375 0.03359375
0 0.5 0.746875 0.24375 0.0640625
4 0.23515625 0.96171875 0.35 0.0765625