4 0.07421875 0.04140625 0.1015625 0.02578125
0 0.07421875 0.04140625 0.1015625 0.04140625
2 0.20625 0.04140625 0.1171875 0.0625
2 0.29140625 0.04140625 0.02421875 0.0625
0 0.3375 0.0484375 0.0546875 0.0765625
2 0.396875 0.04140625 0.0484375 0.0625
0 0.4671875 0.0484375 0.07890625 0.0765625
4 0.815625 0.04140625 0.01640625 0.02109375
0 0.815625 0.04140625 0.03984375 0.04140625
4 0.8625 0.04140625 0.01484375 0.01796875
0 0.909375 0.04140625 0.13359375 0.04140625
7 0.92109375 0.04140625 0.0796875 0.01796875
7 0.31015625 0.11328125 0.5734375 0.02109375
6 0.6421875 0.11328125 0.09375 0.02109375
7 0.88984375 0.11328125 0.13125 0.02109375
0 0.9 0.11328125 0.15234375 0.02109375
4 0.96953125 0.11328125 0.0140625 0.01796875
1 0.5 0.19140625 0.953125 0.0625
4 0.8671875 0.18984375 0.0140625 0.01796875
0 0.83125 0.19140625 0.11875 0.04140625
4 0.92578125 0.19140625 0.015625 0.02109375
0 0.92578125 0.19140625 0.0703125 0.04140625
2 0.02890625 0.39453125 0.0109375 0.05703125
2 0.2328125 0.39453125 0.396875 0.05703125
2 0.115625 0.46484375 0.18359375 0.03125
0 0.128125 0.46484375 0.209375 0.03125
2 0.2234375 0.46484375 0.01875 0.0234375
4 0.059375 0.703125 0.0390625 0.05234375
2 0.175 0.68671875 0.1453125 0.021875
2 0.17265625 0.71796875 0.13984375 0.021875
7 0.0546875 0.78125 0.0140625 0.01796875
7 0.1515625 0.78125 0.16484375 0.01796875
0 0.1796875 0.85390625 0.2796875 0.0625
4 0.3796875 0.703125 0.03984375 0.05234375
2 0.45625 0.68671875 0.06875 0.021875
2 0.47421875 0.71796875 0.1046875 0.021875
7 0.3734375 0.78125 0.01171875 0.01796875
7 0.48046875 0.78125 0.1875 0.01796875
0 0.49921875 0.85390625 0.28046875 0.0625
4 0.7 0.703125 0.03984375 0.05234375
2 0.8015625 0.68671875 0.11796875 0.021875
2 0.79609375 0.71796875 0.1078125 0.021875
7 0.69140625 0.78125 0.0078125 0.01796875
7 0.78671875 0.78125 0.16875 0.01796875
0 0.81953125 0.85390625 0.28046875 0.0625
4 0.26171875 0.9953125 0.4765625 0.009375
2 0.1609375 0.27578125 0.0078125 0.04140625
2 0.21796875 0.27578125 0.1078125 0.04140625
7 0.5 0.43125 0.6859375 0.2203125
7 0.26953125 0.5765625 0.225 0.0234375
6 0.42734375 0.5765625 0.090625 0.0234375
7 0.565625 0.5765625 0.190625 0.0234375
6 0.7078125 0.5765625 0.09453125 0.0234375
7 0.49375 0.5921875 0.6734375 0.0546875
0 0.28984375 0.71796875 0.265625 0.0640625
7 0.6125 0.71796875 0.19453125 0.0328125
0 0.62421875 0.71796875 0.21796875 0.0328125
4 0.725 0.71796875 0.01640625 0.021875