4 0.03515625 0.04140625 0.0234375 0.03125
0 0.03515625 0.04140625 0.046875 0.0625
7 0.17890625 0.0421875 0.0890625 0.0328125
0 0.14296875 0.04453125 0.1609375 0.03125
4 0.85546875 0.04140625 0.0234375 0.03125
0 0.85546875 0.04140625 0.0390625 0.05234375
0 0.93359375 0.04140625 0.09375 0.046875
4 0.93125 0.65859375 0.0234375 0.03125
4 0.79296875 0.6640625 0.3203125 0.0625
7 0.79296875 0.71875 0.3203125 0.046875
7 0.78671875 0.7953125 0.3078125 0.078125
6 0.70546875 0.82421875 0.065625 0.02109375
7 0.78984375 0.83828125 0.3140625 0.04921875
6 0.865625 0.853125 0.1046875 0.02109375
7 0.78828125 0.8671875 0.3109375 0.04921875
7 0.9109375 0.93359375 0.0375 0.02109375
0 0.9109375 0.93515625 0.084375 0.046875
7 0.07421875 0.12109375 0.0296875 0.04453125
7 0.196875 0.12109375 0.07890625 0.04453125
7 0.0859375 0.1890625 0.171875 0.06015625
7 0.2234375 0.1890625 0.103125 0.06015625
7 0.3265625 0.1890625 0.10234375 0.06015625
7 0.428125 0.1890625 0.1 0.06015625
4 0.41640625 0.1890625 0.02421875 0.06015625
4 0.4515625 0.18984375 0.04765625 0.0625
4 0.49921875 0.18828125 0.02421875 0.0328125
0 0.49921875 0.1890625 0.05 0.06015625
7 0.57578125 0.1890625 0.1046875 0.06015625
7 0.67890625 0.1890625 0.103125 0.06015625
7 0.77734375 0.1890625 0.0953125 0.06015625
4 0.83671875 0.1890625 0.02421875 0.06015625
4 0.871875 0.18984375 0.04765625 0.0625
4 0.47109375 0.2640625 0.02421875 0.03125
0 0.47109375 0.2640625 0.0265625 0.03359375
4 0.465625 0.3984375 0.0234375 0.02109375
0 0.465625 0.39765625 0.0328125 0.03515625
7 0.41875 0.3984375 0.03984375 0.01796875
4 0.03515625 0.40234375 0.0234375 0.03125
0 0.03515625 0.40234375 0.03515625 0.046875
7 0.5859375 0.2671875 0.1171875 0.04140625
6 0.95234375 0.4671875 0.071875 0.0171875
4 0.365625 0.759375 0.06953125 0.09140625
0 0.36640625 0.77734375 0.07109375 0.12734375
7 0.36640625 0.8296875 0.07109375 0.0234375
4 0.496875 0.759375 0.06953125 0.09140625
0 0.49765625 0.77734375 0.07109375 0.12734375
7 0.49765625 0.8296875 0.07109375 0.0234375
4 0.62734375 0.759375 0.06953125 0.09140625
0 0.63125 0.77734375 0.0765625 0.12734375
7 0.63125 0.8296875 0.0765625 0.0234375