3 0.5 0.0796875 0.7109375 0.1171875
2 0.5 0.25390625 1 0.1875
4 0.090625 0.228125 0.13359375 0.04140625
0 0.3484375 0.228125 0.65 0.04140625
7 0.76484375 0.2328125 0.0625 0.02109375
0 0.77421875 0.2328125 0.08125 0.02578125
7 0.85390625 0.2328125 0.03046875 0.02109375
7 0.92890625 0.2328125 0.07109375 0.02109375
6 0.21953125 0.2984375 0.1328125 0.021875
6 0.3703125 0.2984375 0.12109375 0.021875
6 0.50703125 0.2984375 0.10625 0.021875
6 0.6828125 0.2984375 0.196875 0.021875
6 0.246875 0.3296875 0.18671875 0.021875
6 0.39453125 0.3296875 0.0625 0.021875
6 0.49609375 0.3296875 0.09375 0.021875
6 0.5875 0.3296875 0.0421875 0.021875
6 0.6828125 0.3296875 0.1015625 0.021875
6 0.8375 0.3296875 0.1609375 0.021875
6 0.18828125 0.3609375 0.06953125 0.021875
7 0.9671875 0.2984375 0.01953125 0.0546875
4 0.32421875 0.6546875 0.5390625 0.478125
0 0.3203125 0.7078125 0.546875 0.584375
2 0.2296875 0.93359375 0.35859375 0.1328125
4 0.71171875 0.571875 0.09375 0.125
0 0.71953125 0.57265625 0.109375 0.12734375
7 0.86171875 0.571875 0.175 0.11875
4 0.71171875 0.73046875 0.09375 0.125
0 0.71953125 0.73046875 0.109375 0.125
7 0.86015625 0.715625 0.171875 0.0875
4 0.71171875 0.88671875 0.09375 0.125
0 0.71953125 0.88828125 0.109375 0.12734375
7 0.8625 0.903125 0.1765625 0.15
4 0.71171875 0.99140625 0.09375 0.0171875
0 0.71953125 0.99140625 0.109375 0.0171875
7 0.86015625 0.99296875 0.1734375 0.0140625