7 0.5 0.04140625 1 0.0828125
4 0.0390625 0.03828125 0.0234375 0.0328125
0 0.0390625 0.03671875 0.046875 0.0625
2 0.10703125 0.040625 0.059375 0.02578125
0 0.10703125 0.040625 0.059375 0.0625
7 0.93359375 0.03671875 0.0234375 0.03125
0 0.93359375 0.03671875 0.0390625 0.05234375
4 0.97265625 0.0375 0.0234375 0.0328125
0 0.97265625 0.03671875 0.0390625 0.0546875
7 0.5 0.28671875 0.5234375 0.19765625
7 0.8015625 0.421875 0.0234375 0.03125
1 0.5 0.421875 0.6578125 0.05234375
7 0.48828125 0.5640625 0.17578125 0.02578125
0 0.5 0.5640625 0.19921875 0.2109375
7 0.5875 0.5640625 0.0234375 0.03125
7 0.13359375 0.56796875 0.1578125 0.02109375
0 0.93046875 0.56796875 0.03046875 0.02109375
7 0.065625 0.65234375 0.009375 0.01328125
0 0.265625 0.80234375 0.46875 0.3953125
7 0.11796875 0.65390625 0.08671875 0.03125
7 0.1875 0.65234375 0.009375 0.01328125
7 0.253125 0.65390625 0.1140625 0.03125
4 0.26484375 0.8296875 0.21953125 0.21875
7 0.2640625 0.97421875 0.421875 0.0515625
7 0.534375 0.65234375 0.009375 0.01328125
0 0.734375 0.80234375 0.46875 0.3953125
7 0.58046875 0.65390625 0.075 0.03125
4 0.734375 0.81875 0.2640625 0.21875
7 0.734375 0.97421875 0.421875 0.0515625