4 0.221875 0.1125 0.13515625 0.22421875
4 0.34609375 0.36875 0.28203125 0.14375
2 0.4890625 0.11328125 0.2890625 0.0578125
2 0.496875 0.1734375 0.3078125 0.03828125
7 0.65234375 0.3046875 0.275 0.02578125
7 0.6546875 0.39140625 0.29765625 0.10703125
7 0.50078125 0.53984375 0.6046875 0.0609375
7 0.49375 0.6171875 0.58984375 0.05703125
7 0.49375 0.696875 0.59140625 0.0640625
7 0.49375 0.76796875 0.5859375 0.04375
7 0.25 0.8453125 0.13359375 0.03125
6 0.63203125 0.71171875 0.1 0.0203125
6 0.22421875 0.7734375 0.05 0.0171875
0 0.171875 0.24296875 0.0359375 0.03828125
0 0.23046875 0.24453125 0.07734375 0.03515625
0 0.3 0.2453125 0.0578125 0.03671875
0 0.3796875 0.24453125 0.0984375 0.03515625
0 0.47890625 0.24609375 0.0984375 0.0375
0 0.55390625 0.24609375 0.04765625 0.03203125
0 0.60703125 0.24453125 0.0578125 0.034375
0 0.67421875 0.24609375 0.0734375 0.03828125
0 0.73515625 0.2453125 0.04296875 0.03359375