7 0.32890625 0.02109375 0.62578125 0.015625
0 0.5 0.03125 1 0.0625
6 0.66796875 0.02109375 0.0546875 0.015625
7 0.73984375 0.02109375 0.090625 0.015625
7 0.8390625 0.02109375 0.109375 0.015625
7 0.6734375 0.03125 0.62109375 0.03671875
7 0.07734375 0.08828125 0.1078125 0.01796875
7 0.22265625 0.08828125 0.17578125 0.01796875
4 0.115625 0.15390625 0.18359375 0.05234375
7 0.65390625 0.15390625 0.03203125 0.02578125
0 0.63984375 0.15390625 0.0828125 0.05234375
7 0.7484375 0.15390625 0.04296875 0.02578125
0 0.734375 0.15390625 0.09375 0.05234375
7 0.84453125 0.15390625 0.0359375 0.02578125
0 0.83046875 0.15390625 0.08671875 0.05234375
7 0.9359375 0.15390625 0.08125 0.0546875
0 0.9359375 0.15390625 0.08125 0.0546875
7 0.0625 0.2359375 0.0484375 0.02578125
0 0.13671875 0.234375 0.2265625 0.0625
7 0.325 0.2359375 0.08984375 0.02578125
0 0.37890625 0.234375 0.2265625 0.0625
7 0.5671875 0.2359375 0.0890625 0.02578125
0 0.62109375 0.234375 0.2265625 0.0625
7 0.81640625 0.2359375 0.103125 0.02578125
0 0.86328125 0.234375 0.2265625 0.0625
7 0.0875 0.31875 0.1 0.02578125
0 0.13671875 0.31796875 0.2265625 0.0625
7 0.30390625 0.31875 0.04765625 0.02578125
0 0.37890625 0.31796875 0.2265625 0.0625
7 0.55 0.31875 0.05546875 0.02578125
0 0.62109375 0.31796875 0.2265625 0.0625
7 0.78359375 0.31875 0.03828125 0.02578125
0 0.86328125 0.31796875 0.2265625 0.0625
4 0.690625 0.68828125 0.57109375 0.50625
7 0.25546875 0.5484375 0.30546875 0.10390625
1 0.5 0.6703125 0.771875 0.078125