7 0.07734375 0.02578125 0.1078125 0.01796875
7 0.22265625 0.02578125 0.17578125 0.01796875
4 0.115625 0.09140625 0.18359375 0.05234375
7 0.65390625 0.09140625 0.03203125 0.02578125
0 0.63984375 0.09140625 0.0828125 0.05234375
7 0.7484375 0.09140625 0.04296875 0.02578125
0 0.734375 0.09140625 0.09375 0.05234375
7 0.84453125 0.09140625 0.0359375 0.02578125
0 0.83046875 0.09140625 0.08671875 0.05234375
7 0.9359375 0.09140625 0.08125 0.0546875
0 0.9359375 0.09140625 0.08125 0.0546875
7 0.075 0.1734375 0.0734375 0.02578125
0 0.13671875 0.171875 0.2265625 0.0625
7 0.3046875 0.1734375 0.0484375 0.02578125
0 0.37890625 0.171875 0.2265625 0.0625
7 0.5671875 0.1734375 0.08984375 0.02578125
0 0.62109375 0.171875 0.2265625 0.0625
7 0.809375 0.1734375 0.0890625 0.02578125
0 0.86328125 0.171875 0.2265625 0.0625
7 0.08984375 0.25625 0.103125 0.02578125
0 0.13671875 0.25546875 0.2265625 0.0625
7 0.3296875 0.25625 0.1 0.02578125
0 0.37890625 0.25546875 0.2265625 0.0625
7 0.54609375 0.25625 0.04765625 0.02578125
0 0.62109375 0.25546875 0.2265625 0.0625
7 0.78359375 0.25625 0.03828125 0.02578125
0 0.86328125 0.25546875 0.2265625 0.0625
4 0.690625 0.62578125 0.57109375 0.50625
7 0.25546875 0.4859375 0.30546875 0.10390625
1 0.5 0.6078125 0.771875 0.078125
2 0.5 0.97734375 0.3421875 0.0453125