4 0.02578125 0.0375 0.0421875 0.075
4 0.053125 0.0328125 0.0375 0.06484375
4 0.15546875 0.225 0.3109375 0.4046875
4 0.11640625 0.0609375 0.0890625 0.0796875
4 0.184375 0.03203125 0.0375 0.0640625
4 0.1765625 0.05 0.0453125 0.0796875
4 0.27890625 0.0328125 0.01875 0.025
4 0.31171875 0.084375 0.0640625 0.0859375
4 0.35625 0.04609375 0.01484375 0.01953125
4 0.3796875 0.0375 0.028125 0.0375
4 0.621875 0.053125 0.059375 0.0796875
4 0.61796875 0.0359375 0.028125 0.071875
4 0.68515625 0.6265625 0.0890625 0.43125
4 0.77890625 0.05625 0.0125 0.0171875
4 0.10234375 0.0390625 0.1265625 0.05234375
1 0.41796875 0.0375 0.2796875 0.04921875
6 0.915625 0.0390625 0.05859375 0.01796875
7 0.83515625 0.040625 0.03203125 0.02109375
4 0.74375 0.0390625 0.01953125 0.02578125
7 0.6953125 0.0375 0.0390625 0.04921875
4 0.64453125 0.0375 0.0390625 0.04921875
7 0.596875 0.0328125 0.0375 0.0390625
0 0.9078125 0.1109375 0.0703125 0.0234375
0 0.071875 0.1109375 0.03125 0.06484375
0 0.12890625 0.1109375 0.03125 0.06484375
0 0.1859375 0.1109375 0.03125 0.06484375
0 0.2421875 0.1109375 0.03125 0.06484375
0 0.2984375 0.1109375 0.03125 0.06484375
0 0.35546875 0.1109375 0.03125 0.06484375
0 0.4125 0.1109375 0.03125 0.06484375
0 0.46875 0.1109375 0.03125 0.06484375
0 0.525 0.1109375 0.03125 0.06484375
0 0.58203125 0.1109375 0.03125 0.06484375
4 0.8640625 0.8578125 0.1390625 0.1234375
4 0.9359375 0.72421875 0.00859375 0.0390625
7 0.9234375 0.69609375 0.02421875 0.0328125
4 0.8625 0.7234375 0.1015625 0.01953125
4 0.86015625 0.8109375 0.09765625 0.13125
0 0.8375 0.89296875 0.0515625 0.02109375
0 0.8890625 0.89296875 0.0515625 0.02109375
7 0.9609375 0.7796875 0.0375 0.05234375
7 0.9609375 0.83203125 0.0375 0.05234375
4 0.2734375 0.37890625 0.43359375 0.41640625
6 0.1703125 0.6109375 0.2046875 0.01953125
4 0.61328125 0.2484375 0.20703125 0.15625
6 0.61328125 0.3640625 0.1859375 0.0453125
4 0.83984375 0.2484375 0.20703125 0.15625
6 0.7953125 0.35078125 0.0953125 0.01953125
4 0.61328125 0.509375 0.20703125 0.15625
6 0.61328125 0.6375 0.1859375 0.071875
4 0.83984375 0.509375 0.20703125 0.15625
6 0.83984375 0.62421875 0.1859375 0.0453125
7 0.92265625 0.73984375 0.0234375 0.01796875
0 0.92734375 0.740625 0.03203125 0.021875
7 0.9390625 0.740625 0.0078125 0.02734375
2 0.125 0.7359375 0.0703125 0.03359375
0 0.2109375 0.7359375 0.0234375 0.03359375
0 0.2671875 0.7359375 0.0234375 0.03359375
0 0.32421875 0.7359375 0.0234375 0.03359375
0 0.38125 0.7359375 0.0234375 0.03359375
4 0.159375 0.88828125 0.20625 0.2234375
0 0.159375 0.88828125 0.20625 0.2234375
4 0.3859375 0.88828125 0.20625 0.2234375
0 0.3859375 0.88828125 0.20625 0.2234375
4 0.6125 0.88828125 0.20625 0.2234375
0 0.6125 0.88828125 0.20625 0.2234375
4 0.8390625 0.88828125 0.20625 0.2234375
0 0.8390625 0.88828125 0.20625 0.2234375