2 0.5 0.328125 0.2265625 0.06484375
2 0.50078125 0.3875 0.1703125 0.021875
2 0.5 0.415625 0.1875 0.021875
7 0.49921875 0.496875 0.290625 0.04296875
0 0.49921875 0.496875 0.29296875 0.05859375
7 0.49921875 0.57109375 0.29296875 0.04296875
0 0.49921875 0.57109375 0.29296875 0.05859375
7 0.5140625 0.6390625 0.1671875 0.0234375
0 0.49609375 0.640625 0.2984375 0.03671875
4 0.5 0.4703125 1 0.940625
0 0.03828125 0.9078125 0.04765625 0.0328125
0 0.09609375 0.9078125 0.05546875 0.0328125
0 0.14921875 0.9078125 0.0390625 0.0328125
7 0.20390625 0.9078125 0.05859375 0.0328125
7 0.72890625 0.9078125 0.065625 0.02109375
0 0.82421875 0.9078125 0.25625 0.0328125
6 0.85625 0.9078125 0.19140625 0.02109375
7 0.5 0.9703125 1 0.05859375
2 0.5 0.6578125 0.5859375 0.109375
7 0.5 0.7890625 0.5859375 0.11484375
2 0.38125 0.18359375 0.48828125 0.0546875
7 0.38125 0.2875 0.48828125 0.11484375
2 0.75859375 0.40390625 0.3609375 0.109375
7 0.75859375 0.5640625 0.3609375 0.171875
2 0.5 0.66953125 0.5859375 0.109375
7 0.5 0.771875 0.5859375 0.05703125
4 0.5 0.5 1 1
7 0.84140625 0.96640625 0.065625 0.02109375
6 0.9140625 0.96640625 0.08203125 0.02109375
2 0.03125 0.03671875 0.01953125 0.04453125
0 0.02890625 0.0328125 0.0578125 0.065625
1 0.29296875 0.03515625 0.46875 0.04453125