7 0.08515625 0.06171875 0.0984375 0.05625
0 0.08515625 0.05859375 0.10859375 0.0625
7 0.19375 0.06015625 0.0484375 0.02578125
0 0.19375 0.06015625 0.0484375 0.02578125
7 0.259375 0.06015625 0.0453125 0.02578125
0 0.259375 0.06015625 0.0453125 0.02578125
7 0.321875 0.06015625 0.040625 0.02578125
0 0.321875 0.06015625 0.040625 0.02578125
7 0.396875 0.06015625 0.06953125 0.02578125
0 0.396875 0.06015625 0.06953125 0.02578125
7 0.484375 0.06015625 0.06640625 0.02578125
0 0.484375 0.06015625 0.06640625 0.02578125
7 0.86484375 0.06015625 0.0515625 0.02578125
0 0.86484375 0.06015625 0.0515625 0.02578125
7 0.9390625 0.06015625 0.05859375 0.02578125
0 0.9390625 0.06015625 0.05859375 0.02578125
4 0.09765625 0.2578125 0.1328125 0.078125
0 0.17890625 0.36328125 0.29609375 0.046875
0 0.17890625 0.41015625 0.29609375 0.046875
0 0.17890625 0.45703125 0.29609375 0.046875
7 0.109375 0.525 0.146875 0.04921875
0 0.109375 0.525 0.15625 0.0625
4 0.040625 0.584375 0.01171875 0.015625
4 0.0609375 0.584375 0.0078125 0.01015625
4 0.0796875 0.584375 0.0078125 0.01015625
4 0.775 0.41640625 0.45 0.5859375
0 0.775 0.41640625 0.45 0.5859375
4 0.0734375 0.7109375 0.025 0.03359375
1 0.509375 0.7125 0.91796875 0.04296875
2 0.5 0.9484375 0.771875 0.103125