4 0.084375 0.03515625 0.09765625 0.0703125
6 0.17421875 0.0359375 0.04765625 0.021875
6 0.24140625 0.0359375 0.04296875 0.021875
6 0.31171875 0.0359375 0.05546875 0.021875
6 0.38828125 0.0359375 0.05390625 0.021875
0 0.9296875 0.03515625 0.040625 0.0703125
0 0.97578125 0.03515625 0.04765625 0.0703125
1 0.79140625 0.0375 0.215625 0.04296875
1 0.7 0.03125 0.028125 0.02578125
4 0.5203125 0.03359375 0.07421875 0.04453125
4 0.6140625 0.03359375 0.07421875 0.04453125
7 0.5 0.15078125 1 0.1171875
4 0.5 0.38125 0.56640625 0.203125
7 0.5 0.50703125 0.89453125 0.0171875
2 0.5 0.53671875 0.89453125 0.03125
7 0.8046875 0.6265625 0.103125 0.05234375
0 0.8765625 0.6265625 0.028125 0.03671875
0 0.9109375 0.6265625 0.028125 0.03671875
0 0.9453125 0.6265625 0.02734375 0.03671875
7 0.096875 0.6265625 0.06328125 0.01953125
7 0.1890625 0.6265625 0.06171875 0.01953125
7 0.27109375 0.6265625 0.04375 0.01953125
7 0.34140625 0.6265625 0.03828125 0.01953125
7 0.40859375 0.6265625 0.0359375 0.01953125
7 0.1234375 0.6953125 0.121875 0.015625
2 0.1359375 0.7234375 0.14765625 0.03515625
4 0.11484375 0.82265625 0.1046875 0.140625
7 0.1921875 0.846875 0.25859375 0.19375
6 0.1703125 0.9328125 0.07421875 0.021875
7 0.18125 0.9609375 0.23828125 0.078125
7 0.3921875 0.6953125 0.071875 0.015625
2 0.4546875 0.7234375 0.196875 0.03515625
7 0.4796875 0.78984375 0.246875 0.0796875
6 0.4140625 0.81875 0.078125 0.021875
7 0.4546875 0.81875 0.00625 0.021875
7 0.4859375 0.91875 0.259375 0.1625
7 0.6921875 0.70078125 0.04375 0.03125
4 0.6921875 0.734375 0.03828125 0.02578125
7 0.76484375 0.70078125 0.034375 0.03125
4 0.76484375 0.734375 0.03828125 0.02578125
7 0.83828125 0.70078125 0.03828125 0.03125
4 0.83828125 0.734375 0.03828125 0.02578125
7 0.9125 0.70078125 0.02734375 0.03125
4 0.91171875 0.734375 0.03828125 0.02578125
7 0.8015625 0.89375 0.29296875 0.2125