4 0.0921875 0.02890625 0.15234375 0.05703125
0 0.2015625 0.02890625 0.0640625 0.05703125
0 0.26953125 0.02890625 0.0703125 0.05703125
0 0.35 0.02890625 0.0875 0.05703125
0 0.453125 0.02890625 0.1171875 0.05703125
0 0.54140625 0.02890625 0.0578125 0.05703125
0 0.60546875 0.02890625 0.06875 0.05703125
0 0.67265625 0.02890625 0.0625 0.05703125
0 0.7671875 0.02734375 0.03125 0.04140625
0 0.7984375 0.02734375 0.03125 0.04140625
0 0.8515625 0.02890625 0.071875 0.05703125
0 0.93359375 0.02890625 0.08984375 0.05703125
4 0.9578125 0.08515625 0.046875 0.0328125
0 0.809375 0.0875 0.1234375 0.0390625
1 0.4859375 0.0875 0.4421875 0.03671875
1 0.72421875 0.0875 0.034375 0.03671875
2 0.503125 0.1390625 0.9359375 0.025
7 0.39765625 0.18203125 0.725 0.01796875
7 0.48359375 0.19375 0.896875 0.04140625
7 0.71953125 0.20546875 0.40546875 0.01796875
6 0.06796875 0.22890625 0.065625 0.01796875
7 0.1015625 0.22890625 0.00390625 0.01796875
0 0.07421875 0.27890625 0.078125 0.03671875
0 0.1703125 0.27890625 0.0890625 0.03671875
4 0.01953125 0.0875 0.02734375 0.05859375
3 0.503125 0.40625 0.7109375 0.1171875
2 0.0609375 0.5265625 0.0734375 0.09765625
2 0.14921875 0.49296875 0.103125 0.03515625
2 0.23046875 0.5265625 0.05859375 0.09765625
0 0.06328125 0.5484375 0.078125 0.0546875
0 0.14296875 0.5484375 0.07890625 0.0546875
0 0.2234375 0.5484375 0.07890625 0.0546875
0 0.303125 0.5484375 0.07890625 0.0546875
0 0.38359375 0.5484375 0.07890625 0.0546875
0 0.46328125 0.5484375 0.07890625 0.0546875
0 0.5421875 0.5484375 0.07890625 0.0546875
0 0.62265625 0.5484375 0.07890625 0.0546875
0 0.70234375 0.5484375 0.07890625 0.0546875
0 0.7828125 0.5484375 0.07890625 0.0546875
0 0.8625 0.5484375 0.07890625 0.0546875
0 0.9421875 0.5484375 0.07890625 0.0546875
6 0.92734375 0.49609375 0.08515625 0.01796875
2 0.20078125 0.6171875 0.32109375 0.03359375
0 0.503125 0.7953125 0.95703125 0.4
6 0.20078125 0.6484375 0.32109375 0.02890625
4 0.503125 0.7953125 0.95703125 0.4
0 0.9546875 0.62265625 0.0328125 0.02890625
0 0.09296875 0.9515625 0.10546875 0.0390625
7 0.825 0.9984375 0.059375 0.00234375