4 0.02421875 0.0328125 0.0390625 0.05234375
0 0.02421875 0.0328125 0.0484375 0.06484375
6 0.08203125 0.03125 0.046875 0.02890625
0 0.08203125 0.03203125 0.046875 0.0640625
6 0.14921875 0.03125 0.046875 0.02890625
0 0.14921875 0.03203125 0.046875 0.0640625
6 0.2109375 0.03125 0.0375 0.02890625
0 0.2109375 0.03203125 0.0375 0.0640625
4 0.2640625 0.0328125 0.01953125 0.02578125
0 0.2640625 0.0328125 0.0296875 0.0390625
1 0.4828125 0.0328125 0.25078125 0.046875
4 0.62578125 0.0328125 0.02421875 0.03125
0 0.62578125 0.0328125 0.034375 0.046875
4 0.803125 0.0328125 0.0203125 0.02578125
0 0.803125 0.0328125 0.03046875 0.0390625
7 0.81328125 0.01796875 0.02421875 0.02109375
7 0.85390625 0.0328125 0.034375 0.0234375
0 0.85390625 0.0328125 0.05390625 0.0390625
7 0.9203125 0.0328125 0.0421875 0.0234375
0 0.9203125 0.0328125 0.06171875 0.0390625
4 0.975 0.0328125 0.0203125 0.02578125
0 0.975 0.0328125 0.03046875 0.0390625
4 0.02421875 0.09140625 0.01953125 0.02578125
4 0.02421875 0.14296875 0.0296875 0.0390625
0 0.02421875 0.14296875 0.0484375 0.05234375
4 0.02421875 0.1953125 0.0296875 0.0390625
0 0.02421875 0.1953125 0.0484375 0.05234375
4 0.02421875 0.24765625 0.0296875 0.0390625
0 0.02421875 0.24765625 0.0484375 0.05234375
4 0.02421875 0.29921875 0.0296875 0.0390625
0 0.02421875 0.29921875 0.0484375 0.05234375
4 0.02421875 0.3515625 0.0296875 0.0390625
0 0.02421875 0.3515625 0.0484375 0.05234375
4 0.02421875 0.40390625 0.0296875 0.0390625
0 0.02421875 0.40390625 0.0484375 0.05234375
4 0.02421875 0.45546875 0.0296875 0.0390625
0 0.02421875 0.45546875 0.0484375 0.05234375
4 0.02421875 0.5078125 0.0296875 0.0390625
0 0.02421875 0.5078125 0.0484375 0.05234375
4 0.02421875 0.56015625 0.0296875 0.0390625
0 0.02421875 0.56015625 0.0484375 0.05234375
4 0.02421875 0.61171875 0.0296875 0.0390625
0 0.02421875 0.61171875 0.0484375 0.05234375
4 0.0953125 0.28671875 0.0234375 0.03125
0 0.0953125 0.28671875 0.03515625 0.046875
4 0.953125 0.28671875 0.0234375 0.03125
0 0.953125 0.28671875 0.03515625 0.046875
4 0.55390625 0.3453125 0.73359375 0.390625
4 0.55390625 0.42421875 0.73359375 0.54921875
4 0.53984375 0.315625 0.73359375 0.3921875
4 0.53984375 0.3953125 0.73359375 0.55078125
4 0.52421875 0.28671875 0.7328125 0.390625
4 0.4171875 0.28671875 0.5171875 0.390625
4 0.4171875 0.2828125 0.1171875 0.1578125
0 0.4171875 0.28671875 0.1171875 0.1640625
7 0.4171875 0.34140625 0.359375 0.01796875
4 0.1828125 0.44921875 0.01953125 0.02578125
0 0.1828125 0.44921875 0.0296875 0.0390625
4 0.21171875 0.44921875 0.01953125 0.02578125
0 0.21171875 0.44921875 0.0296875 0.0390625
4 0.621875 0.44921875 0.01953125 0.02578125
0 0.621875 0.44921875 0.0296875 0.0390625
4 0.6515625 0.44921875 0.01953125 0.02578125
0 0.6515625 0.44921875 0.0296875 0.0390625
4 0.71015625 0.13671875 0.0484375 0.06484375
6 0.8125 0.115625 0.13671875 0.0234375
0 0.8125 0.115625 0.13671875 0.0234375
0 0.8125 0.1390625 0.13671875 0.0234375
7 0.78046875 0.1625 0.0734375 0.0234375
7 0.7140625 0.20078125 0.05390625 0.02109375
0 0.7140625 0.20078125 0.0578125 0.02578125
7 0.7640625 0.20078125 0.02734375 0.02109375
0 0.7640625 0.20078125 0.03125 0.02578125
7 0.7828125 0.26171875 0.1953125 0.0703125
4 0.79296875 0.44921875 0.21484375 0.06484375
7 0.18515625 0.115625 0.02421875 0.0234375
4 0.52421875 0.365625 0.7328125 0.54921875
4 0.61953125 0.315625 0.73359375 0.3921875
4 0.61953125 0.3953125 0.73359375 0.55078125
4 0.6734375 0.3453125 0.65234375 0.390625
4 0.6734375 0.42421875 0.65234375 0.54921875
7 0.13359375 0.53359375 0.1109375 0.02890625
7 0.26640625 0.53359375 0.153125 0.02890625
2 0.17265625 0.803125 0.1890625 0.021875
0 0.2234375 0.803125 0.290625 0.021875
6 0.090625 0.828125 0.02421875 0.02109375
6 0.09921875 0.8515625 0.0421875 0.02109375
7 0.10703125 0.88359375 0.05390625 0.021875
0 0.10703125 0.88359375 0.0578125 0.02734375
4 0.08125 0.6703125 0.00625 0.21875
4 0.2234375 0.7828125 0.290625 0.009375
4 0.2234375 0.6703125 0.290625 0.21875
0 0.2234375 0.6703125 0.290625 0.21875
6 0.1046875 0.5859375 0.02421875 0.0234375
6 0.1296875 0.7546875 0.075 0.025
2 0.52421875 0.803125 0.290625 0.021875
0 0.52421875 0.803125 0.290625 0.021875
6 0.4046875 0.828125 0.0515625 0.02109375
6 0.4 0.8515625 0.0421875 0.02109375
7 0.4078125 0.88359375 0.05390625 0.021875
0 0.4078125 0.88359375 0.0578125 0.02734375
7 0.48046875 0.88359375 0.07421875 0.021875
0 0.48046875 0.88359375 0.078125 0.02734375
7 0.584375 0.88359375 0.115625 0.021875
0 0.584375 0.88359375 0.11875 0.02734375
4 0.38203125 0.6703125 0.00625 0.21875
4 0.52421875 0.7828125 0.290625 0.009375
4 0.52421875 0.6703125 0.290625 0.21875
0 0.52421875 0.6703125 0.290625 0.21875
6 0.40546875 0.5859375 0.02421875 0.0234375
6 0.428125 0.7546875 0.0703125 0.025
2 0.78046875 0.803125 0.20234375 0.021875
0 0.825 0.803125 0.290625 0.021875
6 0.70625 0.828125 0.053125 0.02109375
6 0.7578125 0.8515625 0.15625 0.02109375
7 0.70859375 0.88359375 0.05390625 0.021875
0 0.70859375 0.88359375 0.0578125 0.02734375
4 0.6828125 0.6703125 0.00625 0.21875
4 0.825 0.7828125 0.290625 0.009375
4 0.825 0.6703125 0.290625 0.21875
0 0.825 0.6703125 0.290625 0.21875
6 0.70625 0.5859375 0.02421875 0.0234375
6 0.73046875 0.7546875 0.07421875 0.025
7 0.5125 0.9359375 0.06171875 0.025
0 0.52421875 0.9359375 0.10546875 0.040625
4 0.5578125 0.9359375 0.01953125 0.02734375
6 0.1234375 0.9890625 0.090625 0.021875
7 0.2453125 0.9890625 0.153125 0.021875