6 0.04375 0.04140625 0.040625 0.05234375
4 0.84765625 0.04140625 0.015625 0.02109375
0 0.84765625 0.04140625 0.03515625 0.046875
0 0.91015625 0.04140625 0.07421875 0.046875
4 0.97265625 0.04140625 0.015625 0.02109375
0 0.97265625 0.04140625 0.03515625 0.046875
2 0.5 0.94765625 0.9375 0.08359375
7 0.80390625 0.8296875 0.296875 0.07265625
6 0.8375 0.85546875 0.11328125 0.02109375
7 0.8078125 0.86875 0.3046875 0.046875
6 0.8484375 0.9359375 0.05 0.02109375
0 0.8484375 0.9359375 0.08125 0.04140625
0 0.9359375 0.9359375 0.065625 0.04140625