4 0.07578125 0.02109375 0.0734375 0.01328125
0 0.07578125 0.02109375 0.1046875 0.04140625
0 0.93359375 0.02109375 0.0859375 0.04140625
4 0.078125 0.07265625 0.078125 0.03125
0 0.078125 0.07265625 0.078125 0.0625
0 0.1921875 0.07265625 0.11875 0.0625
0 0.31171875 0.07265625 0.11875 0.0625
0 0.43515625 0.07265625 0.128125 0.0625
0 0.55703125 0.07265625 0.11640625 0.0625
1 0.8828125 0.07265625 0.1875 0.04921875
7 0.9578125 0.07109375 0.015625 0.021875
0 0.9578125 0.07265625 0.03125 0.04140625
2 0.19453125 0.26484375 0.34296875 0.07421875
2 0.16328125 0.3375 0.28046875 0.07421875
2 0.2953125 0.4328125 0.54296875 0.084375
0 0.0859375 0.51953125 0.125 0.04921875
4 0.7875 0.38671875 0.37890625 0.20859375
4 0.04296875 0.8171875 0.0390625 0.053125
2 0.46875 0.81640625 0.78125 0.03359375
2 0.3765625 0.9640625 0.70703125 0.053125
2 0.86875 0.9640625 0.21484375 0.053125