6 0.08515625 0.0296875 0.0703125 0.02109375
6 0.20078125 0.0296875 0.13203125 0.02109375
6 0.334375 0.0296875 0.10546875 0.02109375
6 0.41640625 0.0296875 0.03046875 0.02109375
6 0.4828125 0.0296875 0.0734375 0.02109375
6 0.55625 0.0296875 0.04375 0.02109375
6 0.61640625 0.0296875 0.046875 0.02109375
1 0.8078125 0.02890625 0.2328125 0.0390625
1 0.93671875 0.02890625 0.05546875 0.0390625
7 0.1515625 0.1015625 0.21953125 0.03125
0 0.8921875 0.15546875 0.17578125 0.05859375
4 0.5 0.1265625 0.96875 0.115625
4 0.5 0.4546875 1 0.7515625
2 0.290625 0.871875 0.4828125 0.2359375
2 0.7703125 0.828125 0.3015625 0.11484375
0 0.76953125 0.85703125 0.3609375 0.2859375
4 0.64375 0.9328125 0.05 0.02734375