7 0.79140625 0.01953125 0.00703125 0.01796875
4 0.8109375 0.01796875 0.009375 0.02109375
0 0.840625 0.0203125 0.0796875 0.025
7 0.8453125 0.01953125 0.0625 0.01796875
4 0.903125 0.01796875 0.0140625 0.02109375
0 0.93203125 0.0203125 0.08125 0.025
7 0.93828125 0.01953125 0.05859375 0.01796875
4 0.634375 0.02109375 0.03203125 0.0234375
7 0.66875 0.02109375 0.0390625 0.01796875
4 0.1234375 0.084375 0.2140625 0.05859375
0 0.30078125 0.08203125 0.040625 0.09140625
0 0.3953125 0.08203125 0.07890625 0.09140625
0 0.5015625 0.08203125 0.065625 0.09140625
0 0.5890625 0.08203125 0.0421875 0.09140625
0 0.70234375 0.08203125 0.11640625 0.09140625
0 0.83203125 0.08203125 0.07421875 0.09140625
0 0.93515625 0.08203125 0.06328125 0.09140625
4 0.25 0.38828125 0.5 0.52109375
4 0.75 0.38828125 0.5 0.52109375
7 0.5 0.38828125 1 0.52109375
4 0.0890625 0.60234375 0.05390625 0.0453125
4 0.15703125 0.60234375 0.05390625 0.0453125
4 0.22421875 0.60234375 0.05390625 0.0453125
7 0.084375 0.7890625 0.0796875 0.03359375
0 0.084375 0.74296875 0.109375 0.17578125
7 0.084375 0.8359375 0.0796875 0.03359375
7 0.084375 0.775 0.109375 0.0328125
4 0.21875 0.71328125 0.109375 0.09140625
0 0.21875 0.74296875 0.109375 0.17578125
7 0.21875 0.775 0.109375 0.0328125
7 0.353125 0.7890625 0.0796875 0.03359375
0 0.353125 0.74296875 0.109375 0.17578125
7 0.353125 0.8359375 0.0796875 0.03359375
7 0.353125 0.775 0.109375 0.0328125
4 0.48828125 0.71328125 0.109375 0.09140625
0 0.48828125 0.74296875 0.109375 0.17578125
7 0.48828125 0.775 0.109375 0.0328125
4 0.6234375 0.71328125 0.109375 0.09140625
0 0.6234375 0.74296875 0.109375 0.17578125
7 0.6234375 0.775 0.109375 0.0328125
7 0.7578125 0.7890625 0.0796875 0.03359375
0 0.7578125 0.74296875 0.109375 0.17578125
7 0.7578125 0.8359375 0.0796875 0.03359375
7 0.7578125 0.775 0.109375 0.0328125
4 0.92109375 0.68984375 0.125 0.16640625
7 0.9203125 0.7984375 0.05 0.01796875
2 0.065625 0.89609375 0.0984375 0.03671875
7 0.4453125 0.896875 0.02734375 0.01796875
4 0.46484375 0.89765625 0.01171875 0.0296875
0 0.4515625 0.896875 0.0390625 0.01796875
4 0.05859375 0.96796875 0.084375 0.0640625
0 0.24375 0.96796875 0.45390625 0.0640625
2 0.284375 0.95078125 0.34765625 0.02890625
6 0.28984375 0.98203125 0.3609375 0.0359375
2 0.5546875 0.89609375 0.08984375 0.03671875
4 0.76640625 0.9 0.03515625 0.0453125
0 0.76640625 0.91796875 0.040625 0.01796875
4 0.8109375 0.9 0.03515625 0.0453125
0 0.8109375 0.91796875 0.040625 0.01796875
4 0.85546875 0.9 0.03515625 0.0453125
0 0.85546875 0.91796875 0.040625 0.01796875
4 0.89921875 0.9 0.03515625 0.0453125
0 0.89921875 0.91796875 0.040625 0.01796875
4 0.94375 0.9 0.034375 0.0453125
0 0.94375 0.91796875 0.03984375 0.01796875
4 0.5515625 0.96796875 0.084375 0.0640625
0 0.73671875 0.96796875 0.45390625 0.0640625
2 0.77734375 0.95078125 0.34765625 0.02890625
6 0.7828125 0.98203125 0.359375 0.0359375