7 0.2671875 0.0265625 0.20625 0.021875
7 0.596875 0.0265625 0.4453125 0.021875
7 0.49296875 0.05625 0.175 0.02578125
4 0.0734375 0.128125 0.1078125 0.04296875
0 0.0734375 0.128125 0.1078125 0.04296875
7 0.20546875 0.128125 0.065625 0.01953125
0 0.19921875 0.128125 0.109375 0.05859375
1 0.4859375 0.128125 0.41328125 0.05859375
7 0.7828125 0.128125 0.04296875 0.02734375
0 0.7828125 0.128125 0.0453125 0.05859375
0 0.859375 0.128125 0.0703125 0.05859375
0 0.93828125 0.128125 0.08203125 0.05859375
7 0.2640625 0.42578125 0.44921875 0.0703125
7 0.2640625 0.49140625 0.44921875 0.0375
1 0.23984375 0.56875 0.4015625 0.06640625
7 0.14140625 0.86328125 0.2046875 0.03125
7 0.14140625 0.8921875 0.2046875 0.02734375
7 0.4953125 0.86328125 0.19921875 0.03125
7 0.4953125 0.8921875 0.19921875 0.02734375
7 0.8453125 0.86328125 0.1546875 0.03125
7 0.8453125 0.8921875 0.1546875 0.02734375
0 0.32265625 0.98125 0.0828125 0.0375
0 0.39765625 0.98125 0.0703125 0.0375
0 0.48515625 0.98125 0.1078125 0.0375
0 0.59453125 0.98125 0.1109375 0.0375
0 0.69375 0.98125 0.0875 0.0375
0 0.78046875 0.98125 0.0890625 0.0375
0 0.8921875 0.98125 0.134375 0.0375