4 0.05625 0.03671875 0.08203125 0.02890625
0 0.05625 0.03671875 0.08203125 0.02890625
0 0.8578125 0.03671875 0.07890625 0.04140625
0 0.94453125 0.03671875 0.0796875 0.04140625
7 0.2671875 0.1171875 0.50390625 0.04140625
7 0.565625 0.1171875 0.09375 0.04140625
4 0.63046875 0.11875 0.02421875 0.0328125
0 0.32890625 0.1171875 0.6265625 0.04140625
2 0.82109375 0.70625 0.225 0.040625
2 0.83515625 0.74765625 0.2515625 0.03125
0 0.83515625 0.83671875 0.2515625 0.0640625
0 0.83515625 0.915625 0.2515625 0.0640625
4 0.9484375 0.703125 0.0234375 0.03125
0 0.9484375 0.703125 0.025 0.03359375
2 0.28203125 0.3453125 0.5328125 0.2734375
4 0.73125 0.60234375 0.5375 0.7953125
7 0.10234375 0.58359375 0.14140625 0.03671875
0 0.21484375 0.58359375 0.3984375 0.078125
4 0.38671875 0.58359375 0.0234375 0.03125
7 0.1375 0.68203125 0.2125 0.03671875
0 0.21484375 0.68203125 0.3984375 0.078125
4 0.38671875 0.68203125 0.0234375 0.03125
7 0.10625 0.78125 0.14921875 0.03671875
0 0.21484375 0.78125 0.3984375 0.078125
4 0.38671875 0.78125 0.0234375 0.03125