4 0.5 0.05234375 1 0.10390625
4 0.678125 0.15 0.0078125 0.01015625
6 0.71953125 0.1484375 0.07734375 0.01796875
4 0.7640625 0.15 0.0078125 0.01015625
6 0.80234375 0.1484375 0.07109375 0.01796875
4 0.84453125 0.15 0.0078125 0.01015625
6 0.9125 0.1484375 0.1296875 0.01796875
7 0.31171875 0.2015625 0.2125 0.0328125
6 0.4578125 0.2015625 0.08203125 0.0328125
7 0.5015625 0.2015625 0.00703125 0.0328125
7 0.29765625 0.24375 0.1453125 0.01796875
6 0.43828125 0.24375 0.1359375 0.01796875
7 0.50703125 0.24375 0.0046875 0.01796875
7 0.80078125 0.18359375 0.1 0.01796875
6 0.878125 0.18359375 0.0578125 0.01796875
6 0.9234375 0.18359375 0.028125 0.01796875
7 0.95234375 0.18359375 0.03203125 0.01796875
7 0.75859375 0.20546875 0.05390625 0.01796875
6 0.8203125 0.20546875 0.0703125 0.01796875
7 0.86484375 0.20546875 0.0203125 0.01796875
6 0.90078125 0.20546875 0.05546875 0.01796875
7 0.9484375 0.20546875 0.03984375 0.01796875
6 0.7921875 0.228125 0.0453125 0.01796875
7 0.89140625 0.228125 0.1546875 0.01796875
6 0.7609375 0.25 0.028125 0.01796875
7 0.7953125 0.25 0.0421875 0.01796875
6 0.83671875 0.25 0.0421875 0.01796875
7 0.9125 0.25 0.1125 0.01796875
4 0.2203125 0.34609375 0.03203125 0.04453125
6 0.27109375 0.31484375 0.0421875 0.02109375
7 0.3015625 0.31484375 0.021875 0.02109375
6 0.34296875 0.31484375 0.06171875 0.02109375
6 0.26875 0.35 0.03828125 0.02109375
7 0.29296875 0.35 0.00390625 0.02109375
6 0.34453125 0.35 0.0859375 0.02109375
7 0.3984375 0.35 0.021875 0.02109375
6 0.428125 0.35 0.040625 0.02109375
7 0.453125 0.35 0.00390625 0.02109375
6 0.4984375 0.35 0.071875 0.02109375
7 0.5390625 0.35 0.00390625 0.02109375
6 0.2734375 0.37734375 0.046875 0.02109375
7 0.30234375 0.37734375 0.0046875 0.02109375
6 0.353125 0.37734375 0.0859375 0.02109375
7 0.4015625 0.37734375 0.00390625 0.02109375
6 0.465625 0.37734375 0.11015625 0.02109375
4 0.61875 0.34921875 0.03203125 0.04453125
6 0.67265625 0.31484375 0.05546875 0.02109375
7 0.71171875 0.31484375 0.02265625 0.02109375
6 0.74296875 0.31484375 0.04375 0.02109375
6 0.66796875 0.35 0.046875 0.02109375
7 0.69609375 0.35 0.00390625 0.02109375
6 0.75703125 0.35 0.103125 0.02109375
7 0.81328125 0.35 0.00390625 0.02109375
6 0.840625 0.35 0.0375 0.02109375
7 0.865625 0.35 0.0046875 0.02109375
6 0.68671875 0.37734375 0.084375 0.02109375
7 0.73359375 0.37734375 0.0046875 0.02109375
6 0.778125 0.37734375 0.06953125 0.02109375
4 0.21953125 0.46015625 0.01953125 0.02734375
7 0.3421875 0.459375 0.1984375 0.0234375
6 0.5671875 0.459375 0.0421875 0.01328125
7 0.5921875 0.459375 0.0078125 0.01328125
6 0.60078125 0.459375 0.01171875 0.01328125
7 0.609375 0.459375 0.0078125 0.01328125
6 0.6296875 0.459375 0.0375 0.01328125
7 0.65234375 0.459375 0.0078125 0.01328125
6 0.66953125 0.459375 0.028125 0.01328125
4 0.59765625 0.5828125 0.165625 0.1578125
6 0.2546875 0.5046875 0.1046875 0.01953125
7 0.309375 0.5046875 0.0078125 0.01953125
6 0.325 0.5046875 0.02265625 0.01953125
7 0.3859375 0.5046875 0.0953125 0.01953125
7 0.4421875 0.5046875 0.0203125 0.01953125
6 0.265625 0.53046875 0.1265625 0.01953125
7 0.35703125 0.53046875 0.05546875 0.01953125
6 0.4078125 0.53046875 0.05 0.01953125
7 0.32890625 0.54375 0.253125 0.0453125
6 0.3578125 0.55625 0.13125 0.01953125
7 0.3421875 0.56953125 0.2796875 0.0453125
6 0.30859375 0.5828125 0.115625 0.01953125
7 0.371875 0.5828125 0.01484375 0.01953125
6 0.39765625 0.5828125 0.03984375 0.01953125
7 0.428125 0.5828125 0.021875 0.01953125
6 0.3421875 0.60859375 0.2796875 0.01953125
7 0.4859375 0.60859375 0.0109375 0.01953125
6 0.2828125 0.634375 0.1609375 0.01953125
7 0.3734375 0.634375 0.0203125 0.01953125
6 0.4171875 0.634375 0.07109375 0.01953125
7 0.32890625 0.6734375 0.25390625 0.0453125
6 0.434375 0.68671875 0.228125 0.01953125
7 0.43515625 0.72578125 0.465625 0.09765625
6 0.25625 0.76484375 0.021875 0.01953125
7 0.3390625 0.76484375 0.140625 0.01953125
7 0.44375 0.76484375 0.0703125 0.01953125
6 0.50625 0.76484375 0.0578125 0.01953125
6 0.55234375 0.76484375 0.028125 0.01953125
7 0.4328125 0.778125 0.46171875 0.0453125
6 0.42265625 0.790625 0.02265625 0.01953125
7 0.51875 0.790625 0.165625 0.01953125
7 0.4421875 0.80390625 0.4796875 0.0453125
6 0.284375 0.8171875 0.021875 0.01953125
7 0.3265625 0.8171875 0.0578125 0.01953125
7 0.37578125 0.8171875 0.04375 0.01953125
6 0.43359375 0.8171875 0.07421875 0.01953125
7 0.51328125 0.8171875 0.08515625 0.01953125
6 0.4203125 0.8296875 0.43671875 0.0453125
7 0.42578125 0.84296875 0.13125 0.01953125
6 0.646875 0.8765625 0.0890625 0.01953125
4 0.21953125 0.92265625 0.01953125 0.02734375
7 0.32890625 0.921875 0.171875 0.0234375
6 0.5671875 0.921875 0.0421875 0.01328125
7 0.5921875 0.921875 0.0078125 0.01328125
6 0.60078125 0.921875 0.01171875 0.01328125
7 0.609375 0.921875 0.0078125 0.01328125
6 0.6296875 0.921875 0.0375 0.01328125
7 0.65234375 0.921875 0.0078125 0.01328125
6 0.66953125 0.921875 0.028125 0.01328125
4 0.60234375 0.9828125 0.15625 0.03359375
6 0.278125 0.9671875 0.1515625 0.01953125
7 0.3640625 0.9671875 0.0203125 0.01953125
6 0.4125 0.9671875 0.08125 0.01953125
7 0.46484375 0.9671875 0.0234375 0.01953125
6 0.27109375 0.99140625 0.1375 0.0171875
7 0.34453125 0.99140625 0.00859375 0.0171875
6 0.3640625 0.99140625 0.03515625 0.0171875
7 0.38828125 0.99140625 0.01484375 0.0171875
6 0.453125 0.99140625 0.1171875 0.0171875
4 0.7296875 0.46015625 0.0296875 0.021875
7 0.78671875 0.45859375 0.07734375 0.0234375
6 0.85234375 0.45859375 0.0375 0.01328125
7 0.875 0.45859375 0.0078125 0.01328125
6 0.903125 0.45859375 0.0515625 0.01328125
7 0.9328125 0.45859375 0.0078125 0.01328125
6 0.95 0.45859375 0.028125 0.01328125
6 0.84296875 0.50078125 0.23359375 0.01953125
7 0.9625 0.50078125 0.0078125 0.01953125
6 0.7515625 0.5265625 0.05078125 0.01953125
7 0.78125 0.5265625 0.01171875 0.01953125
6 0.85078125 0.5265625 0.128125 0.01953125
7 0.9203125 0.5265625 0.0125 0.01953125
6 0.84296875 0.53984375 0.2328125 0.0453125
4 0.89765625 0.6234375 0.146875 0.1015625
7 0.77265625 0.62578125 0.0921875 0.09765625
6 0.771875 0.66484375 0.0578125 0.01953125
7 0.7859375 0.678125 0.11796875 0.0453125
6 0.8703125 0.690625 0.053125 0.01953125
7 0.92890625 0.690625 0.05859375 0.0171875
7 0.84375 0.70390625 0.234375 0.0453125
6 0.8234375 0.7171875 0.06953125 0.01953125
7 0.88984375 0.7171875 0.05859375 0.0171875
7 0.80546875 0.74375 0.1578125 0.01953125
6 0.915625 0.74375 0.06640625 0.01953125
7 0.8390625 0.7703125 0.22578125 0.071875
7 0.9078125 0.79609375 0.0515625 0.0171875
6 0.77421875 0.82890625 0.10859375 0.0171875
7 0.8328125 0.82890625 0.0109375 0.0171875
6 0.871875 0.82890625 0.071875 0.0171875
7 0.9125 0.82890625 0.009375 0.0171875
6 0.94375 0.82890625 0.0546875 0.0171875
4 0.72578125 0.88046875 0.02265625 0.03125
6 0.78359375 0.86953125 0.07109375 0.0234375
7 0.790625 0.88125 0.08515625 0.0453125
6 0.91015625 0.875 0.01171875 0.01328125
7 0.91875 0.875 0.0078125 0.01328125
6 0.940625 0.875 0.03828125 0.01328125
7 0.96015625 0.875 0.0046875 0.01328125
6 0.903125 0.88671875 0.0515625 0.01328125
7 0.9328125 0.88671875 0.0078125 0.01328125
6 0.95 0.88671875 0.028125 0.01328125
7 0.7546875 0.9328125 0.05546875 0.01953125
6 0.8609375 0.9328125 0.159375 0.01953125
6 0.740625 0.9671875 0.028125 0.01953125
7 0.83828125 0.978125 0.2234375 0.04296875
2 0.096875 0.5078125 0.19375 0.984375
7 0.584375 0.02109375 0.159375 0.02578125
6 0.7078125 0.025 0.071875 0.01796875
6 0.771875 0.025 0.0390625 0.01796875
6 0.8703125 0.025 0.1421875 0.01796875
6 0.96796875 0.025 0.03515625 0.01796875
0 0.2046875 0.078125 0.0640625 0.05234375
0 0.2828125 0.078125 0.09375 0.05234375
0 0.540625 0.078125 0.0578125 0.05234375
0 0.6046875 0.078125 0.0734375 0.05234375
0 0.709375 0.078125 0.13671875 0.05234375
1 0.884375 0.08046875 0.2015625 0.03671875
1 0.971875 0.08046875 0.0234375 0.03359375
1 0.971875 0.08046875 0.0234375 0.03359375
4 0.0859375 0.10390625 0.15625 0.2078125
6 0.0734375 0.2515625 0.09375 0.01953125
6 0.06171875 0.2765625 0.07109375 0.01953125
6 0.075 0.3015625 0.096875 0.01953125
6 0.06328125 0.3265625 0.0734375 0.01953125
6 0.075 0.35078125 0.096875 0.01953125
2 0.090625 0.3953125 0.12890625 0.01953125
6 0.075 0.4265625 0.096875 0.01953125
6 0.04609375 0.4515625 0.03984375 0.01953125
6 0.04765625 0.47578125 0.04296875 0.01953125
6 0.065625 0.50078125 0.078125 0.01953125
2 0.090625 0.5515625 0.12890625 0.01953125
6 0.071875 0.5828125 0.0921875 0.01953125
6 0.0875 0.6078125 0.1234375 0.01953125
6 0.08046875 0.63203125 0.10859375 0.01953125
6 0.08125 0.65703125 0.11015625 0.01953125
6 0.06953125 0.68984375 0.0859375 0.03671875
6 0.07734375 0.7234375 0.10234375 0.01953125
6 0.090625 0.7484375 0.128125 0.01953125
6 0.071875 0.77265625 0.090625 0.01953125
2 0.090625 0.8109375 0.12890625 0.01953125
6 0.059375 0.8421875 0.06640625 0.01953125
6 0.05390625 0.86640625 0.05546875 0.01953125
6 0.0515625 0.89140625 0.05 0.01953125
6 0.04921875 0.915625 0.04609375 0.01953125
6 0.06171875 0.940625 0.07109375 0.01953125
6 0.04765625 0.965625 0.0421875 0.01953125
6 0.0515625 0.98984375 0.05 0.0203125