6 0.05859375 0.02265625 0.03515625 0.0140625
6 0.10859375 0.02265625 0.040625 0.0140625
6 0.16015625 0.02265625 0.0390625 0.0140625
6 0.21171875 0.02265625 0.03984375 0.0140625
6 0.2640625 0.02265625 0.0421875 0.0140625
6 0.30703125 0.02265625 0.0203125 0.0140625
1 0.45703125 0.025 0.19140625 0.02578125
7 0.56328125 0.02421875 0.0046875 0.0375
4 0.61328125 0.0171875 0.0140625 0.0171875
0 0.61328125 0.02421875 0.06875 0.0484375
0 0.734375 0.02265625 0.0875 0.0328125
0 0.825 0.02265625 0.0875 0.0328125
0 0.91484375 0.02265625 0.0875 0.0328125
4 0.10234375 0.13046875 0.11328125 0.1328125
0 0.10234375 0.13046875 0.11328125 0.1328125
0 0.29921875 0.09140625 0.28828125 0.0546875
7 0.678125 0.115625 0.33984375 0.02890625
7 0.2171875 0.1578125 0.05859375 0.02109375
0 0.2171875 0.1578125 0.1078125 0.0546875
7 0.33984375 0.1578125 0.08984375 0.02109375
0 0.340625 0.1578125 0.13984375 0.0546875
7 0.496875 0.1578125 0.12421875 0.02109375
0 0.496875 0.1578125 0.17265625 0.0546875
7 0.64453125 0.1578125 0.07421875 0.02109375
0 0.64453125 0.1578125 0.1234375 0.0546875
7 0.7578125 0.1578125 0.0546875 0.02109375
0 0.7578125 0.1578125 0.103125 0.0546875
7 0.878125 0.1578125 0.0875 0.02109375
0 0.878125 0.1578125 0.13671875 0.0546875
6 0.66796875 0.25703125 0.0859375 0.021875
6 0.66796875 0.25703125 0.0859375 0.021875
6 0.66796875 0.25703125 0.0859375 0.021875
6 0.66796875 0.25703125 0.0859375 0.021875
6 0.36796875 0.6546875 0.615625 0.05234375
4 0.38359375 0.4671875 0.66484375 0.4625
2 0.20859375 0.75390625 0.315625 0.02109375
4 0.20859375 0.9015625 0.315625 0.196875
6 0.3578125 0.753125 0.0140625 0.01953125
2 0.5578125 0.75390625 0.315625 0.02109375
6 0.51953125 0.753125 0.0140625 0.01953125
7 0.53046875 0.753125 0.0109375 0.01953125
6 0.55625 0.753125 0.0421875 0.01953125
7 0.58125 0.753125 0.009375 0.01953125
6 0.6046875 0.753125 0.03984375 0.01953125
7 0.53828125 0.775 0.05078125 0.01953125
6 0.57890625 0.775 0.0328125 0.01953125
7 0.60859375 0.775 0.02734375 0.01953125
6 0.6671875 0.775 0.09296875 0.01953125
4 0.47421875 0.853125 0.14765625 0.103125
7 0.590625 0.8109375 0.07421875 0.015625
7 0.6375 0.8109375 0.0203125 0.015625
7 0.6171875 0.8203125 0.1265625 0.03359375
6 0.6265625 0.90546875 0.1453125 0.07421875
7 0.43359375 0.98046875 0.06640625 0.015625
7 0.47578125 0.98046875 0.01953125 0.015625
7 0.5140625 0.98046875 0.059375 0.015625
6 0.55625 0.99609375 0.31171875 0.0078125
4 0.85 0.2984375 0.1984375 0.09921875
7 0.78828125 0.36015625 0.07421875 0.021875
7 0.8828125 0.3609375 0.115625 0.01953125
4 0.85 0.48203125 0.1984375 0.09921875
7 0.8328125 0.55625 0.16328125 0.0484375
4 0.85 0.69140625 0.1984375 0.09921875
7 0.8375 0.76640625 0.17265625 0.0484375
2 0.85 0.84921875 0.1984375 0.02109375
4 0.8484375 0.94921875 0.09765625 0.1015625