4 0.5 0.05234375 1 0.10390625
7 0.4453125 0.2015625 0.4546875 0.06484375
7 0.2625 0.2484375 0.0890625 0.021875
6 0.3390625 0.2484375 0.06953125 0.021875
6 0.415625 0.2484375 0.078125 0.021875
7 0.51875 0.2484375 0.128125 0.021875
6 0.4359375 0.2625 0.4359375 0.05078125
6 0.72578125 0.23359375 0.04765625 0.021875
6 0.7921875 0.23359375 0.05078125 0.021875
6 0.8578125 0.23359375 0.0453125 0.021875
7 0.9328125 0.23515625 0.071875 0.04296875
0 0.9328125 0.23359375 0.071875 0.021875
7 0.43046875 0.3515625 0.4671875 0.046875
4 0.43046875 0.7 0.4390625 0.6
7 0.83984375 0.3515625 0.3203125 0.046875
4 0.8484375 0.5828125 0.303125 0.3921875
6 0.72578125 0.7953125 0.0515625 0.01953125
7 0.875 0.79453125 0.25 0.0203125
6 0.9171875 0.84140625 0.159375 0.02578125
7 0.83984375 0.91640625 0.3203125 0.046875
7 0.84921875 0.9734375 0.3015625 0.053125
2 0.08828125 0.5078125 0.1765625 0.984375
7 0.70546875 0.02109375 0.08515625 0.02578125
6 0.76640625 0.025 0.021875 0.01796875
6 0.82109375 0.025 0.0703125 0.01796875
6 0.903125 0.025 0.0796875 0.01796875
6 0.96875 0.025 0.0328125 0.01796875
0 0.21015625 0.078125 0.075 0.05234375
0 0.2859375 0.078125 0.078125 0.05234375
0 0.615625 0.078125 0.04375 0.05234375
0 0.67890625 0.078125 0.08515625 0.05234375
0 0.74921875 0.078125 0.05625 0.05234375
1 0.884375 0.08046875 0.2015625 0.03671875
1 0.971875 0.08046875 0.0234375 0.03359375
1 0.971875 0.08046875 0.0234375 0.03359375
4 0.0859375 0.10390625 0.15625 0.2078125
6 0.05390625 0.2515625 0.05546875 0.01953125
6 0.0515625 0.2765625 0.05 0.01953125
6 0.07265625 0.3015625 0.09296875 0.01953125
6 0.0609375 0.3265625 0.06875 0.01953125
6 0.05703125 0.35078125 0.06171875 0.01953125
2 0.090625 0.3953125 0.12890625 0.01953125
1 0.08203125 0.4234375 0.1109375 0.02578125
2 0.090625 0.4671875 0.12890625 0.01953125
6 0.0546875 0.4984375 0.05625 0.01953125
6 0.06953125 0.52265625 0.0859375 0.01953125
6 0.05546875 0.54765625 0.0578125 0.01953125
6 0.0578125 0.571875 0.06328125 0.01953125
6 0.05546875 0.596875 0.0578125 0.01953125
2 0.090625 0.64140625 0.12890625 0.01953125
6 0.05390625 0.67265625 0.05546875 0.01953125
6 0.053125 0.696875 0.05390625 0.01953125
6 0.0578125 0.721875 0.06328125 0.01953125
6 0.05390625 0.746875 0.0546875 0.01953125
6 0.04921875 0.771875 0.04609375 0.01953125
6 0.05390625 0.79609375 0.05546875 0.01953125
6 0.0515625 0.82109375 0.05078125 0.01953125
6 0.05234375 0.8453125 0.0515625 0.01953125
6 0.053125 0.8703125 0.053125 0.01953125
6 0.05546875 0.8953125 0.05859375 0.01953125
6 0.05546875 0.9203125 0.0578125 0.01953125
6 0.05703125 0.94453125 0.06171875 0.01953125
6 0.05390625 0.96953125 0.05546875 0.01953125