7 0.1703125 0.0390625 0.0578125 0.078125
0 0.17890625 0.0390625 0.075 0.078125
7 0.26796875 0.0390625 0.04609375 0.078125
0 0.26796875 0.0390625 0.04609375 0.078125
7 0.34296875 0.0390625 0.04765625 0.078125
0 0.34296875 0.0390625 0.04765625 0.078125
7 0.43203125 0.0390625 0.0734375 0.078125
0 0.440625 0.0390625 0.090625 0.078125
7 0.80625 0.0390625 0.05546875 0.078125
0 0.80625 0.0390625 0.05546875 0.078125
7 0.903125 0.0390625 0.0796875 0.078125
0 0.9125 0.0390625 0.09765625 0.078125
4 0.5 0.390625 1 0.78125
4 0.5 0.390625 1 0.78125
4 0.240625 0.25625 0.2265625 0.1953125
4 0.3390625 0.7609375 0.0109375 0.009375
4 0.5 0.890625 1 0.21875
2 0.08515625 0.8734375 0.0953125 0.05234375
7 0.18984375 0.878125 0.08515625 0.02734375
0 0.18828125 0.8734375 0.11328125 0.05703125
4 0.2375 0.878125 0.0125 0.0171875
4 0.1203125 0.990625 0.16328125 0.01796875
0 0.1203125 0.990625 0.16328125 0.01796875
4 0.303125 0.990625 0.16328125 0.01796875
0 0.303125 0.990625 0.16328125 0.01796875
4 0.4859375 0.990625 0.16328125 0.01796875
0 0.4859375 0.990625 0.16328125 0.01796875
4 0.66875 0.990625 0.16328125 0.01796875
0 0.66875 0.990625 0.16328125 0.01796875
4 0.85078125 0.990625 0.16328125 0.01796875
0 0.85078125 0.990625 0.16328125 0.01796875
4 0.97578125 0.990625 0.04765625 0.01796875
0 0.97578125 0.990625 0.04765625 0.01796875