4 0.071875 0.03359375 0.0875 0.04140625
0 0.071875 0.03359375 0.14375 0.0671875
0 0.22734375 0.0296875 0.15703125 0.05859375
0 0.4078125 0.0296875 0.15703125 0.05859375
0 0.58828125 0.0296875 0.15703125 0.05859375
0 0.76875 0.0296875 0.15703125 0.05859375
7 0.921875 0.0234375 0.13671875 0.0234375
0 0.92109375 0.03359375 0.1359375 0.0671875
7 0.921875 0.046875 0.13671875 0.01796875
0 0.0453125 0.0859375 0.053125 0.03671875
0 0.11484375 0.0859375 0.065625 0.03671875
0 0.21640625 0.0859375 0.11640625 0.03671875
0 0.3078125 0.0859375 0.04609375 0.03671875
0 0.3734375 0.0859375 0.0625 0.03671875
0 0.440625 0.0859375 0.0515625 0.03671875
0 0.50703125 0.0859375 0.06171875 0.03671875
0 0.584375 0.0859375 0.07109375 0.03671875
4 0.65703125 0.08359375 0.0109375 0.0078125
0 0.65859375 0.0859375 0.03984375 0.03671875
4 0.71953125 0.0859375 0.02421875 0.03125
0 0.71953125 0.0859375 0.028125 0.03671875
0 0.80390625 0.0859375 0.0890625 0.03671875
4 0.92109375 0.0875 0.0109375 0.03359375
0 0.9078125 0.0859375 0.09375 0.03671875
4 0.5 0.2984375 0.946875 0.32578125
4 0.12421875 0.5640625 0.2046875 0.15390625
0 0.12421875 0.67734375 0.2046875 0.38046875
7 0.12421875 0.74375 0.2046875 0.1953125
4 0.12421875 0.94765625 0.2046875 0.10390625
0 0.12421875 0.94765625 0.2046875 0.10390625
4 0.45625 0.64453125 0.4203125 0.31484375
0 0.45546875 0.74296875 0.4203125 0.5140625
7 0.45625 0.8765625 0.4203125 0.1328125
0 0.83203125 0.56796875 0.29296875 0.0546875
0 0.83203125 0.634375 0.29296875 0.0546875
0 0.83203125 0.70078125 0.29296875 0.0546875
0 0.83203125 0.7671875 0.29296875 0.0546875
0 0.83203125 0.83359375 0.29296875 0.0546875
0 0.83203125 0.9 0.29296875 0.0546875
0 0.83203125 0.96640625 0.29296875 0.0546875