0 0.5 0.00390625 1 0.0078125
4 0.0421875 0.0171875 0.02265625 0.01796875
7 0.2 0.0171875 0.2796875 0.01953125
7 0.878125 0.015625 0.140625 0.0234375
4 0.9609375 0.015625 0.0171875 0.0234375
4 0.12890625 0.0859375 0.1953125 0.078125
1 0.7125 0.0640625 0.234375 0.03359375
6 0.49140625 0.10859375 0.04296875 0.021875
7 0.51640625 0.10859375 0.009375 0.021875
6 0.55390625 0.10859375 0.06640625 0.021875
7 0.590625 0.10859375 0.009375 0.021875
6 0.6234375 0.10859375 0.0578125 0.021875
4 0.6703125 0.1078125 0.01875 0.0234375
4 0.70078125 0.1078125 0.01875 0.0234375
4 0.73046875 0.1078125 0.0171875 0.0234375
4 0.7609375 0.1078125 0.0171875 0.0234375
4 0.790625 0.1078125 0.0171875 0.0234375
4 0.82109375 0.1078125 0.0171875 0.0234375
7 0.86796875 0.07578125 0.05390625 0.0546875
7 0.9046875 0.11015625 0.1265625 0.0140625
0 0.096875 0.1625 0.13125 0.0484375
0 0.2234375 0.1625 0.12421875 0.0484375
0 0.36953125 0.1625 0.17109375 0.0484375
0 0.53984375 0.1625 0.17109375 0.0484375
0 0.6890625 0.1625 0.1296875 0.0484375
0 0.859375 0.1625 0.2125 0.0484375
4 0.0390625 0.2125 0.015625 0.0171875
7 0.24375 0.2125 0.384375 0.0328125
4 0.909375 0.21171875 0.00625 0.009375
7 0.4890625 0.33828125 0.8765625 0.11953125
6 0.740625 0.38515625 0.13984375 0.02578125
7 0.8125 0.38515625 0.00390625 0.02578125
7 0.315625 0.4296875 0.5296875 0.02578125
6 0.6203125 0.4296875 0.0796875 0.02578125
7 0.46640625 0.4453125 0.83125 0.05703125
7 0.434375 0.50546875 0.7671875 0.02578125
6 0.496875 0.52109375 0.89140625 0.05703125
7 0.2171875 0.53671875 0.209375 0.02578125
7 0.89375 0.59375 0.090625 0.03125
6 0.5015625 0.6546875 0.5484375 0.046875
7 0.265625 0.7453125 0.46875 0.08984375
7 0.134375 0.80625 0.1390625 0.02578125
6 0.28671875 0.80625 0.16484375 0.02578125
7 0.37109375 0.80625 0.00390625 0.02578125
6 0.259375 0.821875 0.3890625 0.05703125
7 0.09609375 0.8375 0.00703125 0.02578125
6 0.1765625 0.8375 0.1546875 0.02578125
7 0.25703125 0.8375 0.00703125 0.02578125
6 0.3390625 0.8375 0.15625 0.02578125
7 0.4203125 0.8375 0.00703125 0.02578125
6 0.2703125 0.853125 0.41015625 0.05703125
7 0.36953125 0.86875 0.02421875 0.02578125
6 0.4234375 0.86875 0.0828125 0.02578125
0 0.165625 0.9453125 0.1953125 0.0703125
6 0.8015625 0.7984375 0.15703125 0.0296875
6 0.8265625 0.85 0.20703125 0.0296875
6 0.78203125 0.9 0.11875 0.0296875
6 0.78984375 0.9515625 0.13359375 0.0296875