6 0.06953125 0.0296875 0.10859375 0.02890625
0 0.06953125 0.03125 0.10859375 0.0625
6 0.18046875 0.0296875 0.09296875 0.02890625
0 0.18046875 0.03125 0.09296875 0.0625
6 0.3046875 0.0296875 0.13671875 0.02890625
0 0.3046875 0.03125 0.13671875 0.0625
6 0.48203125 0.0296875 0.11015625 0.02890625
0 0.475 0.03125 0.125 0.0625
4 0.9515625 0.02890625 0.01953125 0.02578125
0 0.95078125 0.0296875 0.0359375 0.059375
0 0.90390625 0.0296875 0.0578125 0.059375
2 0.0875 0.11328125 0.11640625 0.02578125
1 0.49296875 0.11484375 0.6390625 0.05234375
6 0.91484375 0.11484375 0.115625 0.03671875
0 0.91484375 0.11484375 0.146875 0.04140625
2 0.28828125 0.315625 0.50625 0.06640625
2 0.09453125 0.3890625 0.11796875 0.0296875
7 0.33984375 0.3890625 0.3671875 0.0296875
2 0.09921875 0.428125 0.128125 0.0296875
7 0.3765625 0.428125 0.421875 0.0296875
2 0.0984375 0.4671875 0.12578125 0.0296875
7 0.378125 0.4671875 0.428125 0.0296875
7 0.0859375 0.540625 0.0703125 0.0390625
0 0.0859375 0.540625 0.1015625 0.04140625
7 0.20625 0.540625 0.0703125 0.0390625
0 0.20625 0.540625 0.1015625 0.04140625
2 0.5 0.8140625 0.90625 0.06796875
7 0.5 0.90390625 0.390625 0.0703125