7 0.40703125 0.021875 0.3515625 0.02109375
6 0.67265625 0.021875 0.18359375 0.02109375
7 0.76640625 0.021875 0.0046875 0.02109375
0 0.23515625 0.1078125 0.3875 0.08203125
1 0.80625 0.1265625 0.15703125 0.04296875
6 0.7265625 0.0828125 0.040625 0.01953125
6 0.778125 0.0828125 0.0171875 0.01953125
6 0.83671875 0.0828125 0.0515625 0.01953125
6 0.909375 0.0828125 0.0484375 0.01953125
0 0.09609375 0.21328125 0.10859375 0.07265625
0 0.2234375 0.21328125 0.146875 0.07265625
0 0.35625 0.21328125 0.11875 0.07265625
0 0.5453125 0.21328125 0.2578125 0.07265625
4 0.340625 0.5171875 0.6390625 0.53515625
2 0.14453125 0.71875 0.22265625 0.03671875
7 0.2703125 0.75390625 0.4734375 0.02109375
7 0.54765625 0.75390625 0.084375 0.02109375
7 0.5953125 0.75390625 0.0125 0.02109375
2 0.81875 0.3046875 0.28046875 0.03125
7 0.81875 0.359375 0.31953125 0.046875
7 0.73359375 0.428125 0.0625 0.021875
0 0.73671875 0.428125 0.11640625 0.05859375
7 0.8828125 0.428125 0.0921875 0.021875
0 0.88671875 0.428125 0.146875 0.05859375
2 0.81875 0.55078125 0.28046875 0.03125
7 0.81875 0.5953125 0.28046875 0.02734375
6 0.8453125 0.64296875 0.10078125 0.02109375
6 0.85859375 0.68125 0.128125 0.02109375
6 0.87265625 0.71875 0.15546875 0.02109375
6 0.1796875 0.85234375 0.1640625 0.021875
6 0.39453125 0.85234375 0.1546875 0.021875
6 0.6078125 0.85234375 0.1703125 0.021875
6 0.82109375 0.85234375 0.1625 0.021875
0 0.09921875 0.9765625 0.13984375 0.046875
6 0.40078125 0.9796875 0.3953125 0.040625
7 0.83984375 0.9890625 0.2421875 0.021875