4 0.06875 0.0328125 0.05859375 0.03125
0 0.06875 0.0328125 0.05859375 0.06484375
7 0.09453125 0.09921875 0.11015625 0.02109375
0 0.09453125 0.09921875 0.11015625 0.06484375
0 0.83515625 0.09921875 0.040625 0.06484375
0 0.9234375 0.1 0.075 0.040625
0 0.45 0.09921875 0.0796875 0.06484375
0 0.53828125 0.09921875 0.04765625 0.06484375
0 0.63203125 0.09921875 0.08984375 0.06484375
0 0.73359375 0.09921875 0.0640625 0.06484375
4 0.5 0.396875 1 0.52734375
2 0.2953125 0.30703125 0.5078125 0.078125
2 0.2015625 0.3921875 0.3203125 0.078125
0 0.10625 0.49765625 0.1296875 0.06015625
0 0.28671875 0.49765625 0.18828125 0.06015625
7 0.384375 0.70703125 0.59296875 0.03359375
0 0.7453125 0.70703125 0.10234375 0.03671875
2 0.15546875 0.890625 0.2296875 0.1171875
4 0.38515625 0.85546875 0.18046875 0.13828125
0 0.38515625 0.8765625 0.2296875 0.24609375
2 0.3859375 0.9671875 0.1796875 0.03515625
4 0.61484375 0.85546875 0.18046875 0.13828125
0 0.61484375 0.8765625 0.2296875 0.24609375
2 0.61484375 0.97421875 0.1796875 0.0515625
4 0.84453125 0.85546875 0.18046875 0.13828125
0 0.84453125 0.8765625 0.2296875 0.24609375
2 0.84375 0.97421875 0.178125 0.0515625
4 0.9609375 0.94765625 0.01953125 0.02578125
0 0.9609375 0.94765625 0.046875 0.0625