7 0.5 0.01015625 1 0.0203125
0 0.11875 0.02578125 0.15625 0.0515625
4 0.50078125 0.0328125 0.9984375 0.01328125
7 0.5265625 0.01796875 0.278125 0.0359375
7 0.8984375 0.02578125 0.084375 0.02109375
4 0.9515625 0.025 0.01484375 0.01953125
4 0.18515625 0.146875 0.33125 0.09375
0 0.509375 0.146875 0.98046875 0.09375
7 0.10078125 0.28125 0.1359375 0.02578125
0 0.12578125 0.28125 0.21796875 0.046875
4 0.19453125 0.2828125 0.01171875 0.015625
6 0.05546875 0.33984375 0.0453125 0.02578125
6 0.1515625 0.33984375 0.06953125 0.02578125
6 0.2671875 0.33984375 0.0828125 0.02578125
6 0.378125 0.33984375 0.06171875 0.02578125
1 0.74375 0.2984375 0.3140625 0.05078125
1 0.94140625 0.2984375 0.08203125 0.05078125
0 0.0953125 0.41171875 0.190625 0.06796875
0 0.309375 0.41171875 0.234375 0.06796875
0 0.52421875 0.41171875 0.190625 0.06796875
0 0.73203125 0.41171875 0.221875 0.06796875
0 0.921875 0.4109375 0.15625 0.06875
2 0.1640625 0.60625 0.25 0.07421875
7 0.1640625 0.71015625 0.25 0.0953125
0 0.096875 0.79140625 0.11640625 0.04921875
4 0.66328125 0.6765625 0.67265625 0.4625
4 0.12578125 0.975 0.209375 0.04921875
0 0.12578125 0.975 0.209375 0.04921875
4 0.375 0.975 0.209375 0.04921875
0 0.375 0.975 0.209375 0.04921875
4 0.625 0.975 0.209375 0.04921875
0 0.625 0.975 0.209375 0.04921875
3 0.884375 0.975 0.23046875 0.04921875