3 0.5 0.178125 0.946875 0.32578125
4 0.0296875 0.409375 0.01875 0.0328125
0 0.0359375 0.409375 0.03046875 0.053125
4 0.03984375 0.47421875 0.02421875 0.03359375
0 0.03984375 0.47421875 0.03984375 0.05703125
0 0.1828125 0.4078125 0.153125 0.0296875
0 0.1828125 0.4421875 0.153125 0.0296875
7 0.16328125 0.4765625 0.09765625 0.02109375
4 0.3140625 0.44296875 0.03828125 0.1953125
2 0.496875 0.44296875 0.2984375 0.11171875
0 0.496875 0.44296875 0.2984375 0.11171875
7 0.84296875 0.44375 0.08203125 0.02109375
0 0.84296875 0.44296875 0.1 0.04140625
7 0.940625 0.44375 0.046875 0.02109375
0 0.940625 0.44296875 0.0640625 0.04140625
7 0.0484375 0.55390625 0.03515625 0.025
7 0.12109375 0.55390625 0.01953125 0.025
7 0.20078125 0.55390625 0.05 0.025
7 0.28984375 0.55390625 0.03984375 0.025
7 0.3890625 0.55390625 0.06875 0.025
7 0.51640625 0.55390625 0.0984375 0.025
7 0.64375 0.55390625 0.0671875 0.025
7 0.7609375 0.55390625 0.078125 0.025
7 0.86875 0.55390625 0.0484375 0.025
4 0.953125 0.5546875 0.046875 0.02890625
0 0.953125 0.5546875 0.0625 0.02890625
6 0.9484375 0.5546875 0.0234375 0.0234375
2 0.090625 0.61328125 0.11796875 0.0234375
7 0.13984375 0.6484375 0.2171875 0.046875
2 0.34296875 0.61328125 0.12578125 0.0234375
7 0.384375 0.6484375 0.209375 0.046875
2 0.584375 0.61328125 0.125 0.0234375
7 0.62578125 0.6484375 0.209375 0.046875
2 0.8171875 0.61328125 0.109375 0.0234375
7 0.871875 0.6484375 0.21796875 0.046875
7 0.503125 0.74453125 0.30625 0.03125
2 0.503125 0.784375 0.30625 0.0484375
7 0.503125 0.90703125 0.30625 0.1859375
4 0.184375 0.8640625 0.30625 0.271875
0 0.184375 0.8640625 0.30625 0.271875
3 0.83203125 0.8796875 0.29296875 0.240625