4 0.021875 0.06015625 0.01953125 0.02578125
6 0.134375 0.0171875 0.14375 0.02578125
6 0.27890625 0.0171875 0.08671875 0.02578125
6 0.3890625 0.0171875 0.07421875 0.02578125
6 0.4984375 0.0171875 0.08671875 0.02578125
4 0.5765625 0.01640625 0.0171875 0.025
0 0.621875 0.0171875 0.1015625 0.02578125
7 0.63046875 0.0171875 0.08515625 0.02578125
4 0.70625 0.015625 0.00859375 0.015625
0 0.77890625 0.0171875 0.153125 0.02578125
7 0.78671875 0.0171875 0.1375 0.02578125
6 0.91328125 0.0171875 0.0578125 0.02578125
4 0.12578125 0.0625 0.1265625 0.03125
0 0.12578125 0.0625 0.1265625 0.03125
4 0.49453125 0.0625 0.17890625 0.05703125
7 0.6671875 0.0625 0.08671875 0.01796875
0 0.6703125 0.0625 0.11328125 0.0390625
4 0.7609375 0.0625 0.0296875 0.0390625
0 0.7609375 0.0625 0.0296875 0.05703125
4 0.8046875 0.0625 0.01953125 0.02578125
0 0.8234375 0.0625 0.05625 0.05703125
7 0.83515625 0.0625 0.03203125 0.015625
4 0.88125 0.0625 0.01953125 0.02578125
0 0.88125 0.0625 0.01953125 0.05703125
4 0.9203125 0.0625 0.01953125 0.02578125
0 0.9203125 0.0625 0.01953125 0.02578125
4 0.52109375 0.09375 0.9578125 0.00625
7 0.5234375 0.134375 0.30859375 0.0765625
6 0.61328125 0.1625 0.053125 0.021875
7 0.57109375 0.1625 0.03125 0.021875
6 0.49453125 0.1625 0.121875 0.021875
7 0.43203125 0.1625 0.003125 0.021875
4 0.0921875 0.1890625 0.01953125 0.02578125
7 0.3671875 0.2953125 0.30859375 0.078125
6 0.45703125 0.32265625 0.053125 0.0234375
7 0.41484375 0.32265625 0.03125 0.0234375
6 0.33828125 0.32265625 0.121875 0.0234375
7 0.27578125 0.32265625 0.003125 0.0234375
4 0.0921875 0.4609375 0.01953125 0.02578125
4 0.365625 0.30625 0.60546875 0.37734375
4 0.365625 0.30625 0.60546875 0.37734375
0 0.365625 0.30625 0.60546875 0.37734375
7 0.18125 0.203125 0.19921875 0.0625
6 0.209375 0.29296875 0.25390625 0.0859375
7 0.11171875 0.46171875 0.059375 0.01953125
4 0.6390625 0.4609375 0.01953125 0.02578125
7 0.84453125 0.28203125 0.2328125 0.0765625
6 0.7578125 0.309375 0.053125 0.021875
7 0.946875 0.33671875 0.02734375 0.021875
6 0.87265625 0.33671875 0.121875 0.021875
7 0.81015625 0.33671875 0.003125 0.021875
4 0.7171875 0.4609375 0.01953125 0.02578125
6 0.7359375 0.2984375 0.05859375 0.01953125
7 0.771875 0.2984375 0.0125 0.01953125
7 0.79453125 0.2984375 0.03203125 0.01953125
4 0.825 0.2171875 0.29375 0.21640625
7 0.834375 0.38125 0.29296875 0.09765625
4 0.79375 0.46171875 0.0046875 0.00625
4 0.80546875 0.46171875 0.0046875 0.00625
4 0.82890625 0.46171875 0.0046875 0.00625
4 0.840625 0.46171875 0.0046875 0.00625
4 0.85234375 0.46171875 0.0046875 0.00625
4 0.8640625 0.46171875 0.0046875 0.00625
4 0.87578125 0.46171875 0.0046875 0.00625
7 0.21953125 0.6859375 0.2328125 0.0765625
6 0.1328125 0.7125 0.053125 0.021875
7 0.321875 0.740625 0.02734375 0.021875
6 0.24765625 0.740625 0.121875 0.021875
7 0.18515625 0.740625 0.003125 0.021875
4 0.0921875 0.86484375 0.01953125 0.02578125
7 0.209375 0.6234375 0.25390625 0.1015625
0 0.209375 0.709375 0.29296875 0.37734375
6 0.209375 0.71640625 0.25390625 0.05703125
7 0.103125 0.865625 0.04296875 0.01953125
4 0.3265625 0.86484375 0.01953125 0.02578125
7 0.53203125 0.5875 0.2328125 0.0765625
6 0.4453125 0.615625 0.053125 0.021875
7 0.634375 0.6421875 0.02734375 0.021875
6 0.56015625 0.6421875 0.121875 0.021875
7 0.49765625 0.6421875 0.003125 0.021875
4 0.4046875 0.66953125 0.01953125 0.02578125
2 0.5140625 0.571875 0.2390625 0.0484375
7 0.41796875 0.66328125 0.046875 0.01953125
4 0.6140625 0.6625 0.01953125 0.02578125
0 0.521875 0.60859375 0.29296875 0.17578125
4 0.6390625 0.6625 0.01953125 0.02578125
7 0.84453125 0.8875 0.2328125 0.0765625
6 0.7578125 0.91484375 0.053125 0.021875
7 0.946875 0.9421875 0.02734375 0.021875
6 0.87265625 0.9421875 0.121875 0.021875
7 0.81015625 0.9421875 0.003125 0.021875
3 0.834375 0.76015625 0.29296875 0.47890625
7 0.53203125 0.78984375 0.2328125 0.0765625
6 0.4453125 0.8171875 0.053125 0.021875
7 0.634375 0.84453125 0.02734375 0.021875
6 0.56015625 0.84453125 0.121875 0.021875
7 0.49765625 0.84453125 0.003125 0.021875
4 0.4046875 0.87109375 0.01953125 0.02578125
2 0.521875 0.76171875 0.25390625 0.02578125
0 0.521875 0.8109375 0.29296875 0.17578125
2 0.5 0.7875 0.2109375 0.021875
7 0.41796875 0.865625 0.046875 0.01953125
4 0.6140625 0.86484375 0.01953125 0.02578125
4 0.6390625 0.86484375 0.01953125 0.02578125
4 0.228125 0.98828125 0.29296875 0.0234375
0 0.36484375 0.96171875 0.6046875 0.0765625
7 0.521875 0.98828125 0.25390625 0.0234375
4 0.0921875 0.95703125 0.01953125 0.02578125
7 0.309375 0.95703125 0.41484375 0.03359375
7 0.8859375 0.95703125 0.07109375 0.02578125
4 0.9515625 0.95546875 0.01953125 0.02578125