4 0.5 0.4015625 1 0.44140625
4 0.2734375 0.7859375 0.2140625 0.20703125
4 0.5 0.7890625 0.21484375 0.209375
4 0.23671875 0.1078125 0.15546875 0.1015625
2 0.23671875 0.09375 0.15 0.0640625
7 0.23828125 0.13828125 0.12578125 0.0296875
2 0.49140625 0.23046875 0.23359375 0.07109375
7 0.46953125 0.29453125 0.28671875 0.05625
7 0.31484375 0.2296875 0.0921875 0.03828125
7 0.26015625 0.325 0.05390625 0.071875
7 0.19375 0.6578125 0.05703125 0.0296875
7 0.43671875 0.65703125 0.090625 0.01953125
7 0.275 0.909375 0.12265625 0.021875
7 0.5015625 0.9125 0.12265625 0.02421875
7 0.75234375 0.72421875 0.13984375 0.0421875
7 0.6515625 0.65625 0.0703125 0.0203125
4 0.65 0.73125 0.05390625 0.07890625
0 0.190625 0.0203125 0.053125 0.0375
0 0.24296875 0.021875 0.03359375 0.03125
0 0.65234375 0.02109375 0.02265625 0.04140625
0 0.68046875 0.021875 0.02421875 0.04375
0 0.70703125 0.021875 0.028125 0.040625
0 0.734375 0.021875 0.028125 0.04375
0 0.76328125 0.02109375 0.0265625 0.0421875
0 0.79140625 0.02265625 0.02734375 0.0453125
0 0.8203125 0.02109375 0.02421875 0.0421875
0 0.4140625 0.1046875 0.05546875 0.04140625
0 0.4734375 0.11015625 0.06171875 0.04296875
0 0.52734375 0.1078125 0.0484375 0.04375
0 0.59375 0.1125 0.08203125 0.053125
0 0.66875 0.109375 0.06640625 0.04453125
0 0.72421875 0.1125 0.040625 0.046875
0 0.78984375 0.1109375 0.0875 0.046875
0 0.7859375 0.846875 0.09375 0.03671875