4 0.109375 0.05078125 0.09765625 0.05234375
6 0.36640625 0.05 0.1328125 0.021875
6 0.49375 0.05 0.0640625 0.021875
6 0.571875 0.05 0.03515625 0.021875
6 0.646875 0.05 0.0578125 0.021875
6 0.76953125 0.05 0.078125 0.021875
6 0.89375 0.05 0.05 0.021875
4 0.165625 0.57421875 0.30859375 0.83828125
4 0.3890625 0.571875 0.31640625 0.85390625
4 0.3890625 0.2890625 0.26953125 0.07265625
7 0.296875 0.34765625 0.05078125 0.015625
7 0.334375 0.34765625 0.0203125 0.015625
7 0.36875 0.34765625 0.0453125 0.015625
7 0.29375 0.365625 0.0453125 0.015625
7 0.28046875 0.390625 0.01875 0.015625
7 0.3328125 0.390625 0.04609375 0.015625
7 0.49296875 0.346875 0.01171875 0.0140625
4 0.5078125 0.34609375 0.01171875 0.015625
7 0.28828125 0.4359375 0.0328125 0.015625
7 0.3171875 0.4359375 0.0203125 0.015625
7 0.346875 0.4359375 0.0359375 0.015625
7 0.2859375 0.4546875 0.0296875 0.015625
7 0.3171875 0.4546875 0.028125 0.015625
7 0.34765625 0.4546875 0.0296875 0.015625
7 0.28046875 0.47890625 0.01875 0.015625
7 0.3328125 0.47890625 0.04609375 0.015625
7 0.49296875 0.4359375 0.01171875 0.0140625
4 0.5078125 0.43515625 0.01171875 0.015625
7 0.28828125 0.525 0.0328125 0.015625
7 0.3171875 0.525 0.0203125 0.015625
7 0.346875 0.525 0.0359375 0.015625
7 0.2765625 0.54296875 0.0109375 0.015625
7 0.2953125 0.54296875 0.0203125 0.015625
7 0.31171875 0.54296875 0.0109375 0.015625
7 0.33125 0.54296875 0.021875 0.015625
7 0.35234375 0.54296875 0.01875 0.015625
7 0.371875 0.54296875 0.01640625 0.015625
7 0.396875 0.54296875 0.0296875 0.015625
7 0.28046875 0.56796875 0.01875 0.015625
7 0.3328125 0.56796875 0.04609375 0.015625
7 0.49296875 0.52421875 0.01171875 0.0140625
4 0.5078125 0.5234375 0.01171875 0.015625
7 0.2890625 0.61328125 0.03515625 0.015625
7 0.31953125 0.61328125 0.0203125 0.015625
7 0.34453125 0.61328125 0.025 0.015625
7 0.28828125 0.63125 0.0328125 0.015625
7 0.3140625 0.63125 0.0140625 0.015625
7 0.34609375 0.63125 0.04765625 0.015625
7 0.38125 0.63125 0.0171875 0.015625
7 0.39765625 0.63125 0.01171875 0.015625
7 0.28046875 0.65625 0.01875 0.015625
7 0.3328125 0.65625 0.04609375 0.015625
7 0.49296875 0.6125 0.01171875 0.0140625
4 0.5078125 0.61171875 0.01171875 0.015625
7 0.2859375 0.7015625 0.028125 0.015625
7 0.31171875 0.7015625 0.01953125 0.015625
7 0.34453125 0.7015625 0.040625 0.015625
7 0.2859375 0.7203125 0.028125 0.015625
7 0.31328125 0.7203125 0.021875 0.015625
7 0.33671875 0.7203125 0.0234375 0.015625
7 0.28046875 0.74453125 0.01875 0.015625
7 0.3328125 0.74453125 0.04609375 0.015625
7 0.49296875 0.7015625 0.01171875 0.0140625
4 0.5078125 0.70078125 0.01171875 0.015625
7 0.290625 0.790625 0.0390625 0.015625
7 0.321875 0.790625 0.01953125 0.015625
7 0.3578125 0.790625 0.0453125 0.015625
7 0.28984375 0.80859375 0.0359375 0.015625
7 0.31328125 0.80859375 0.00703125 0.015625
7 0.3328125 0.80859375 0.028125 0.015625
7 0.35625 0.80859375 0.01484375 0.015625
7 0.28046875 0.83359375 0.01875 0.015625
7 0.3328125 0.83359375 0.04609375 0.015625
7 0.49296875 0.78984375 0.01171875 0.0140625
4 0.5078125 0.7890625 0.01171875 0.015625
7 0.2984375 0.87890625 0.0546875 0.015625
7 0.33828125 0.87890625 0.0203125 0.015625
7 0.36875 0.87890625 0.0359375 0.015625
7 0.2859375 0.896875 0.028125 0.015625
7 0.31328125 0.896875 0.0203125 0.015625
7 0.3375 0.896875 0.0265625 0.015625
7 0.28046875 0.921875 0.01875 0.015625
7 0.3328125 0.921875 0.04609375 0.015625
7 0.49296875 0.878125 0.01171875 0.0140625
4 0.5078125 0.87734375 0.01171875 0.015625
2 0.803125 0.321875 0.36015625 0.07265625
2 0.80078125 0.3859375 0.3984375 0.071875
2 0.79296875 0.4515625 0.4140625 0.07265625
7 0.803125 0.61484375 0.12109375 0.02890625
0 0.803125 0.61484375 0.375 0.07265625