4 0.05078125 0.065625 0.078125 0.05859375
0 0.05078125 0.06875 0.078125 0.06484375
7 0.1703125 0.17734375 0.071875 0.02890625
7 0.28359375 0.17734375 0.05390625 0.02890625
6 0.40546875 0.17734375 0.0890625 0.02890625
6 0.57734375 0.17734375 0.21171875 0.02890625
6 0.72578125 0.17734375 0.0421875 0.02890625
1 0.85859375 0.178125 0.18125 0.03125
4 0.9578125 0.178125 0.01875 0.0234375
0 0.9609375 0.178125 0.025 0.03125
4 0.75390625 0.04921875 0.01953125 0.02578125
4 0.79921875 0.04921875 0.0203125 0.02578125
4 0.84453125 0.04921875 0.0203125 0.02578125
4 0.88984375 0.04921875 0.0203125 0.02578125
4 0.934375 0.04921875 0.01875 0.02578125
4 0.978125 0.04921875 0.0203125 0.02578125
3 0.5 0.3296875 0.946875 0.1171875
4 0.25625 0.6421875 0.48828125 0.32578125
0 0.25625 0.67421875 0.48828125 0.390625
2 0.7671875 0.6421875 0.43671875 0.21328125
2 0.184375 0.98125 0.36875 0.0375
4 0.53828125 0.98046875 0.29296875 0.0390625
0 0.53828125 0.98046875 0.29296875 0.0390625
2 0.85234375 0.9875 0.24609375 0.025