0 0.196875 0.03671875 0.0875 0.07265625
0 0.2875 0.03671875 0.06328125 0.07265625
0 0.37734375 0.03671875 0.08671875 0.07265625
0 0.4578125 0.03671875 0.04375 0.07265625
0 0.53671875 0.03671875 0.08515625 0.07265625
1 0.8828125 0.03671875 0.0875 0.04140625
7 0.95390625 0.03671875 0.03984375 0.01796875
0 0.96328125 0.03671875 0.06328125 0.07265625
7 0.0953125 0.109375 0.15546875 0.07265625
0 0.8390625 0.109375 0.11796875 0.0546875
0 0.95 0.109375 0.07890625 0.0546875
3 0.3359375 0.390625 0.6390625 0.06484375
4 0.0484375 0.45703125 0.025 0.04140625
6 0.11953125 0.45078125 0.11796875 0.02890625
0 0.11953125 0.46171875 0.11796875 0.05078125
7 0.1203125 0.478125 0.0859375 0.01796875
6 0.21171875 0.45078125 0.06875 0.02890625
0 0.21171875 0.46171875 0.06875 0.05078125
7 0.21171875 0.478125 0.0359375 0.01796875
6 0.2796875 0.45078125 0.06875 0.02890625
0 0.2796875 0.46171875 0.06875 0.05078125
7 0.2796875 0.478125 0.03046875 0.01796875
4 0.3765625 0.45703125 0.03203125 0.04140625
6 0.4625 0.45078125 0.14140625 0.02890625
0 0.4625 0.46171875 0.14140625 0.05078125
7 0.4625 0.478125 0.0859375 0.01796875
6 0.59375 0.45078125 0.1234375 0.02890625
0 0.59375 0.46171875 0.1234375 0.05078125
7 0.59375 0.478125 0.07421875 0.01796875
1 0.3359375 0.52109375 0.63125 0.0390625
7 0.59765625 0.521875 0.0296875 0.01796875
4 0.63203125 0.52109375 0.03125 0.04140625
4 0.3359375 0.7859375 0.6390625 0.428125
0 0.3359375 0.7859375 0.6390625 0.428125
6 0.71015625 0.396875 0.05 0.021875
7 0.7625 0.396875 0.046875 0.021875
2 0.825 0.43671875 0.278125 0.05078125
0 0.82890625 0.4234375 0.2859375 0.1109375
6 0.71015625 0.50859375 0.05 0.021875
7 0.7703125 0.50859375 0.06171875 0.021875
2 0.825 0.53671875 0.278125 0.02578125
0 0.82890625 0.52265625 0.2859375 0.0875
6 0.71015625 0.59453125 0.05 0.021875
7 0.76953125 0.59453125 0.0609375 0.021875
2 0.825 0.62265625 0.278125 0.02578125
0 0.82890625 0.609375 0.2859375 0.0859375
6 0.71015625 0.68125 0.05 0.021875
7 0.75234375 0.68125 0.0265625 0.021875
2 0.825 0.709375 0.278125 0.02578125
0 0.82890625 0.69609375 0.2859375 0.0875
6 0.71015625 0.76875 0.05 0.021875
7 0.76640625 0.76875 0.05390625 0.021875
2 0.825 0.809375 0.278125 0.05078125
0 0.82890625 0.7953125 0.2859375 0.1109375
6 0.71015625 0.8796875 0.05 0.021875
7 0.75703125 0.8796875 0.03515625 0.021875
2 0.825 0.9078125 0.278125 0.02578125
0 0.82890625 0.89375 0.2859375 0.0875
6 0.71015625 0.9671875 0.05 0.021875
7 0.76484375 0.9671875 0.0515625 0.021875
2 0.825 0.990625 0.278125 0.01796875
0 0.82890625 0.96875 0.2859375 0.0625
2 0.28046875 0.86953125 0.5078125 0.02890625
7 0.28046875 0.928125 0.5078125 0.06796875
0 0.6765625 0.91328125 0.090625 0.0453125
0 0.90703125 0.9125 0.1328125 0.0546875