6 0.059375 0.01328125 0.040625 0.01796875
6 0.14921875 0.01328125 0.1 0.01796875
7 0.90625 0.01328125 0.0765625 0.01796875
0 0.91484375 0.01328125 0.09296875 0.01796875
7 0.9546875 0.01328125 0.01171875 0.01796875
4 0.0890625 0.07890625 0.1 0.04296875
0 0.0890625 0.07890625 0.1 0.04296875
0 0.17890625 0.08359375 0.0421875 0.02578125
0 0.2859375 0.08359375 0.14140625 0.02578125
7 0.39296875 0.08515625 0.034375 0.021875
0 0.39296875 0.084375 0.034375 0.02109375
7 0.43828125 0.08515625 0.02734375 0.021875
0 0.43828125 0.084375 0.02734375 0.02109375
7 0.484375 0.08515625 0.03515625 0.021875
0 0.484375 0.084375 0.03515625 0.02109375
7 0.53203125 0.08515625 0.03125 0.021875
0 0.53203125 0.084375 0.03125 0.02109375
7 0.58125 0.08515625 0.03828125 0.021875
0 0.58125 0.084375 0.03828125 0.02109375
7 0.63515625 0.08515625 0.03984375 0.021875
0 0.63515625 0.084375 0.03984375 0.02109375
4 0.6734375 0.08515625 0.00703125 0.009375
0 0.690625 0.084375 0.0421875 0.02109375
7 0.696875 0.08515625 0.03046875 0.021875
4 0.86328125 0.084375 0.015625 0.02109375
0 0.86328125 0.08828125 0.025 0.06796875
4 0.8984375 0.084375 0.015625 0.02109375
0 0.8984375 0.08828125 0.025 0.06796875
4 0.953125 0.08828125 0.015625 0.02109375
0 0.953125 0.08828125 0.025 0.06015625
4 0.125 0.22421875 0.25 0.1875
0 0.125 0.22421875 0.25 0.1875
7 0.125 0.353125 0.171875 0.10390625
0 0.125 0.353125 0.171875 0.10390625
7 0.07421875 0.4265625 0.0703125 0.0171875
7 0.11796875 0.4265625 0.0171875 0.0171875
0 0.1390625 0.42734375 0.0234375 0.01796875
4 0.125 0.58046875 0.25 0.1875
0 0.125 0.58046875 0.25 0.1875
7 0.125 0.696875 0.171875 0.078125
0 0.125 0.696875 0.171875 0.078125
7 0.07421875 0.75703125 0.0703125 0.0171875
7 0.11796875 0.75703125 0.0171875 0.0171875
0 0.14453125 0.7578125 0.03515625 0.01796875
4 0.125 0.90859375 0.25 0.18203125
0 0.125 0.90859375 0.25 0.18203125
7 0.125 0.99375 0.171875 0.01171875
0 0.125 0.99375 0.171875 0.01171875
4 0.5 0.31796875 0.5 0.375
0 0.5 0.31796875 0.5 0.375
7 0.5 0.5375 0.421875 0.16015625
0 0.5 0.57890625 0.421875 0.24375
7 0.5 0.665625 0.421875 0.0703125
7 0.31875 0.721875 0.05859375 0.0171875
7 0.35625 0.721875 0.0171875 0.0171875
0 0.3828125 0.72265625 0.03515625 0.01796875
4 0.64765625 0.88984375 0.128125 0.0953125
0 0.64765625 0.88984375 0.128125 0.0953125
7 0.4171875 0.91015625 0.25703125 0.13515625
0 0.4171875 0.92109375 0.25703125 0.1578125
7 0.4171875 0.9953125 0.25703125 0.009375
4 0.875 0.296875 0.25 0.33359375
0 0.875 0.296875 0.25 0.33359375
4 0.875 0.296875 0.25 0.33359375
4 0.853125 0.384375 0.12890625 0.04921875
7 0.875 0.515625 0.171875 0.15625
0 0.875 0.515625 0.171875 0.15625
7 0.82109375 0.615625 0.0640625 0.0171875
7 0.8625 0.615625 0.0171875 0.0171875
0 0.8828125 0.615625 0.0234375 0.01796875
7 0.875 0.7421875 0.171875 0.13046875
0 0.875 0.7421875 0.171875 0.13046875
7 0.8328125 0.82890625 0.0875 0.0171875
7 0.8859375 0.82890625 0.0171875 0.0171875
0 0.90625 0.8296875 0.0234375 0.01796875
7 0.875 0.9453125 0.171875 0.109375
0 0.875 0.9453125 0.171875 0.109375