2 0.51640625 0.040625 0.3125 0.07421875
0 0.51640625 0.040625 0.3125 0.07421875
2 0.0015625 0.15546875 0.003125 0.040625
4 0.1078125 0.159375 0.06328125 0.084375
0 0.1078125 0.159375 0.06328125 0.084375
2 0.22421875 0.1546875 0.14921875 0.0625
4 0.396875 0.159375 0.06328125 0.084375
0 0.396875 0.159375 0.06328125 0.084375
2 0.521875 0.15546875 0.1671875 0.040625
4 0.6859375 0.159375 0.06328125 0.084375
0 0.6859375 0.159375 0.06328125 0.084375
2 0.81796875 0.15546875 0.18046875 0.040625
4 0.971875 0.159375 0.05625 0.084375
0 0.971875 0.159375 0.05625 0.084375
4 0.5 0.61171875 0.91796875 0.76796875
2 0.34140625 0.79921875 0.50078125 0.265625
7 0.446875 0.96640625 0.82890625 0.02109375
0 0.91953125 0.9671875 0.096875 0.0390625
4 0.95703125 0.94296875 0.046875 0.0625