4 0.078125 0.1171875 0.13671875 0.234375
4 0.39375 0.07890625 0.3375 0.1578125
6 0.0359375 0.2640625 0.0328125 0.01953125
6 0.0546875 0.29765625 0.0703125 0.01953125
6 0.05078125 0.33125 0.0625 0.01953125
6 0.06171875 0.365625 0.08515625 0.01953125
6 0.075 0.39921875 0.0828125 0.01953125
6 0.07578125 0.4328125 0.08515625 0.01953125
6 0.0484375 0.4671875 0.05859375 0.01953125
6 0.0515625 0.50078125 0.0640625 0.01953125
1 0.94453125 0.115625 0.05859375 0.01953125
6 0.88984375 0.13125 0.025 0.015625
6 0.94296875 0.13125 0.05390625 0.015625
2 0.3609375 0.1578125 0.3515625 0.040625
2 0.8421875 0.2125 0.215625 0.0171875
7 0.759375 0.24375 0.028125 0.01953125
7 0.8296875 0.24375 0.11328125 0.0171875
7 0.8109375 0.259375 0.13203125 0.0171875
7 0.84453125 0.290625 0.1984375 0.0484375
6 0.8734375 0.30625 0.053125 0.0171875
7 0.83046875 0.3140625 0.17109375 0.0328125
7 0.759375 0.34453125 0.028125 0.01953125
7 0.8296875 0.34453125 0.11328125 0.0171875
7 0.8140625 0.36015625 0.1375 0.0171875
7 0.84453125 0.39140625 0.1984375 0.0484375
6 0.8734375 0.40703125 0.053125 0.0171875
7 0.83046875 0.41484375 0.17109375 0.0328125
7 0.759375 0.44609375 0.028125 0.01953125
7 0.815625 0.44609375 0.084375 0.0171875
7 0.8140625 0.46171875 0.1375 0.0171875
7 0.84453125 0.49296875 0.1984375 0.0484375
6 0.8734375 0.50859375 0.053125 0.0171875
7 0.83046875 0.51640625 0.17109375 0.0328125
7 0.759375 0.54609375 0.028125 0.01953125
7 0.8265625 0.54609375 0.10546875 0.0171875
7 0.8140625 0.56171875 0.1375 0.0171875
7 0.84453125 0.59296875 0.1984375 0.0484375
6 0.8734375 0.60859375 0.053125 0.0171875
7 0.83046875 0.61640625 0.17109375 0.0328125
7 0.759375 0.64765625 0.028125 0.01953125
7 0.8265625 0.64765625 0.10546875 0.0171875
7 0.8140625 0.66328125 0.1375 0.0171875
7 0.84453125 0.69453125 0.1984375 0.0484375
6 0.8734375 0.71015625 0.053125 0.0171875
7 0.83046875 0.71796875 0.17109375 0.0328125
7 0.759375 0.7484375 0.028125 0.01953125
7 0.82109375 0.7484375 0.0953125 0.0171875
7 0.8109375 0.7640625 0.13203125 0.0171875
7 0.84453125 0.7953125 0.1984375 0.0484375
6 0.8734375 0.8109375 0.053125 0.0171875
7 0.83046875 0.81875 0.17109375 0.0328125
7 0.759375 0.85 0.028125 0.01953125
7 0.81875 0.85 0.090625 0.0171875
7 0.8109375 0.865625 0.13203125 0.0171875
7 0.84453125 0.896875 0.1984375 0.0484375
6 0.8734375 0.9125 0.053125 0.0171875
7 0.83046875 0.9203125 0.17109375 0.0328125
7 0.759375 0.95 0.028125 0.01953125
7 0.81875 0.95 0.090625 0.0171875
7 0.8140625 0.965625 0.1375 0.0171875
7 0.84453125 0.9859375 0.1984375 0.02734375
7 0.31640625 0.20703125 0.271875 0.02109375
6 0.48671875 0.20703125 0.07109375 0.02109375
7 0.44375 0.24609375 0.525 0.09921875
6 0.23203125 0.28515625 0.09453125 0.02109375
7 0.33671875 0.28515625 0.1140625 0.02109375
7 0.43671875 0.33125 0.51171875 0.040625
6 0.3421875 0.34140625 0.1390625 0.02109375
7 0.44140625 0.3609375 0.521875 0.06015625
7 0.56875 0.44609375 0.7765625 0.0796875
4 0.4484375 0.609375 0.4890625 0.21640625
0 0.56875 0.609375 0.7765625 0.21640625
2 0.22109375 0.74921875 0.08125 0.025
7 0.3421875 0.7890625 0.24375 0.02109375
7 0.478125 0.7890625 0.0046875 0.02109375
7 0.5375 0.7890625 0.11796875 0.02109375
7 0.24921875 0.80859375 0.05859375 0.02109375
7 0.40390625 0.80859375 0.253125 0.02109375
7 0.54296875 0.80859375 0.00390625 0.02109375
7 0.5765625 0.80859375 0.0625 0.02109375
7 0.26328125 0.828125 0.08671875 0.02109375
7 0.36484375 0.828125 0.11796875 0.02109375
7 0.43671875 0.828125 0.00390625 0.02109375
7 0.46953125 0.828125 0.0625 0.02109375
4 0.36484375 0.9046875 0.0984375 0.0390625
6 0.275 0.9375 0.0453125 0.02109375
7 0.30390625 0.9375 0.0140625 0.02109375
6 0.35 0.9375 0.07890625 0.02109375
7 0.3953125 0.9375 0.01484375 0.02109375
6 0.440625 0.9375 0.0765625 0.02109375