7 0.23828125 0.0328125 0.1078125 0.02890625
0 0.2359375 0.03671875 0.1234375 0.0703125
0 0.3453125 0.03359375 0.09296875 0.06484375
0 0.4265625 0.0328125 0.08125 0.0625
0 0.5015625 0.03359375 0.0625 0.06484375
0 0.5640625 0.03359375 0.07421875 0.06484375
0 0.6671875 0.034375 0.1234375 0.040625
7 0.8234375 0.0328125 0.071875 0.021875
0 0.82578125 0.03359375 0.10859375 0.06484375
0 0.90625 0.0328125 0.03515625 0.05859375
7 0.121875 0.13125 0.2203125 0.05625
7 0.121875 0.178125 0.2203125 0.03125
7 0.53203125 0.146875 0.4859375 0.0453125
7 0.90390625 0.146875 0.0984375 0.0328125
0 0.909375 0.146875 0.134375 0.0484375
2 0.5 0.35390625 0.953125 0.07265625
7 0.28203125 0.42265625 0.51640625 0.05625
4 0.3625 0.55703125 0.03125 0.04140625
0 0.4390625 0.56796875 0.184375 0.0625
2 0.4625 0.55703125 0.1375 0.04140625
4 0.5 0.721875 0.30625 0.24609375
7 0.5 0.896875 0.30625 0.053125
7 0.45390625 0.975 0.1953125 0.0328125
0 0.5 0.9734375 0.30625 0.053125
7 0.984375 0.7953125 0.03125 0.028125
0 0.896875 0.68125 0.00625 0.0390625
4 0.98046875 0.771875 0.015625 0.02109375