4 0.5 0.0265625 1 0.053125
4 0.0421875 0.02734375 0.0234375 0.03125
0 0.1109375 0.02734375 0.1609375 0.0546875
7 0.0984375 0.02734375 0.0703125 0.02109375
7 0.32109375 0.02734375 0.20703125 0.02109375
1 0.30390625 0.02734375 0.225 0.03671875
1 0.8125 0.14921875 0.2640625 0.0453125
1 0.8125 0.2140625 0.2640625 0.0453125
0 0.7296875 0.2859375 0.09765625 0.0453125
6 0.85859375 0.284375 0.125 0.01953125
2 0.8125 0.42265625 0.2640625 0.0296875
7 0.8125 0.46328125 0.2640625 0.05234375
1 0.8125 0.5125 0.2640625 0.0453125
1 0.8125 0.57734375 0.2640625 0.0453125
7 0.7046875 0.6296875 0.04609375 0.01953125
1 0.70625 0.6734375 0.04296875 0.02890625
1 0.8015625 0.6734375 0.0671875 0.02890625
1 0.896875 0.6734375 0.04296875 0.02890625
7 0.81328125 0.72734375 0.2625 0.01953125
7 0.72578125 0.76015625 0.090625 0.02109375
7 0.81015625 0.76015625 0.07734375 0.02109375
0 0.8125 0.81953125 0.2640625 0.0453125
4 0.8125 0.89140625 0.2640625 0.0453125
7 0.2953125 0.12890625 0.52734375 0.03359375
7 0.2953125 0.18203125 0.52734375 0.05234375
7 0.21328125 0.80546875 0.12578125 0.040625
0 0.21328125 0.5375 0.17890625 0.57578125
7 0.36875 0.80546875 0.1234375 0.040625
0 0.36875 0.5375 0.19375 0.57578125
0 0.2953125 0.86640625 0.078125 0.01953125