4 0.13671875 0.04375 0.13671875 0.0296875
4 0.4625 0.040625 0.021875 0.02890625
0 0.4625 0.040625 0.021875 0.02890625
7 0.49375 0.040625 0.021875 0.02890625
0 0.5078125 0.040625 0.0484375 0.02890625
7 0.521875 0.040625 0.021875 0.02578125
7 0.56171875 0.040625 0.021875 0.02890625
0 0.64375 0.040625 0.134375 0.02890625
0 0.77890625 0.040625 0.11640625 0.02890625
0 0.87421875 0.040625 0.0671875 0.02890625
7 0.9390625 0.040625 0.0421875 0.02578125
0 0.946875 0.040625 0.0578125 0.02890625
4 0.5 0.0828125 1 0.01171875
7 0.5 0.40390625 1 0.65078125
2 0.25390625 0.25390625 0.4 0.1171875
7 0.25390625 0.37109375 0.4 0.078125
0 0.15546875 0.4875 0.20390625 0.0375
4 0.4484375 0.678125 0.04375 0.00390625
7 0.496875 0.775 0.4078125 0.02578125
7 0.403125 0.96015625 0.78984375 0.05078125
6 0.05625 0.975 0.02734375 0.021875
7 0.278125 0.975 0.41796875 0.021875
4 0.9875 0.93828125 0.009375 0.01171875
0 0.9875 0.9390625 0.009375 0.01328125