7 0.07578125 0.04609375 0.00859375 0.02734375
7 0.0953125 0.04609375 0.0109375 0.02734375
7 0.46640625 0.04609375 0.46171875 0.02734375
0 0.784375 0.04609375 0.13671875 0.0296875
4 0.5 0.1734375 1 0.1625
4 0.10546875 0.20390625 0.171875 0.05078125
0 0.10546875 0.20625 0.171875 0.05625
0 0.28984375 0.20703125 0.0921875 0.0546875
0 0.41328125 0.20703125 0.09375 0.0546875
0 0.5328125 0.20703125 0.08515625 0.0546875
0 0.6453125 0.20703125 0.0796875 0.10703125
0 0.74921875 0.20703125 0.0671875 0.10703125
0 0.85078125 0.20703125 0.07421875 0.0546875
0 0.93828125 0.18671875 0.10234375 0.05859375
0 0.73125 0.12890625 0.14140625 0.06015625
0 0.8359375 0.12890625 0.0703125 0.06015625
0 0.9109375 0.12890625 0.08203125 0.06015625
2 0.5 0.49140625 0.7109375 0.25390625
7 0.5 0.6734375 0.62890625 0.0328125
0 0.36796875 0.7875 0.1390625 0.09140625
0 0.584375 0.7875 0.234375 0.09140625
7 0.315625 0.8625 0.60078125 0.1
0 0.4921875 0.940625 0.15 0.05625
0 0.321875 0.9390625 0.171875 0.053125