4 0.0640625 0.053125 0.09765625 0.06484375
0 0.0640625 0.05546875 0.09765625 0.08984375
4 0.778125 0.0421875 0.015625 0.021875
4 0.809375 0.0421875 0.015625 0.021875
4 0.83984375 0.0421875 0.015625 0.021875
4 0.875 0.0421875 0.015625 0.021875
4 0.9296875 0.04375 0.015625 0.021875
0 0.19921875 0.0421875 0.109375 0.06640625
0 0.3109375 0.0421875 0.11640625 0.06640625
0 0.4046875 0.0421875 0.071875 0.06640625
0 0.48515625 0.0421875 0.0921875 0.06640625
0 0.5921875 0.0421875 0.12421875 0.06640625
7 0.684375 0.0421875 0.0390625 0.021875
0 0.6890625 0.0421875 0.071875 0.06640625
4 0.71015625 0.04296875 0.0078125 0.01015625
7 0.084375 0.16328125 0.16875 0.1578125
6 0.45859375 0.16328125 0.55 0.10546875
0 0.978125 0.109375 0.025 0.0234375
0 0.85390625 0.16328125 0.14375 0.08203125
3 0.5 0.34375 0.7109375 0.1171875
2 0.5 0.4859375 0.1625 0.0375
4 0.5 0.7203125 0.51953125 0.390625
0 0.5 0.7203125 0.51953125 0.390625
2 0.5 0.9703125 0.49375 0.05859375
4 0.1125 0.5984375 0.19453125 0.146875
0 0.1125 0.5984375 0.19453125 0.146875
2 0.10859375 0.73203125 0.18671875 0.0625
7 0.1 0.80390625 0.16875 0.071875
7 0.025 0.8578125 0.01953125 0.02578125
7 0.08984375 0.8578125 0.0796875 0.02578125
2 0.1046875 0.96640625 0.178125 0.0671875
4 0.8875 0.5984375 0.19453125 0.146875
0 0.8875 0.5984375 0.19453125 0.146875
2 0.85703125 0.73203125 0.13359375 0.0625
7 0.884375 0.815625 0.18828125 0.0953125
7 0.8 0.88125 0.0203125 0.02578125
7 0.88203125 0.88125 0.1140625 0.02578125
2 0.88046875 0.978125 0.18046875 0.04296875