7 0.30546875 0.88125 0.5484375 0.02578125
0 0.17578125 0.9296875 0.2890625 0.0625
0 0.934375 0.9125 0.06953125 0.06015625
4 0.0671875 0.03828125 0.13359375 0.0296875
0 0.0671875 0.0375 0.13359375 0.0375
7 0.240625 0.0375 0.1203125 0.02734375
7 0.31171875 0.0375 0.02421875 0.0328125
7 0.4015625 0.0375 0.0859375 0.02734375
7 0.45625 0.0375 0.0234375 0.0328125
6 0.5453125 0.0375 0.08515625 0.07421875
6 0.64140625 0.0375 0.0390625 0.07421875
2 0.2765625 0.41875 0.490625 0.18359375
4 0.04296875 0.803125 0.0234375 0.03125
0 0.04296875 0.803125 0.0234375 0.03125
4 0.11875 0.803125 0.0234375 0.03125
0 0.11875 0.803125 0.0234375 0.03125
4 0.821875 0.6109375 0.29296875 0.775
4 0.5 0.48359375 1 0.80078125
4 0.05078125 0.56875 0.0234375 0.0296875
7 0.2390625 0.56875 0.30625 0.0296875