2 0.0984375 0.07109375 0.19609375 0.1421875
2 0.03984375 0.0171875 0.0421875 0.034375
7 0.59609375 0.04140625 0.7671875 0.0828125
0 0.2671875 0.11171875 0.10625 0.0546875
0 0.37421875 0.11171875 0.109375 0.0546875
0 0.48515625 0.11171875 0.115625 0.0546875
0 0.59375 0.11171875 0.103125 0.0546875
1 0.86484375 0.10546875 0.10859375 0.02890625
4 0.94921875 0.1046875 0.021875 0.021875
0 0.94921875 0.1046875 0.021875 0.021875
4 0.0984375 0.16015625 0.19609375 0.04140625
2 0.509375 0.228125 0.98125 0.04296875
2 0.096875 0.23125 0.1546875 0.021875
2 0.18046875 0.2296875 0.0140625 0.0171875
0 0.0984375 0.2953125 0.15703125 0.040625
0 0.0984375 0.35 0.15703125 0.06796875
0 0.0984375 0.40546875 0.15703125 0.040625
0 0.0984375 0.446875 0.15703125 0.040625
0 0.0984375 0.4890625 0.15703125 0.040625
0 0.0984375 0.54453125 0.15703125 0.06796875
0 0.0984375 0.6 0.15703125 0.040625
2 0.0734375 0.67109375 0.1078125 0.021875
2 0.1328125 0.6703125 0.0140625 0.0171875
0 0.0984375 0.73515625 0.15703125 0.040625
0 0.0984375 0.7765625 0.15703125 0.040625
0 0.0984375 0.81875 0.15703125 0.040625
0 0.0984375 0.86015625 0.15703125 0.040625
2 0.0984375 0.93125 0.15703125 0.021875
2 0.18359375 0.93046875 0.0140625 0.0171875
0 0.0984375 0.9875 0.15703125 0.025
6 0.93359375 0.16875 0.0234375 0.0171875
2 0.49609375 0.2421875 0.50390625 0.04453125
2 0.2484375 0.225 0.009375 0.01328125
0 0.459375 0.24140625 0.4328125 0.0640625
2 0.46015625 0.240625 0.43359375 0.0609375
7 0.28125 0.2875 0.07421875 0.01953125
7 0.321875 0.2875 0.00703125 0.01953125
0 0.3453125 0.2875 0.0421875 0.02109375
7 0.3609375 0.353125 0.234375 0.021875
0 0.56484375 0.35390625 0.175 0.0234375
7 0.4671875 0.3671875 0.44609375 0.04921875
0 0.47578125 0.3953125 0.4640625 0.05078125
7 0.47578125 0.4359375 0.4640625 0.0765625
7 0.5125 0.4625 0.08671875 0.021875
7 0.55703125 0.4625 0.0046875 0.021875
2 0.2484375 0.53359375 0.009375 0.01328125
0 0.46796875 0.55 0.45 0.0640625
2 0.46796875 0.5484375 0.45 0.0609375
7 0.278125 0.5953125 0.06875 0.01953125
7 0.31484375 0.5953125 0.00703125 0.01953125
0 0.3375 0.59609375 0.040625 0.02109375
2 0.2484375 0.65234375 0.009375 0.01328125
0 0.42578125 0.65234375 0.365625 0.03125
2 0.434375 0.65078125 0.35 0.02890625
7 0.278125 0.68125 0.06875 0.01953125
7 0.31484375 0.68125 0.00703125 0.01953125
0 0.3375 0.68203125 0.040625 0.02109375
2 0.2484375 0.73828125 0.009375 0.01328125
0 0.4171875 0.73828125 0.34765625 0.03125
2 0.42578125 0.73671875 0.33203125 0.02890625
7 0.278125 0.7671875 0.06875 0.01953125
7 0.31484375 0.7671875 0.00703125 0.01953125
0 0.3375 0.76796875 0.040625 0.02109375
2 0.2484375 0.82421875 0.009375 0.01328125
0 0.4640625 0.85703125 0.44140625 0.09609375
2 0.4640625 0.85546875 0.4421875 0.09375
7 0.278125 0.91875 0.06875 0.01953125
7 0.31484375 0.91875 0.00703125 0.01953125
0 0.3375 0.91953125 0.040625 0.02109375
2 0.2484375 0.975 0.009375 0.01328125
0 0.465625 0.9796875 0.44453125 0.040625
2 0.465625 0.9796875 0.4453125 0.040625
2 0.8046875 0.240625 0.0953125 0.0234375
2 0.85859375 0.23984375 0.0140625 0.01796875
7 0.85078125 0.31875 0.1875 0.0453125
0 0.89375 0.33125 0.1328125 0.021875
7 0.81171875 0.35546875 0.11015625 0.02109375
0 0.8953125 0.35625 0.05625 0.021875
7 0.853125 0.38046875 0.19375 0.0703125
2 0.80390625 0.46328125 0.09375 0.0234375
2 0.85625 0.4625 0.0140625 0.01796875
7 0.7875 0.52890625 0.06171875 0.02109375
0 0.85859375 0.5296875 0.08203125 0.021875
7 0.85234375 0.540625 0.190625 0.0453125
0 0.815625 0.55390625 0.075 0.021875
7 0.878125 0.553125 0.05078125 0.02109375
0 0.8 0.57890625 0.0859375 0.021875
7 0.8453125 0.578125 0.0046875 0.02109375
2 0.8 0.63671875 0.0859375 0.0234375
2 0.8484375 0.63515625 0.0140625 0.01796875
6 0.8484375 0.71640625 0.1828125 0.04921875
7 0.7921875 0.75859375 0.07109375 0.01953125
7 0.8375 0.75859375 0.0203125 0.01953125
0 0.88984375 0.759375 0.084375 0.02109375
6 0.85390625 0.840625 0.19453125 0.0765625
7 0.7890625 0.896875 0.0640625 0.01953125
7 0.83125 0.896875 0.0203125 0.01953125
0 0.8703125 0.896875 0.059375 0.02109375
6 0.83125 0.96484375 0.14921875 0.04921875
7 0.7890625 0.9984375 0.0640625 0.00234375
7 0.83125 0.9984375 0.0203125 0.00234375
7 0.871875 0.9984375 0.0625 0.00234375