7 0.1125 0.04609375 0.19375 0.0484375
0 0.21796875 0.04609375 0.4046875 0.0484375
7 0.24921875 0.04609375 0.08125 0.0484375
7 0.73984375 0.05859375 0.4890625 0.02890625
7 0.084375 0.12578125 0.13671875 0.025
0 0.09140625 0.12578125 0.1828125 0.07421875
7 0.278125 0.12578125 0.1625 0.025
0 0.2859375 0.12578125 0.2078125 0.07421875
7 0.46953125 0.12578125 0.1296875 0.025
0 0.47734375 0.12578125 0.1765625 0.07421875
7 0.65 0.12578125 0.13984375 0.025
0 0.65703125 0.12578125 0.1859375 0.07421875
6 0.9734375 0.1234375 0.02265625 0.02578125
0 0.97265625 0.125 0.0546875 0.075
6 0.9203125 0.1234375 0.0203125 0.02578125
0 0.9203125 0.12578125 0.0515625 0.07421875
6 0.86875 0.1234375 0.0203125 0.02578125
0 0.86875 0.12578125 0.0515625 0.07421875
2 0.1125 0.20390625 0.19375 0.040625
0 0.1125 0.2515625 0.225 0.0328125
0 0.1125 0.2828125 0.225 0.0328125
0 0.1125 0.3140625 0.225 0.0328125
0 0.1125 0.3453125 0.225 0.0328125
0 0.1125 0.3765625 0.225 0.0328125
0 0.1125 0.4078125 0.225 0.0328125
0 0.1125 0.4390625 0.225 0.0328125
0 0.1125 0.4703125 0.225 0.0328125
0 0.1125 0.5015625 0.225 0.0328125
2 0.1125 0.5578125 0.19375 0.040625
0 0.1125 0.60625 0.225 0.0328125
0 0.1125 0.6375 0.225 0.0328125
0 0.1125 0.66875 0.225 0.0328125
0 0.1125 0.7 0.225 0.0328125
0 0.1125 0.73125 0.225 0.0328125
0 0.1125 0.7625 0.225 0.0328125
0 0.1125 0.79375 0.225 0.0328125
2 0.1125 0.85 0.19375 0.040625
0 0.1125 0.89765625 0.225 0.0328125
0 0.1125 0.92890625 0.225 0.0328125
0 0.1125 0.96015625 0.225 0.0328125
0 0.1125 0.9875 0.225 0.025
2 0.41875 0.27421875 0.34296875 0.1578125
7 0.41875 0.4046875 0.34296875 0.0953125
0 0.325 0.51484375 0.13203125 0.053125
0 0.4859375 0.51484375 0.175 0.053125
2 0.80625 0.25078125 0.31171875 0.0484375
7 0.67109375 0.32109375 0.009375 0.025
7 0.7140625 0.32109375 0.0765625 0.025
7 0.775 0.32109375 0.04765625 0.025
7 0.803125 0.32109375 0.0109375 0.025
7 0.67109375 0.35234375 0.009375 0.025
7 0.6953125 0.35234375 0.0390625 0.025
7 0.71796875 0.35234375 0.009375 0.025
7 0.67109375 0.38359375 0.009375 0.025
7 0.7 0.38359375 0.04765625 0.025
7 0.728125 0.38359375 0.0109375 0.025
7 0.79375 0.38359375 0.1234375 0.025
7 0.85859375 0.38359375 0.009375 0.025
7 0.8921875 0.38359375 0.0578125 0.025
7 0.925 0.38359375 0.0109375 0.025
7 0.67109375 0.41484375 0.009375 0.025
7 0.6953125 0.41484375 0.0390625 0.025
7 0.71796875 0.41484375 0.009375 0.025
7 0.67109375 0.47734375 0.009375 0.025
7 0.6859375 0.47734375 0.0203125 0.025
7 0.69921875 0.47734375 0.009375 0.025
7 0.784375 0.47734375 0.16015625 0.025
7 0.86875 0.47734375 0.0109375 0.025
7 0.8875 0.47734375 0.0296875 0.025
7 0.90546875 0.47734375 0.009375 0.025
7 0.67109375 0.50859375 0.009375 0.025
7 0.68125 0.50859375 0.0109375 0.025
7 0.690625 0.50859375 0.0109375 0.025
7 0.78828125 0.50859375 0.18828125 0.025
7 0.88671875 0.50859375 0.009375 0.025
7 0.9015625 0.50859375 0.01953125 0.025
7 0.915625 0.50859375 0.0109375 0.025
7 0.67109375 0.57109375 0.009375 0.025
7 0.7 0.57109375 0.04765625 0.025
7 0.728125 0.57109375 0.0109375 0.025
7 0.67109375 0.60234375 0.009375 0.025
7 0.7 0.60234375 0.04765625 0.025
7 0.728125 0.60234375 0.0109375 0.025
0 0.7203125 0.68125 0.13984375 0.053125
2 0.41875 0.8546875 0.34296875 0.0484375
7 0.28671875 0.925 0.04765625 0.025
7 0.3140625 0.925 0.009375 0.025
7 0.34765625 0.95625 0.1703125 0.025
7 0.43671875 0.95625 0.009375 0.025
7 0.4890625 0.95625 0.09453125 0.025
7 0.540625 0.95625 0.0109375 0.025
7 0.2671875 0.9875 0.009375 0.025
2 0.80625 0.89921875 0.34296875 0.1578125
7 0.80625 0.990625 0.34296875 0.01796875