7 0.0546875 0.03359375 0.078125 0.02578125
0 0.090625 0.03359375 0.17890625 0.06484375
7 0.12265625 0.03359375 0.0578125 0.02578125
7 0.23046875 0.03359375 0.046875 0.02109375
0 0.2234375 0.03359375 0.08984375 0.06484375
7 0.328125 0.03359375 0.0640625 0.02109375
0 0.32109375 0.03359375 0.1078125 0.06484375
1 0.48515625 0.03359375 0.19140625 0.04453125
4 0.725 0.03515625 0.0296875 0.02109375
0 0.75859375 0.03359375 0.12578125 0.06484375
7 0.77265625 0.03359375 0.06875 0.02109375
7 0.86796875 0.03359375 0.03828125 0.02109375
0 0.8609375 0.03359375 0.08125 0.06484375
7 0.95625 0.03359375 0.05546875 0.02109375
0 0.95 0.03359375 0.0984375 0.06484375
7 0.6578125 0.18828125 0.60234375 0.146875
7 0.6578125 0.309375 0.60234375 0.146875
2 0.46953125 0.45625 0.1515625 0.053125
2 0.63984375 0.44609375 0.19453125 0.0875
2 0.8296875 0.45625 0.1859375 0.053125
1 0.6265625 0.55625 0.4796875 0.084375
2 0.6578125 0.62421875 0.60234375 0.025
4 0.184375 0.34375 0.2875 0.5
7 0.25546875 0.71953125 0.46953125 0.0328125
4 0.165625 0.803125 0.025 0.03359375
0 0.25546875 0.803125 0.2453125 0.0640625
7 0.2671875 0.8015625 0.17890625 0.02734375
7 0.74453125 0.71953125 0.46953125 0.0328125
6 0.7453125 0.77734375 0.1421875 0.02109375
0 0.74453125 0.77734375 0.2453125 0.04453125
6 0.74375 0.828125 0.1953125 0.02109375
0 0.74453125 0.828125 0.2453125 0.04453125
7 0.07890625 0.8984375 0.11640625 0.02578125
0 0.25 0.9546875 0.490625 0.06015625
0 0.25 0.990625 0.490625 0.01796875
7 0.74921875 0.89921875 0.23125 0.021875
4 0.75 0.9640625 0.3421875 0.071875
0 0.75 0.9640625 0.3421875 0.071875
7 0.33515625 0.95078125 0.61640625 0.0234375
0 0.68671875 0.9515625 0.08671875 0.040625
7 0.80546875 0.95078125 0.0734375 0.046875
7 0.90859375 0.95078125 0.1203125 0.046875