4 0.50703125 0.06171875 0.4671875 0.06875
7 0.50703125 0.1078125 0.234375 0.02578125
6 0.85234375 0.07421875 0.08515625 0.03125
7 0.95234375 0.07421875 0.059375 0.03125
6 0.14765625 0.18203125 0.0609375 0.05234375
6 0.23671875 0.18203125 0.06328125 0.05234375
6 0.35625 0.18203125 0.1203125 0.05234375
6 0.47734375 0.18203125 0.06875 0.05234375
6 0.6109375 0.18203125 0.14375 0.05234375
6 0.7546875 0.18203125 0.0890625 0.05234375
6 0.86171875 0.18203125 0.07109375 0.05234375
2 0.0796875 0.23203125 0.1203125 0.06015625
2 0.45078125 0.21640625 0.5421875 0.02890625
7 0.05859375 0.3015625 0.06640625 0.021875
6 0.15 0.3015625 0.09296875 0.021875
6 0.23125 0.3015625 0.0453125 0.021875
6 0.28515625 0.3015625 0.0375 0.021875
6 0.36171875 0.3015625 0.090625 0.021875
6 0.465625 0.3015625 0.0921875 0.021875
6 0.5734375 0.3015625 0.0984375 0.021875
6 0.67890625 0.3015625 0.08671875 0.021875
6 0.7703125 0.3015625 0.06953125 0.021875
6 0.8484375 0.3015625 0.0625 0.021875
6 0.93359375 0.3015625 0.08203125 0.021875
3 0.5 0.50625 0.946875 0.32578125
4 0.05703125 0.78203125 0.0828125 0.1109375
2 0.2078125 0.7734375 0.18828125 0.09375
4 0.05703125 0.9265625 0.0828125 0.1109375
2 0.19765625 0.90625 0.16875 0.0703125
2 0.5 0.81015625 0.31875 0.16640625
4 0.5 0.953125 0.31875 0.09375
7 0.75 0.7484375 0.1171875 0.04296875
4 0.825 0.7515625 0.0296875 0.040625
4 0.8640625 0.7515625 0.0296875 0.040625
4 0.903125 0.7515625 0.0296875 0.040625
4 0.9421875 0.7515625 0.0296875 0.040625
1 0.809375 0.8078125 0.2359375 0.04296875
1 0.95546875 0.8078125 0.05546875 0.04296875
3 0.8375 0.9296875 0.29296875 0.140625
4 0.96171875 0.64296875 0.046875 0.0625
7 0.971875 0.625 0.01953125 0.02578125