4 0.10078125 0.03359375 0.1203125 0.03671875
7 0.25 0.03359375 0.05078125 0.02578125
0 0.39140625 0.03359375 0.1640625 0.03125
7 0.5125 0.03359375 0.078125 0.02578125
1 0.734375 0.03359375 0.25390625 0.03125
0 0.84453125 0.03359375 0.0734375 0.04140625
7 0.91015625 0.03359375 0.0484375 0.02578125
2 0.2703125 0.32265625 0.459375 0.1875
2 0.2703125 0.49453125 0.459375 0.078125
2 0.2703125 0.59140625 0.459375 0.0625
0 0.12421875 0.70703125 0.165625 0.05703125
0 0.3109375 0.70703125 0.165625 0.05703125
4 0.7296875 0.540625 0.459375 0.38515625
2 0.5 0.90234375 0.1703125 0.0390625
4 0.18046875 0.98671875 0.02421875 0.02578125
4 0.4953125 0.98671875 0.0234375 0.02578125
4 0.81015625 0.98671875 0.02421875 0.02578125