4 0.14765625 0.034375 0.17890625 0.01953125
6 0.27890625 0.0328125 0.02421875 0.06484375
6 0.32421875 0.0328125 0.02734375 0.06484375
6 0.36953125 0.0328125 0.02421875 0.06484375
6 0.41328125 0.0328125 0.02421875 0.06484375
6 0.4578125 0.0328125 0.02421875 0.06484375
6 0.503125 0.0328125 0.028125 0.06484375
1 0.93984375 0.0328125 0.0890625 0.0234375
7 0.8546875 0.0328125 0.053125 0.02578125
0 0.840625 0.0328125 0.0796875 0.0390625
7 0.6640625 0.0328125 0.025 0.0390625
7 0.70625 0.03203125 0.053125 0.01953125
0 0.70625 0.0328125 0.06171875 0.0234375
7 0.7390625 0.03046875 0.0046875 0.02734375
7 0.76640625 0.03203125 0.04375 0.01953125
0 0.76640625 0.0328125 0.0515625 0.0234375
0 0.17109375 0.08515625 0.0421875 0.01953125
0 0.25234375 0.08515625 0.0578125 0.01953125
0 0.3296875 0.08515625 0.034375 0.01953125
0 0.4109375 0.08515625 0.06328125 0.01953125
0 0.490625 0.08515625 0.03125 0.01953125
7 0.5640625 0.08359375 0.053125 0.01796875
0 0.56953125 0.08515625 0.0625 0.01953125
0 0.64921875 0.08515625 0.03203125 0.01953125
0 0.7328125 0.08515625 0.0734375 0.01953125
0 0.82578125 0.08515625 0.04765625 0.01953125
7 0.1609375 0.2046875 0.07734375 0.02578125
0 0.1578125 0.2046875 0.08203125 0.02578125
4 0.30546875 0.196875 0.1796875 0.084375
0 0.30546875 0.2328125 0.1796875 0.02109375
7 0.4703125 0.16640625 0.1171875 0.02109375
7 0.55859375 0.16640625 0.0625 0.02109375
6 0.62578125 0.16640625 0.06640625 0.02109375
7 0.71015625 0.16640625 0.1015625 0.02109375
1 0.6515625 0.2125 0.478125 0.04453125
4 0.11484375 0.3734375 0.096875 0.10703125
4 0.23203125 0.3734375 0.096875 0.10703125
4 0.34921875 0.3734375 0.096875 0.10703125
4 0.46640625 0.3734375 0.096875 0.10703125
4 0.58359375 0.3734375 0.096875 0.10703125
4 0.70078125 0.3734375 0.096875 0.10703125
4 0.81796875 0.3734375 0.096875 0.10703125
4 0.9703125 0.3734375 0.05859375 0.10703125
4 0.06328125 0.56015625 0.04765625 0.0625
7 0.11875 0.5578125 0.04609375 0.02734375
6 0.14609375 0.6234375 0.20390625 0.02109375
6 0.10078125 0.6625 0.11328125 0.02109375
6 0.0890625 0.7015625 0.08984375 0.02109375
6 0.09453125 0.740625 0.10078125 0.02109375
6 0.06875 0.7796875 0.05 0.02109375
6 0.08125 0.81875 0.07421875 0.02109375
4 0.3734375 0.56015625 0.04765625 0.0625
7 0.49375 0.5578125 0.17578125 0.02734375
7 0.49765625 0.65 0.2859375 0.07265625
6 0.4921875 0.6890625 0.275 0.046875
4 0.6828125 0.56015625 0.04765625 0.0625
7 0.8265625 0.559375 0.2203125 0.02734375
1 0.7546875 0.6328125 0.1765625 0.0390625
0 0.74140625 0.67734375 0.15 0.0390625
7 0.81015625 0.73203125 0.2921875 0.05234375
6 0.378125 0.89453125 0.02421875 0.01796875
7 0.39296875 0.89453125 0.00703125 0.01796875
6 0.42890625 0.89453125 0.05859375 0.01796875
7 0.4609375 0.89453125 0.0078125 0.01796875
6 0.54921875 0.89453125 0.1671875 0.01796875
7 0.41875 0.99609375 0.16875 0.0078125
6 0.53359375 0.99609375 0.06171875 0.0078125
7 0.5140625 0.99609375 0.36015625 0.0078125