4 0.05390625 0.0609375 0.03828125 0.05078125
7 0.1421875 0.0609375 0.1109375 0.0296875
4 0.19921875 0.334375 0.0703125 0.09375
2 0.5859375 0.2828125 0.55625 0.05703125
7 0.38984375 0.33046875 0.1640625 0.02890625
6 0.4953125 0.33046875 0.0484375 0.02890625
7 0.54453125 0.33046875 0.05 0.02890625
6 0.6125 0.33046875 0.08984375 0.02890625
7 0.6609375 0.33046875 0.00859375 0.02890625
6 0.68359375 0.33046875 0.0375 0.02890625
7 0.7046875 0.33046875 0.00859375 0.02890625
6 0.75546875 0.33046875 0.09296875 0.02890625
7 0.81171875 0.33046875 0.02265625 0.02890625
6 0.8421875 0.33046875 0.0390625 0.02890625
7 0.8625 0.33046875 0.0046875 0.02890625
0 0.421875 0.4 0.228125 0.04453125