2 0.1046875 0.0609375 0.165625 0.04453125
0 0.1046875 0.0765625 0.165625 0.02109375
5 0.65 0.028125 0.08125 0.01953125
5 0.79609375 0.028125 0.053125 0.01953125
1 0.6828125 0.059375 0.146875 0.0296875
1 0.84296875 0.059375 0.146875 0.0296875
1 0.95390625 0.06015625 0.03515625 0.0234375
6 0.81171875 0.09140625 0.08515625 0.01796875
2 0.24375 0.2359375 0.4453125 0.09375
4 0.0484375 0.36875 0.0546875 0.07265625
7 0.1828125 0.36796875 0.1828125 0.02734375
7 0.365625 0.36796875 0.17890625 0.021875
4 0.0484375 0.47265625 0.0546875 0.07265625
7 0.159375 0.471875 0.134375 0.02734375
7 0.321875 0.471875 0.18671875 0.021875
4 0.0484375 0.5765625 0.0546875 0.07265625
7 0.13125 0.5765625 0.078125 0.02734375
7 0.33125 0.5765625 0.31953125 0.021875
2 0.7828125 0.1625 0.390625 0.05625
7 0.7828125 0.21171875 0.390625 0.0296875
1 0.6828125 0.278125 0.190625 0.05078125
1 0.88359375 0.278125 0.190625 0.05078125
1 0.7828125 0.3421875 0.390625 0.05078125
1 0.7828125 0.40546875 0.390625 0.05078125
7 0.7828125 0.4703125 0.390625 0.02734375
1 0.621875 0.51015625 0.06875 0.0390625
1 0.6828125 0.51015625 0.05546875 0.0390625
1 0.740625 0.51015625 0.0609375 0.0390625
4 0.7875 0.509375 0.01640625 0.021875
0 0.7875 0.51171875 0.01640625 0.02578125
7 0.7828125 0.55625 0.390625 0.02734375
1 0.603125 0.5953125 0.0140625 0.0171875
5 0.6484375 0.6 0.071875 0.02734375
1 0.70390625 0.5953125 0.0140625 0.0171875
5 0.7390625 0.6 0.0515625 0.02734375
1 0.7796875 0.5953125 0.0140625 0.0171875
5 0.825 0.6 0.07421875 0.02734375
4 0.8796875 0.5984375 0.01640625 0.021875
0 0.8796875 0.6 0.01640625 0.02578125
7 0.678125 0.64140625 0.1796875 0.0171875
6 0.7828125 0.64140625 0.03046875 0.0171875
7 0.8 0.64140625 0.00703125 0.0171875
6 0.83046875 0.64140625 0.05546875 0.0171875
7 0.8671875 0.64140625 0.021875 0.0171875
6 0.6234375 0.659375 0.0703125 0.0171875
7 0.7390625 0.66875 0.303125 0.03515625
0 0.6828125 0.73984375 0.190625 0.05234375
6 0.63046875 0.82265625 0.08515625 0.02109375
7 0.77265625 0.82265625 0.20234375 0.02109375
7 0.0546875 0.96484375 0.06640625 0.02109375
6 0.11875 0.96484375 0.04375 0.01796875
6 0.19453125 0.96484375 0.09296875 0.01796875
6 0.27890625 0.96484375 0.05546875 0.01796875
6 0.33984375 0.96484375 0.0484375 0.01796875
6 0.4203125 0.96484375 0.09453125 0.01796875
6 0.49453125 0.96484375 0.0359375 0.01796875
6 0.540625 0.96484375 0.0390625 0.01796875
6 0.59140625 0.96484375 0.04375 0.01796875
6 0.63359375 0.96484375 0.02265625 0.01796875
6 0.67109375 0.96484375 0.0359375 0.01796875
4 0.71328125 0.96484375 0.0125 0.015625
0 0.71328125 0.96484375 0.03046875 0.02578125