4 0.0359375 0.0515625 0.03515625 0.03515625
0 0.0359375 0.05234375 0.03515625 0.0390625
4 0.5 0.0515625 0.209375 0.05859375
0 0.5 0.0609375 0.209375 0.0765625
4 0.9609375 0.0515625 0.040625 0.05859375
0 0.95859375 0.05234375 0.04609375 0.06484375
6 0.20078125 0.25703125 0.33125 0.0484375
7 0.096875 0.3296875 0.12421875 0.02890625
0 0.096875 0.33046875 0.12421875 0.06015625
7 0.09296875 0.38828125 0.11640625 0.02890625
0 0.09296875 0.3890625 0.11640625 0.06015625
7 0.05546875 0.446875 0.03984375 0.02890625
0 0.05546875 0.44765625 0.03984375 0.06015625
0 0.740625 0.24453125 0.44921875 0.05234375
0 0.5515625 0.33203125 0.071875 0.06015625
0 0.60625 0.39140625 0.18125 0.0609375
0 0.56953125 0.45078125 0.10859375 0.06015625
0 0.57734375 0.509375 0.12421875 0.06015625
0 0.57890625 0.56796875 0.1265625 0.06015625
0 0.56640625 0.6265625 0.1015625 0.06015625
0 0.740625 0.7546875 0.44921875 0.053125
0 0.5515625 0.8421875 0.071875 0.06015625
0 0.571875 0.9015625 0.1125 0.0609375
0 0.57734375 0.9609375 0.12421875 0.06015625
0 0.61640625 0.99453125 0.2015625 0.01015625
6 0.13125 0.17265625 0.234375 0.0296875
2 0.4703125 0.259375 0.921875 0.07421875
7 0.471875 0.340625 0.91875 0.06875
7 0.06015625 0.44140625 0.10078125 0.0234375
0 0.121875 0.4421875 0.225 0.0609375
7 0.05703125 0.5015625 0.09453125 0.0234375
0 0.121875 0.5015625 0.225 0.0609375
7 0.02578125 0.5609375 0.03203125 0.0234375
0 0.121875 0.56171875 0.225 0.0609375
4 0.62578125 0.715625 0.6953125 0.56875
0 0.62578125 0.715625 0.6953125 0.56875
7 0.425 0.9515625 0.6203125 0.021875
7 0.809375 0.9515625 0.15 0.021875
0 0.9765625 0.93359375 0.0234375 0.03125