6 0.0796875 0.05234375 0.06640625 0.03125
6 0.178125 0.05234375 0.0984375 0.03125
6 0.26875 0.05234375 0.0515625 0.03125
7 0.3296875 0.05234375 0.0390625 0.03125
0 0.3375 0.05234375 0.05390625 0.03125
4 0.359375 0.05234375 0.009375 0.03125
4 0.5 0.0484375 0.125 0.0546875
4 0.59765625 0.05234375 0.015625 0.02109375
0 0.66171875 0.05234375 0.14375 0.10390625
7 0.6734375 0.05234375 0.1203125 0.03125
0 0.803125 0.05234375 0.0453125 0.03125
0 0.90078125 0.05234375 0.1203125 0.05234375
2 0.5 0.23984375 0.8421875 0.125
7 0.5 0.39296875 0.15 0.02578125
0 0.5 0.3921875 0.228125 0.05625
4 0.5 0.63515625 1 0.63828125