7 0.41875 0.0296875 0.80546875 0.0375
6 0.43828125 0.0296875 0.84453125 0.0375
7 0.05390625 0.03828125 0.00390625 0.021875
0 0.95 0.0296875 0.06953125 0.0328125
4 0.028125 0.1046875 0.0171875 0.021875
0 0.028125 0.103125 0.05625 0.0875
4 0.4953125 0.1078125 0.0765625 0.0640625
0 0.4953125 0.103125 0.07734375 0.02578125
4 0.340625 0.46171875 0.68046875 0.5640625
0 0.33359375 0.4640625 0.62578125 0.56875
7 0.33359375 0.515625 0.59453125 0.02578125
2 0.33359375 0.5984375 0.59453125 0.1421875
7 0.07734375 0.7046875 0.0828125 0.0234375
7 0.16328125 0.7046875 0.08125 0.02109375
2 0.7671875 0.21484375 0.1609375 0.05234375
2 0.94296875 0.21875 0.0578125 0.0234375
0 0.946875 0.21875 0.065625 0.0234375
2 0.97734375 0.21875 0.00859375 0.02109375
4 0.7265625 0.3328125 0.0796875 0.0796875
0 0.8328125 0.3625 0.29296875 0.1390625
2 0.8796875 0.3453125 0.19921875 0.10546875
7 0.80859375 0.41953125 0.05625 0.02109375
7 0.89140625 0.41953125 0.09765625 0.02109375
4 0.7265625 0.503125 0.0796875 0.0796875
0 0.8328125 0.5328125 0.29296875 0.1390625
2 0.8796875 0.51640625 0.19921875 0.10546875
7 0.809375 0.58984375 0.0578125 0.02109375
7 0.8921875 0.58984375 0.09765625 0.02109375
7 0.075 0.7828125 0.109375 0.04296875
2 0.5 0.83515625 0.959375 0.02734375
0 0.5 0.85234375 0.959375 0.0609375
7 0.06875 0.86953125 0.096875 0.02109375
7 0.94765625 0.921875 0.034375 0.0234375
4 0.97578125 0.92421875 0.0078125 0.02109375
0 0.95859375 0.921875 0.0421875 0.0234375
4 0.25 0.98046875 0.459375 0.0390625
0 0.25 0.98046875 0.5 0.0390625
4 0.75 0.98046875 0.459375 0.0390625
0 0.75 0.98046875 0.5 0.0390625