7 0.2046875 0.03359375 0.18359375 0.03671875
1 0.2046875 0.03359375 0.18359375 0.03671875
0 0.278125 0.0359375 0.0171875 0.0296875
6 0.5734375 0.03359375 0.025 0.03359375
0 0.58671875 0.03359375 0.053125 0.03359375
6 0.6 0.03359375 0.02734375 0.03359375
6 0.6359375 0.03359375 0.025 0.03359375
0 0.64921875 0.03359375 0.053125 0.03359375
6 0.6625 0.03359375 0.02734375 0.03359375
6 0.6984375 0.03359375 0.025 0.03359375
0 0.71171875 0.03359375 0.053125 0.03359375
6 0.725 0.03359375 0.02734375 0.03359375
6 0.7609375 0.03359375 0.025 0.03359375
0 0.77421875 0.03359375 0.053125 0.03359375
6 0.7875 0.03359375 0.02734375 0.03359375
6 0.8390625 0.03359375 0.02734375 0.02109375
6 0.896875 0.03359375 0.02734375 0.02109375
0 0.05390625 0.11171875 0.1078125 0.05234375
0 0.05390625 0.16796875 0.1078125 0.05234375
0 0.05390625 0.22421875 0.1078125 0.05234375
0 0.05390625 0.2796875 0.1078125 0.05234375
0 0.05390625 0.3359375 0.1078125 0.05234375
0 0.05390625 0.3921875 0.1078125 0.05234375
0 0.05390625 0.44765625 0.1078125 0.05234375
0 0.05390625 0.50390625 0.1078125 0.05234375
0 0.05390625 0.56015625 0.1078125 0.05234375
0 0.05390625 0.615625 0.1078125 0.05234375
0 0.05390625 0.671875 0.1078125 0.05234375
0 0.05390625 0.728125 0.1078125 0.05234375
0 0.05390625 0.78359375 0.1078125 0.05234375
4 0.06875 0.28125 0.13671875 0.390625
7 0.06875 0.4453125 0.13671875 0.0625
0 0.06875 0.47109375 0.13671875 0.01796875
4 0.459375 0.28125 0.64453125 0.390625
7 0.459375 0.4453125 0.64453125 0.0625
0 0.459375 0.47109375 0.64453125 0.01796875
4 0.890625 0.28125 0.21875 0.390625
7 0.890625 0.4453125 0.21875 0.0625
0 0.890625 0.47109375 0.21875 0.01796875
4 0.71015625 0.45859375 0.0078125 0.01015625
4 0.2140625 0.56875 0.1546875 0.20546875
2 0.5421875 0.54921875 0.47734375 0.03125
4 0.31328125 0.59140625 0.01953125 0.02578125
7 0.3578125 0.59140625 0.059375 0.02578125
7 0.43671875 0.59140625 0.0765625 0.02578125
7 0.7625 0.5921875 0.01640625 0.02734375
7 0.778125 0.5921875 0.0078125 0.01953125
7 0.71796875 0.5921875 0.01640625 0.02734375
7 0.73359375 0.5921875 0.00703125 0.01953125
7 0.67421875 0.5921875 0.01640625 0.02734375
7 0.690625 0.5921875 0.0078125 0.01953125
4 0.2140625 0.72890625 0.1546875 0.1328125
2 0.5421875 0.709375 0.47734375 0.0625
4 0.31328125 0.7671875 0.01953125 0.02578125
7 0.3578125 0.7671875 0.05859375 0.02578125
7 0.43671875 0.7671875 0.0765625 0.02578125
7 0.7625 0.7671875 0.01640625 0.02734375
7 0.778125 0.7671875 0.0078125 0.01953125
7 0.71796875 0.7671875 0.01640625 0.02734375
7 0.73359375 0.7671875 0.00703125 0.01953125
7 0.67421875 0.7671875 0.01640625 0.02734375
7 0.690625 0.7671875 0.0078125 0.01953125
4 0.2140625 0.8890625 0.1546875 0.20546875
2 0.5421875 0.86953125 0.47734375 0.0625
4 0.31328125 0.92734375 0.01953125 0.02578125
7 0.3578125 0.92734375 0.059375 0.02578125
7 0.43671875 0.92734375 0.0765625 0.02578125
7 0.7625 0.928125 0.01640625 0.02734375
7 0.778125 0.928125 0.0078125 0.01953125
7 0.71796875 0.928125 0.01640625 0.02734375
7 0.73359375 0.928125 0.00703125 0.01953125
7 0.67421875 0.928125 0.01640625 0.02734375
7 0.690625 0.928125 0.0078125 0.01953125
2 0.459375 0.99140625 0.64453125 0.0171875
4 0.2140625 0.9953125 0.1546875 0.009375
4 0.3765625 0.9953125 0.1546875 0.009375
4 0.53984375 0.9953125 0.1546875 0.009375
4 0.703125 0.9953125 0.1546875 0.009375
0 0.9109375 0.14765625 0.13203125 0.04296875
0 0.98828125 0.14765625 0.0234375 0.04296875
1 0.9390625 0.2125 0.12109375 0.03671875
1 0.9390625 0.271875 0.12109375 0.03671875
7 0.91015625 0.27265625 0.05859375 0.01953125
1 0.85078125 0.31875 0.0125 0.01796875
7 0.88125 0.31953125 0.03515625 0.01953125
7 0.9765625 0.36796875 0.03125 0.021875
0 0.921875 0.36640625 0.15625 0.0453125
0 0.921875 0.4265625 0.15625 0.04375
7 0.8796875 0.47421875 0.0703125 0.01796875
6 0.93984375 0.47421875 0.05 0.01796875
3 0.91484375 0.72109375 0.1703125 0.32578125
3 0.91484375 0.95234375 0.1703125 0.0953125