7 0.3546875 0.915625 0.66328125 0.04921875
6 0.615625 0.92890625 0.08203125 0.021875
7 0.38203125 0.94296875 0.7171875 0.04921875
0 0.8234375 0.95703125 0.11796875 0.04453125
4 0.1109375 0.0390625 0.11015625 0.0390625
0 0.1109375 0.0390625 0.11015625 0.0390625
4 0.43359375 0.0390625 0.01953125 0.02578125
0 0.47734375 0.0390625 0.16484375 0.078125
7 0.49375 0.0390625 0.071875 0.02109375
4 0.5984375 0.0390625 0.01953125 0.02578125
0 0.62265625 0.0390625 0.12578125 0.078125
7 0.63984375 0.0390625 0.0328125 0.02109375
4 0.725 0.0390625 0.01953125 0.02578125
0 0.74921875 0.0390625 0.1265625 0.078125
7 0.76640625 0.0390625 0.034375 0.02109375
4 0.85390625 0.0390625 0.02421875 0.02578125
0 0.89296875 0.0390625 0.1609375 0.078125
7 0.909375 0.0390625 0.05625 0.02109375
7 0.80546875 0.10390625 0.03515625 0.05234375
4 0.83125 0.10390625 0.01171875 0.015625
0 0.07421875 0.10390625 0.0375 0.05234375
4 0.11328125 0.10390625 0.009375 0.01328125
0 0.1390625 0.10390625 0.06171875 0.05234375
0 0.22109375 0.10390625 0.07109375 0.05234375
0 0.3046875 0.10390625 0.0640625 0.05234375
0 0.3765625 0.10390625 0.04765625 0.05234375
0 0.45625 0.10390625 0.0796875 0.05234375
0 0.53203125 0.10390625 0.03984375 0.05234375
0 0.60234375 0.10390625 0.0703125 0.05234375
0 0.678125 0.10390625 0.0484375 0.05234375
0 0.74140625 0.10390625 0.046875 0.05234375
0 0.809375 0.10390625 0.0578125 0.05234375
0 0.878125 0.10390625 0.05 0.05234375
0 0.9578125 0.10390625 0.078125 0.05234375
7 0.9109375 0.10390625 0.125 0.05234375
7 0.98671875 0.17578125 0.0265625 0.09140625
0 0.98671875 0.25546875 0.0265625 0.06484375
0 0.98671875 0.321875 0.0265625 0.06484375
0 0.98671875 0.38828125 0.0265625 0.06484375
0 0.98671875 0.4546875 0.0265625 0.06484375
0 0.98671875 0.52109375 0.0265625 0.06484375
0 0.98671875 0.5875 0.0265625 0.06484375
0 0.98671875 0.65390625 0.0265625 0.06484375
0 0.98671875 0.7203125 0.0265625 0.06484375
7 0.98671875 0.79921875 0.0265625 0.09140625
0 0.98671875 0.87890625 0.0265625 0.06484375
0 0.98671875 0.9453125 0.0265625 0.06484375
0 0.98671875 0.9890625 0.0265625 0.021875
7 0.99375 0.13515625 0.01171875 0.03125
0 0.98671875 0.2015625 0.0265625 0.0625
7 0.99375 0.265625 0.01171875 0.0234375
0 0.98671875 0.28515625 0.0265625 0.1015625
4 0.346875 0.35546875 0.5828125 0.37265625
2 0.08125 0.5734375 0.05078125 0.02734375
2 0.1625 0.5734375 0.0875 0.02734375
2 0.346875 0.6234375 0.5828125 0.03515625
0 0.346875 0.61328125 0.5828125 0.0546875
7 0.346875 0.7265625 0.5828125 0.12265625
4 0.06328125 0.83671875 0.015625 0.021875
7 0.0875 0.83671875 0.01953125 0.021875
4 0.80546875 0.2578125 0.27734375 0.17734375
4 0.9125 0.3453125 0.01875 0.025
2 0.70546875 0.3765625 0.07734375 0.025
2 0.7703125 0.4015625 0.20703125 0.02734375
2 0.80546875 0.5015625 0.27734375 0.13671875
0 0.80546875 0.4921875 0.27734375 0.15625
7 0.80546875 0.69140625 0.27734375 0.19296875
7 0.70703125 0.83671875 0.0796875 0.01953125
4 0.76484375 0.83671875 0.01640625 0.021875
7 0.790625 0.83671875 0.02265625 0.021875
4 0.19453125 0.953125 0.27734375 0.09375
4 0.5 0.953125 0.27734375 0.09375
4 0.80546875 0.953125 0.27734375 0.09375