4 0.4984375 0.45 0.9421875 0.346875
4 0.10703125 0.15078125 0.16015625 0.0734375
2 0.2875 0.0671875 0.18203125 0.03125
0 0.08359375 0.0671875 0.0859375 0.05
6 0.1453125 0.2375 0.2296875 0.01875
1 0.49765625 0.96484375 0.9953125 0.0609375
5 0.1625 0.96796875 0.2703125 0.0265625
0 0.93125 0.96953125 0.08046875 0.03203125
0 0.9359375 0.140625 0.0703125 0.03125
0 0.1328125 0.81875 0.1578125 0.0625
0 0.365625 0.82109375 0.1546875 0.06015625
0 0.62421875 0.8203125 0.15703125 0.065625
0 0.87265625 0.81875 0.1390625 0.05625
7 0.59609375 0.8953125 0.8078125 0.078125
4 0.103125 0.89921875 0.16484375 0.0734375
7 0.353125 0.153125 0.29921875 0.053125
7 0.36328125 0.70234375 0.69296875 0.14453125