4 0.0375 0.03984375 0.02734375 0.02734375
0 0.03515625 0.0390625 0.0703125 0.078125
4 0.10234375 0.03515625 0.0671875 0.04140625
0 0.10234375 0.0390625 0.0671875 0.078125
6 0.2234375 0.03828125 0.06328125 0.021875
6 0.3515625 0.03828125 0.12890625 0.021875
6 0.47421875 0.03828125 0.0515625 0.021875
6 0.57578125 0.03828125 0.08671875 0.021875
6 0.7125 0.03828125 0.121875 0.021875
7 0.8828125 0.040625 0.1421875 0.01953125
0 0.89609375 0.0390625 0.2078125 0.078125
4 0.9671875 0.04375 0.01953125 0.02734375
4 0.5 0.3984375 0.9609375 0.640625
0 0.5 0.3984375 0.9609375 0.640625
4 0.5 0.3984375 0.9609375 0.640625
6 0.13125 0.50234375 0.0796875 0.0234375
2 0.49921875 0.596875 0.88203125 0.1234375
1 0.503125 0.83515625 0.5546875 0.1078125
4 0.746875 0.83515625 0.0171875 0.021875
0 0.746875 0.83515625 0.03515625 0.0453125
4 0.34375 0.9734375 0.609375 0.053125
0 0.34375 0.9734375 0.609375 0.053125
4 0.80859375 0.9734375 0.3046875 0.053125
0 0.80859375 0.9734375 0.3046875 0.053125