0 0.0609375 0.03359375 0.0625 0.0671875
0 0.1484375 0.03359375 0.115625 0.0671875
0 0.4390625 0.03359375 0.075 0.0671875
0 0.51953125 0.03359375 0.0484375 0.0671875
0 0.59765625 0.03359375 0.0703125 0.0671875
0 0.68828125 0.03359375 0.0765625 0.0671875
0 0.78359375 0.03359375 0.0765625 0.0671875
0 0.87734375 0.03359375 0.0734375 0.0671875
7 0.85703125 0.14296875 0.19453125 0.03125
0 0.85703125 0.18515625 0.190625 0.046875
0 0.85703125 0.18515625 0.19453125 0.05234375
4 0.125 0.14609375 0.19140625 0.078125
0 0.125 0.14609375 0.19140625 0.078125
7 0.05859375 0.2640625 0.05859375 0.02578125
0 0.05859375 0.26484375 0.05859375 0.0609375
0 0.17421875 0.26484375 0.16328125 0.0609375
0 0.33515625 0.26484375 0.13203125 0.0609375
0 0.48203125 0.26484375 0.13984375 0.0609375
0 0.64296875 0.26484375 0.159375 0.0609375
0 0.78046875 0.26484375 0.0875 0.0609375
0 0.8953125 0.26484375 0.1265625 0.0609375
7 0.1203125 0.4125 0.1828125 0.0453125
0 0.18125 0.5921875 0.1890625 0.2046875
7 0.178125 0.803125 0.0796875 0.021875
0 0.18515625 0.803125 0.16875 0.0484375
7 0.22421875 0.803125 0.01484375 0.021875
0 0.4578125 0.39609375 0.190625 0.06484375
7 0.4046875 0.46953125 0.0703125 0.021875
0 0.4578125 0.46953125 0.190625 0.0453125
7 0.43671875 0.53984375 0.1359375 0.021875
0 0.4578125 0.53984375 0.190625 0.0453125
7 0.425 0.61953125 0.1125 0.06484375
0 0.4578125 0.61953125 0.190625 0.08828125
7 0.4359375 0.709375 0.1328125 0.06484375
0 0.4578125 0.709375 0.190625 0.08828125
7 0.4265625 0.78984375 0.115625 0.021875
0 0.4578125 0.78984375 0.190625 0.0453125
7 0.41484375 0.86953125 0.090625 0.06484375
0 0.4578125 0.86953125 0.190625 0.08828125
4 0.66640625 0.42890625 0.17109375 0.1421875
0 0.66640625 0.42890625 0.17109375 0.1421875
2 0.66640625 0.57890625 0.13984375 0.10546875
0 0.66640625 0.57890625 0.13984375 0.10546875
7 0.66640625 0.77421875 0.13984375 0.240625
4 0.87578125 0.4359375 0.190625 0.15625
0 0.87578125 0.4359375 0.190625 0.15625
2 0.87578125 0.61875 0.159375 0.1578125
0 0.87578125 0.61875 0.159375 0.1578125
7 0.87578125 0.778125 0.159375 0.115625
2 0.26484375 0.99765625 0.4703125 0.0046875
6 0.73515625 0.99765625 0.4703125 0.0046875