4 0.084375 0.046875 0.16796875 0.09375
1 0.303125 0.046875 0.26953125 0.04921875
4 0.4890625 0.04765625 0.0828125 0.05078125
4 0.96640625 0.0296875 0.0671875 0.059375
6 0.965625 0.07265625 0.06875 0.04140625
4 0.896875 0.0296875 0.06875 0.059375
6 0.896875 0.07265625 0.06875 0.04140625
4 0.828125 0.0296875 0.06875 0.059375
6 0.82734375 0.07265625 0.06875 0.04140625
4 0.7578125 0.0296875 0.06875 0.059375
6 0.7578125 0.07265625 0.06875 0.04140625
4 0.76015625 0.38125 0.4734375 0.47890625
2 0.3171875 0.2640625 0.5859375 0.2109375
7 0.2859375 0.4234375 0.52265625 0.04296875
1 0.284375 0.48828125 0.42265625 0.06484375
1 0.0546875 0.48515625 0.0296875 0.0484375
2 0.15 0.6546875 0.25078125 0.02890625
7 0.053125 0.709375 0.0453125 0.02578125
4 0.103125 0.759375 0.15625 0.1390625
0 0.103125 0.84453125 0.15625 0.3109375
7 0.0515625 0.84453125 0.0328125 0.0171875
6 0.103125 0.928125 0.13671875 0.14296875
7 0.21953125 0.709375 0.0453125 0.02578125
4 0.27109375 0.759375 0.15703125 0.1390625
0 0.2703125 0.84453125 0.15625 0.3109375
7 0.21953125 0.84453125 0.034375 0.0171875
6 0.27109375 0.8984375 0.1375 0.08359375
7 0.3875 0.709375 0.0453125 0.02578125
4 0.43828125 0.759375 0.15625 0.1390625
0 0.4375 0.84453125 0.15625 0.3109375
7 0.3875 0.84453125 0.034375 0.0171875
6 0.43828125 0.928125 0.13671875 0.14296875
7 0.55546875 0.709375 0.04609375 0.02578125
4 0.60625 0.759375 0.15703125 0.1390625
0 0.60546875 0.84453125 0.1578125 0.3109375
7 0.55390625 0.84453125 0.034375 0.0171875
6 0.60625 0.884375 0.1375 0.05625
7 0.72265625 0.709375 0.0453125 0.02578125
4 0.77421875 0.759375 0.15703125 0.1390625
0 0.7734375 0.84453125 0.15625 0.3109375
7 0.721875 0.84453125 0.034375 0.0171875
6 0.77421875 0.884375 0.1375 0.05625
7 0.890625 0.709375 0.0453125 0.02578125
4 0.93125 0.759375 0.13671875 0.1390625
0 0.93046875 0.84453125 0.1359375 0.3109375
7 0.88984375 0.84453125 0.034375 0.0171875
6 0.93671875 0.87109375 0.1265625 0.02890625