4 0.0328125 0.0296875 0.02421875 0.0328125
7 0.396875 0.02890625 0.6859375 0.02109375
0 0.946875 0.0296875 0.065625 0.03515625
7 0.22265625 0.09296875 0.0765625 0.0328125
0 0.2203125 0.0953125 0.0921875 0.071875
0 0.3234375 0.09375 0.1125 0.06796875
0 0.4265625 0.09375 0.10546875 0.06796875
0 0.496875 0.0921875 0.046875 0.0640625
0 0.5640625 0.0921875 0.0796875 0.0640625
0 0.6453125 0.09375 0.07421875 0.06796875
7 0.7765625 0.09375 0.071875 0.0234375
0 0.77890625 0.09375 0.10859375 0.06796875
0 0.87421875 0.09140625 0.03515625 0.05703125
0 0.9125 0.08984375 0.015625 0.0625
6 0.5 0.1515625 0.2875 0.02734375
2 0.5 0.259375 0.9 0.053125
7 0.48984375 0.315625 0.14375 0.025
0 0.5 0.3140625 0.16796875 0.053125
4 0.5 0.634375 1 0.45078125
2 0.5 0.946875 0.9 0.053125