4 0.0328125 0.0296875 0.02421875 0.0328125
7 0.39296875 0.02890625 0.68671875 0.02109375
0 0.946875 0.0296875 0.065625 0.03515625
7 0.221875 0.09296875 0.075 0.0328125
0 0.2203125 0.0953125 0.090625 0.071875
0 0.32265625 0.09375 0.1125 0.06796875
0 0.421875 0.09375 0.10546875 0.06796875
0 0.48828125 0.0921875 0.046875 0.0640625
0 0.5515625 0.0921875 0.0796875 0.0640625
0 0.62890625 0.09375 0.07421875 0.06796875
7 0.790625 0.09375 0.071875 0.0234375
0 0.79375 0.09375 0.10859375 0.06796875
0 0.87421875 0.0921875 0.03515625 0.06015625
0 0.9125 0.08984375 0.015625 0.0625
6 0.5 0.1515625 0.2875 0.02734375
4 0.496875 0.53984375 0.99375 0.7515625
2 0.5 0.98359375 0.640625 0.0328125