4 0.034375 0.0390625 0.0296875 0.0390625
0 0.034375 0.04140625 0.0296875 0.04453125
4 0.5 0.03828125 0.15625 0.04296875
0 0.5 0.03828125 0.15625 0.04296875
6 0.82890625 0.04140625 0.04765625 0.015625
3 0.91328125 0.0484375 0.0703125 0.0296875
6 0.9109375 0.0421875 0.0625 0.0171875
4 0.965625 0.0390625 0.0296875 0.0390625
0 0.965625 0.04140625 0.0296875 0.04453125
0 0.07109375 0.09765625 0.1421875 0.0390625
0 0.2140625 0.09765625 0.1421875 0.0390625
0 0.35625 0.09765625 0.1421875 0.0390625
0 0.49921875 0.09765625 0.14375 0.0390625
0 0.6421875 0.09765625 0.1421875 0.0390625
0 0.78515625 0.09765625 0.1421875 0.0390625
0 0.928125 0.09765625 0.1421875 0.0390625
3 0.5 0.30078125 0.946875 0.32578125
4 0.24375 0.64375 0.359375 0.26953125
0 0.24375 0.64375 0.359375 0.26953125
7 0.10859375 0.81015625 0.0890625 0.01796875
2 0.24375 0.85234375 0.359375 0.0609375
4 0.5484375 0.6140625 0.1578125 0.209375
0 0.5484375 0.6140625 0.15703125 0.209375
7 0.5109375 0.75 0.0828125 0.01796875
2 0.5484375 0.8140625 0.1578125 0.10546875
4 0.2625 0.9875 0.1203125 0.025
0 0.2625 0.9875 0.1203125 0.025
7 0.10234375 0.98671875 0.075 0.01796875
2 0.12578125 0.99921875 0.121875 0.0015625
7 0.41015625 0.98671875 0.08203125 0.01796875
2 0.4984375 0.99921875 0.2578125 0.0015625
3 0.8046875 0.646875 0.29296875 0.32578125
2 0.8046875 0.88671875 0.26171875 0.04453125
4 0.71015625 0.97578125 0.0734375 0.0484375
0 0.8046875 0.97578125 0.26171875 0.0484375
7 0.8046875 0.9578125 0.26171875 0.01171875
2 0.84921875 0.9875 0.17265625 0.025
7 0.5 0.88125 0.59375 0.02578125
0 0.421875 0.92578125 0.15234375 0.05703125
0 0.578125 0.92578125 0.15234375 0.05703125