7 0.2671875 0.95859375 0.31953125 0.02109375
0 0.51328125 0.95859375 0.13984375 0.04453125
0 0.6703125 0.95859375 0.14375 0.04453125
0 0.8296875 0.95859375 0.153125 0.03359375
7 0.115625 0.97265625 0.1890625 0.02109375
4 0.20390625 0.98515625 0.00625 0.0296875
7 0.02265625 0.015625 0.0453125 0.03125
0 0.5 0.5 1 1
4 0.8171875 0.1578125 0.0828125 0.0390625
7 0.7453125 0.25390625 0.1296875 0.0625
7 0.88203125 0.25390625 0.1421875 0.0625
1 0.8171875 0.34765625 0.27265625 0.0625
1 0.8171875 0.42578125 0.27265625 0.0625
7 0.89921875 0.48203125 0.10859375 0.01796875
7 0.8171875 0.54296875 0.27265625 0.0625
7 0.8171875 0.5953125 0.04765625 0.01953125
4 0.70390625 0.6484375 0.0234375 0.03125
7 0.8171875 0.6484375 0.27265625 0.02109375
4 0.70390625 0.72109375 0.046875 0.0625
7 0.8171875 0.72109375 0.27265625 0.02109375
7 0.8171875 0.79296875 0.2609375 0.01796875
6 0.728125 0.8125 0.0828125 0.01796875
7 0.78046875 0.8125 0.02265625 0.01796875
6 0.82109375 0.8125 0.0578125 0.01796875
7 0.81640625 0.821875 0.26171875 0.0375
6 0.85859375 0.83203125 0.05859375 0.01796875
7 0.89921875 0.83203125 0.02265625 0.01796875
6 0.86796875 0.8421875 0.1609375 0.0375
7 0.8328125 0.8515625 0.02734375 0.01796875