4 0.0828125 0.0453125 0.0703125 0.03671875
0 0.0828125 0.0453125 0.0703125 0.03671875
6 0.1921875 0.0453125 0.07421875 0.08359375
0 0.20546875 0.03359375 0.10078125 0.0625
6 0.28828125 0.0453125 0.065625 0.08359375
0 0.3015625 0.03359375 0.0921875 0.0625
6 0.4015625 0.0453125 0.10859375 0.08359375
0 0.41484375 0.03359375 0.134375 0.0625
6 0.52421875 0.0453125 0.0828125 0.08359375
0 0.5375 0.03359375 0.109375 0.0625
6 0.6421875 0.0453125 0.1015625 0.08359375
0 0.65546875 0.03359375 0.128125 0.0625
6 0.753125 0.0453125 0.0671875 0.08359375
0 0.76640625 0.03359375 0.09375 0.0625
6 0.8484375 0.0453125 0.0703125 0.08359375
0 0.86171875 0.03359375 0.096875 0.0625
4 0.45703125 0.04765625 0.009375 0.00625
4 0.6953125 0.04765625 0.009375 0.00625
7 0.8796875 0.0453125 0.0265625 0.0234375
0 0.86796875 0.0453125 0.0890625 0.090625
4 0.85234375 0.0453125 0.01875 0.0234375
7 0.978125 0.0453125 0.04375 0.02890625
0 0.95859375 0.04453125 0.0828125 0.0515625
2 0.54453125 0.28671875 0.778125 0.28671875
7 0.54453125 0.47578125 0.628125 0.071875
7 0.5453125 0.59921875 0.12890625 0.04453125
0 0.5453125 0.59921875 0.2046875 0.08046875
4 0.525 0.8625 0.95 0.275
4 0.87890625 0.8953125 0.1203125 0.209375
4 0.18671875 0.92109375 0.03515625 0.1578125
4 0.06015625 0.93671875 0.1203125 0.1265625