7 0.68046875 0.0296875 0.125 0.021875
0 0.68671875 0.0296875 0.15546875 0.0453125
4 0.7484375 0.0296875 0.01484375 0.01953125
7 0.796875 0.0296875 0.0375 0.021875
0 0.80390625 0.0296875 0.06953125 0.0453125
4 0.82265625 0.0296875 0.01484375 0.01953125
7 0.86953125 0.0296875 0.034375 0.025
0 0.86953125 0.0296875 0.0515625 0.0453125
7 0.94375 0.0296875 0.03984375 0.01953125
0 0.94375 0.0296875 0.0625 0.03515625
4 0.5 0.18203125 0.475 0.07265625
0 0.5 0.16953125 0.484375 0.16640625
1 0.4875 0.27734375 0.7203125 0.04921875
4 0.86328125 0.27734375 0.01953125 0.02578125
0 0.86328125 0.27734375 0.01953125 0.02578125
4 0.14140625 0.33203125 0.01953125 0.02578125
0 0.203125 0.33203125 0.16796875 0.03671875
7 0.215625 0.33203125 0.11796875 0.02578125
4 0.31328125 0.33203125 0.01953125 0.02578125
0 0.33828125 0.33203125 0.09453125 0.03671875
7 0.35078125 0.33203125 0.0453125 0.02578125
4 0.6890625 0.33203125 0.01953125 0.02578125
0 0.72109375 0.33203125 0.10859375 0.03671875
7 0.73359375 0.33203125 0.05859375 0.02578125
4 0.8015625 0.33203125 0.01953125 0.02578125
0 0.8296875 0.33203125 0.1015625 0.03671875
7 0.8421875 0.33203125 0.0515625 0.02578125
7 0.5 0.4046875 0.4671875 0.02890625
7 0.5 0.4359375 0.35546875 0.02890625
2 0.09296875 0.496875 0.10546875 0.0296875
0 0.146875 0.496875 0.215625 0.02734375
4 0.06328125 0.57578125 0.046875 0.0625
0 0.146875 0.57578125 0.215625 0.078125
7 0.15703125 0.57578125 0.13984375 0.02578125
4 0.06328125 0.66640625 0.046875 0.0625
0 0.146875 0.66640625 0.215625 0.078125
7 0.1390625 0.66640625 0.103125 0.02578125
4 0.06328125 0.7578125 0.046875 0.0625
0 0.146875 0.7578125 0.215625 0.078125
7 0.11015625 0.7578125 0.046875 0.02578125
4 0.06328125 0.84921875 0.046875 0.0625
0 0.146875 0.84921875 0.215625 0.078125
7 0.14609375 0.84921875 0.11796875 0.02578125
4 0.06328125 0.93984375 0.046875 0.0625
0 0.146875 0.93984375 0.215625 0.078125
7 0.1453125 0.93984375 0.1171875 0.02578125
0 0.146875 0.99609375 0.215625 0.0078125
2 0.365625 0.496875 0.18046875 0.0296875
0 0.38203125 0.496875 0.215625 0.02734375
4 0.2984375 0.57578125 0.046875 0.0625
0 0.38203125 0.57578125 0.215625 0.078125
7 0.37421875 0.57578125 0.103125 0.02578125
4 0.2984375 0.66640625 0.046875 0.0625
0 0.38203125 0.66640625 0.215625 0.078125
7 0.3453125 0.66640625 0.04609375 0.02578125
4 0.2984375 0.7578125 0.046875 0.0625
0 0.38203125 0.7578125 0.215625 0.078125
7 0.353125 0.7578125 0.06171875 0.02578125
4 0.2984375 0.84921875 0.046875 0.0625
0 0.38203125 0.84921875 0.215625 0.078125
7 0.35859375 0.84921875 0.0734375 0.02578125
4 0.2984375 0.93984375 0.046875 0.0625
0 0.38203125 0.93984375 0.215625 0.078125
7 0.396875 0.93984375 0.1484375 0.02578125
0 0.38203125 0.99609375 0.215625 0.0078125
2 0.58125 0.496875 0.14140625 0.0296875
0 0.61796875 0.496875 0.215625 0.02734375
4 0.534375 0.57578125 0.046875 0.0625
0 0.61796875 0.57578125 0.215625 0.078125
7 0.57890625 0.57578125 0.0421875 0.02578125
4 0.534375 0.66640625 0.046875 0.0625
0 0.61796875 0.66640625 0.215625 0.078125
7 0.5953125 0.66640625 0.075 0.02578125
4 0.534375 0.7578125 0.046875 0.0625
0 0.61796875 0.7578125 0.215625 0.078125
7 0.6 0.7578125 0.08515625 0.02578125
4 0.534375 0.84921875 0.046875 0.0625
0 0.61796875 0.84921875 0.215625 0.078125
7 0.61640625 0.84921875 0.11796875 0.02578125
4 0.534375 0.93984375 0.046875 0.0625
0 0.61796875 0.93984375 0.215625 0.078125
7 0.60859375 0.93984375 0.10234375 0.02578125
0 0.61796875 0.99609375 0.215625 0.0078125
2 0.80078125 0.496875 0.109375 0.0296875
0 0.853125 0.496875 0.215625 0.02734375
4 0.76953125 0.57578125 0.046875 0.0625
0 0.853125 0.57578125 0.215625 0.078125
7 0.8421875 0.57578125 0.09765625 0.02578125
4 0.76953125 0.66640625 0.046875 0.0625
0 0.853125 0.66640625 0.215625 0.078125
7 0.8453125 0.66640625 0.1046875 0.02578125
4 0.76953125 0.7578125 0.046875 0.0625
0 0.853125 0.7578125 0.215625 0.078125
7 0.82109375 0.7578125 0.05546875 0.02578125
4 0.76953125 0.84921875 0.046875 0.0625
0 0.853125 0.84921875 0.215625 0.078125
7 0.83671875 0.84921875 0.0875 0.02578125
4 0.76953125 0.93984375 0.046875 0.0625
0 0.853125 0.93984375 0.215625 0.078125
7 0.85078125 0.93984375 0.115625 0.02578125
0 0.853125 0.99609375 0.215625 0.0078125
7 0.2828125 0.965625 0.5359375 0.021875
7 0.58828125 0.965625 0.0734375 0.021875
0 0.58828125 0.965625 0.075 0.025
7 0.62734375 0.965625 0.003125 0.021875
7 0.9046875 0.96640625 0.04296875 0.02109375
0 0.9265625 0.96640625 0.11875 0.03671875
7 0.94765625 0.96640625 0.04609375 0.02109375