2 0.18828125 0.05703125 0.2953125 0.1140625
1 0.8015625 0.05859375 0.25625 0.0390625
0 0.9421875 0.05859375 0.025 0.0390625
0 0.07109375 0.125 0.07109375 0.06015625
0 0.14296875 0.125 0.0578125 0.06015625
0 0.2078125 0.125 0.05546875 0.06015625
0 0.2703125 0.125 0.05390625 0.06015625
0 0.33515625 0.125 0.0609375 0.06015625
0 0.41640625 0.125 0.08671875 0.06015625
0 0.4921875 0.125 0.0484375 0.06015625
0 0.54375 0.125 0.0390625 0.06015625
0 0.60078125 0.125 0.05859375 0.06015625
0 0.89375 0.1265625 0.1203125 0.06015625
0 0.89375 0.11875 0.121875 0.046875
2 0.5 0.284375 0.9453125 0.08984375
7 0.5 0.39921875 0.625 0.115625
7 0.5 0.68125 0.625 0.15859375
4 0.4671875 0.91484375 0.78203125 0.1703125
4 0.83359375 0.97578125 0.19609375 0.0484375