6 0.32265625 0.0734375 0.03984375 0.04296875
0 0.321875 0.0734375 0.05078125 0.04296875
6 0.37890625 0.0734375 0.05078125 0.04296875
0 0.378125 0.0734375 0.06171875 0.04296875
6 0.46640625 0.0734375 0.10234375 0.04296875
0 0.465625 0.0734375 0.11328125 0.04296875
6 0.56484375 0.0734375 0.0734375 0.04296875
0 0.5640625 0.0734375 0.084375 0.04296875
6 0.646875 0.0734375 0.06875 0.04296875
0 0.64609375 0.0734375 0.07890625 0.04296875
6 0.7328125 0.0734375 0.0828125 0.04296875
0 0.7328125 0.0734375 0.09375 0.04296875
6 0.83125 0.0734375 0.09296875 0.04296875
0 0.83125 0.0734375 0.103125 0.04296875
6 0.93671875 0.0734375 0.096875 0.04296875
0 0.93671875 0.0734375 0.1078125 0.04296875
4 0.5 0.55625 1 0.81796875
0 0.5 0.55625 1 0.81796875
4 0.015625 0.55625 0.0078125 0.02109375
4 0.984375 0.55625 0.0078125 0.02109375
4 0.5 0.98203125 1 0.0359375
4 0.49921875 0.98203125 0.9578125 0.0359375
4 0.08359375 0.9953125 0.03828125 0.009375
0 0.08359375 0.9953125 0.03828125 0.009375
4 0.13125 0.9953125 0.03828125 0.009375
0 0.13125 0.9953125 0.03828125 0.009375
4 0.17890625 0.9953125 0.03828125 0.009375
0 0.17890625 0.9953125 0.03828125 0.009375
4 0.22734375 0.9953125 0.03828125 0.009375
0 0.22734375 0.9953125 0.03828125 0.009375
3 0.83359375 0.9921875 0.16484375 0.015625
3 0.54375 0.9921875 0.278125 0.015625
4 0.140625 0.07578125 0.203125 0.10390625
0 0.140625 0.07578125 0.203125 0.10390625