7 0.4171875 0.971875 0.7359375 0.021875
6 0.09296875 0.990625 0.0890625 0.01796875
0 0.89375 0.9828125 0.059375 0.02109375
6 0.059375 0.03125 0.03203125 0.01796875
0 0.06953125 0.03125 0.0734375 0.03125
6 0.13515625 0.03125 0.03984375 0.01796875
0 0.1453125 0.03125 0.0796875 0.03125
7 0.69453125 0.03203125 0.21171875 0.01953125
6 0.825 0.03125 0.034375 0.015625
7 0.8484375 0.03125 0.01640625 0.015625
6 0.90625 0.03125 0.1015625 0.015625
4 0.14296875 0.1046875 0.215625 0.08984375
4 0.07890625 0.2984375 0.09453125 0.203125
7 0.5296875 0.234375 0.784375 0.0390625
7 0.43046875 0.26875 0.58515625 0.01953125
6 0.76640625 0.26875 0.08984375 0.01953125
7 0.815625 0.26875 0.0078125 0.01953125
6 0.51328125 0.28359375 0.75078125 0.04921875
7 0.4171875 0.2984375 0.49609375 0.01953125
6 0.68203125 0.2984375 0.0359375 0.01953125
7 0.5109375 0.3140625 0.746875 0.04921875
6 0.25859375 0.32890625 0.14375 0.01953125
7 0.58515625 0.32890625 0.51171875 0.01953125
7 0.77578125 0.36640625 0.2921875 0.0296875
4 0.340625 0.253125 0.00859375 0.01171875
4 0.440625 0.2328125 0.00859375 0.01171875
4 0.50625 0.25078125 0.0046875 0.00625
4 0.5953125 0.2359375 0.0140625 0.01796875
4 0.67109375 0.2296875 0.0046875 0.00625
4 0.79609375 0.24296875 0.00859375 0.01171875
4 0.89453125 0.23203125 0.0140625 0.01796875
4 0.940625 0.25859375 0.00859375 0.01171875
4 0.54765625 0.384375 0.84453125 0.196875
4 0.42265625 0.2984375 0.0890625 0.203125
4 0.83515625 0.2984375 0.0984375 0.203125
4 0.96640625 0.36484375 0.0671875 0.0984375
7 0.03671875 0.60625 0.01484375 0.3453125
2 0.35390625 0.4671875 0.60078125 0.040625
2 0.0921875 0.5015625 0.07734375 0.01796875
2 0.21015625 0.5015625 0.1609375 0.01796875
6 0.09296875 0.53984375 0.07734375 0.0296875
0 0.09296875 0.540625 0.07890625 0.0296875
6 0.16328125 0.53984375 0.0546875 0.02734375
0 0.16328125 0.540625 0.05625 0.02734375
6 0.21953125 0.53984375 0.05078125 0.02734375
0 0.21953125 0.540625 0.053125 0.02734375
6 0.2703125 0.53984375 0.04296875 0.02734375
0 0.2703125 0.540625 0.0453125 0.02734375
6 0.3265625 0.53984375 0.06171875 0.02734375
0 0.3265625 0.540625 0.06328125 0.02734375
1 0.246875 0.58671875 0.36875 0.0296875
1 0.49375 0.584375 0.1109375 0.02578125
6 0.10390625 0.6109375 0.0828125 0.0171875
7 0.15234375 0.6109375 0.015625 0.0171875
6 0.1921875 0.6109375 0.06640625 0.0171875
2 0.3453125 0.6578125 0.5828125 0.02109375
2 0.10625 0.67890625 0.06328125 0.0171875
7 0.725 0.459375 0.04375 0.01953125
7 0.82109375 0.46875 0.2359375 0.0390625
5 0.73359375 0.51953125 0.0609375 0.015625
1 0.825 0.5203125 0.10859375 0.025
5 0.73046875 0.546875 0.0546875 0.015625
1 0.825 0.54765625 0.10859375 0.025
1 0.71015625 0.57734375 0.0140625 0.0171875
5 0.79765625 0.58046875 0.15546875 0.015625
1 0.7328125 0.60859375 0.059375 0.025
6 0.76171875 0.63984375 0.1171875 0.0171875
7 0.83125 0.63984375 0.0234375 0.0171875
6 0.896875 0.63984375 0.11015625 0.0171875
7 0.74140625 0.67421875 0.0765625 0.015625
7 0.82734375 0.70546875 0.24921875 0.078125
6 0.8421875 0.73671875 0.065625 0.015625
7 0.87578125 0.73671875 0.00390625 0.015625
6 0.89375 0.81484375 0.125 0.015625
4 0.09140625 0.91796875 0.09453125 0.11953125
2 0.21328125 0.8765625 0.12421875 0.02578125
7 0.48359375 0.90703125 0.6640625 0.021875