7 0.11484375 0.04453125 0.17109375 0.04921875
0 0.11484375 0.05234375 0.17109375 0.10390625
7 0.11484375 0.07578125 0.1453125 0.015625
7 0.94609375 0.05234375 0.0484375 0.05234375
2 0.26796875 0.2875 0.4640625 0.25
7 0.26796875 0.51796875 0.4640625 0.14609375
0 0.13359375 0.6890625 0.1953125 0.06484375
7 0.73203125 0.475 0.4640625 0.6234375
1 0.3953125 0.8453125 0.71796875 0.06484375
7 0.8640625 0.8453125 0.07734375 0.02578125
0 0.86328125 0.8453125 0.2015625 0.06484375
7 0.5 0.91015625 0.928125 0.06484375
7 0.5 0.97734375 1 0.04296875
7 0.5171875 0.9390625 0.925 0.015625
7 0.18125 0.9625 0.25390625 0.01796875
6 0.33671875 0.9625 0.05546875 0.01796875
0 0.8875 0.953125 0.1859375 0.05234375