2 0.1171875 0.06171875 0.1953125 0.071875
0 0.1171875 0.06328125 0.1953125 0.1265625
7 0.909375 0.0625 0.034375 0.01796875
0 0.93125 0.06328125 0.13671875 0.1265625
7 0.5 0.2265625 0.8421875 0.10390625
7 0.5 0.33984375 0.4609375 0.10390625
7 0.5 0.478125 0.34765625 0.07578125
7 0.48359375 0.5875 0.19609375 0.0375
0 0.5 0.5875 0.27734375 0.0640625
7 0.36875 0.67265625 0.01953125 0.0296875
6 0.521875 0.6703125 0.23828125 0.02890625
7 0.25546875 0.86875 0.07109375 0.02890625
7 0.5 0.86875 0.4203125 0.11171875
7 0.7671875 0.86875 0.1171875 0.02890625