7 0.128125 0.0140625 0.19375 0.0140625
0 0.1375 0.0140625 0.2125 0.0171875
7 0.04296875 0.0484375 0.0234375 0.01796875
7 0.0859375 0.0484375 0.053125 0.01796875
7 0.13203125 0.0484375 0.028125 0.01796875
7 0.15546875 0.0484375 0.0078125 0.0171875
7 0.2359375 0.0484375 0.0375 0.01796875
7 0.2828125 0.0484375 0.04609375 0.01796875
7 0.32578125 0.0484375 0.028125 0.01796875
7 0.3484375 0.0484375 0.0078125 0.0171875
7 0.4328125 0.0484375 0.04375 0.01796875
7 0.490625 0.0484375 0.0609375 0.01796875
7 0.5453125 0.0484375 0.0375 0.01796875
7 0.571875 0.0484375 0.0078125 0.0171875
7 0.66328125 0.0484375 0.0453125 0.01796875
7 0.70625 0.0484375 0.03125 0.01796875
7 0.74296875 0.0484375 0.03046875 0.01796875
7 0.76640625 0.0484375 0.0078125 0.0171875
7 0.8640625 0.0484375 0.0234375 0.01796875
7 0.9 0.0484375 0.0390625 0.01796875
7 0.940625 0.0484375 0.03046875 0.01796875
7 0.96484375 0.0484375 0.0078125 0.0171875
0 0.5 0.1140625 0.55625 0.084375
6 0.9203125 0.13046875 0.096875 0.06484375
6 0.9515625 0.13046875 0.03515625 0.06484375
4 0.88828125 0.13671875 0.1609375 0.03671875
0 0.88828125 0.13828125 0.1609375 0.0390625
7 0.384375 0.178125 0.07890625 0.015625
0 0.38984375 0.178125 0.090625 0.02890625
7 0.48828125 0.178125 0.06875 0.01796875
6 0.5734375 0.1859375 0.065625 0.01796875
6 0.63984375 0.1859375 0.03046875 0.01796875
0 0.1296875 0.215625 0.0546875 0.03515625
0 0.1859375 0.215625 0.05546875 0.03515625
0 0.23515625 0.215625 0.040625 0.03515625
0 0.28828125 0.215625 0.0625 0.03515625
0 0.3578125 0.215625 0.07421875 0.03515625
0 0.43203125 0.215625 0.0734375 0.03515625
0 0.49296875 0.215625 0.046875 0.03515625
0 0.5515625 0.215625 0.06875 0.03515625
0 0.61953125 0.215625 0.065625 0.03515625
0 0.69453125 0.215625 0.08203125 0.03515625
0 0.78046875 0.215625 0.0875 0.03515625
0 0.88125 0.215625 0.1109375 0.03515625
4 0.95 0.21640625 0.0296875 0.04453125
0 0.95 0.2171875 0.034375 0.0453125
6 0.0734375 0.26875 0.09453125 0.021875
7 0.0625 0.29609375 0.071875 0.0171875
4 0.2015625 0.28125 0.01171875 0.01328125
0 0.2375 0.28125 0.10625 0.03125
7 0.24375 0.2828125 0.0734375 0.0171875
0 0.36015625 0.28125 0.12421875 0.03125
0 0.49921875 0.28125 0.14140625 0.03125
0 0.64453125 0.28125 0.134375 0.03125
0 0.80625 0.28125 0.175 0.03125
0 0.259375 0.321875 0.15 0.0296875
0 0.403125 0.321875 0.121875 0.0296875
0 0.52109375 0.321875 0.10078125 0.0296875
0 0.64609375 0.321875 0.1359375 0.0296875
4 0.7375 0.321875 0.0109375 0.0140625
0 0.79609375 0.321875 0.1515625 0.0296875
7 0.80546875 0.3234375 0.11328125 0.0140625
0 0.92265625 0.321875 0.08671875 0.0296875
7 0.09453125 0.403125 0.13671875 0.0296875
7 0.4421875 0.40234375 0.51875 0.01796875
6 0.7375 0.40234375 0.071875 0.01796875
4 0.9625 0.40078125 0.01875 0.0234375
3 0.5 0.5296875 0.7109375 0.1171875
7 0.5 0.6 0.9375 0.0234375
6 0.146875 0.82578125 0.2125 0.3484375
7 0.14765625 0.80859375 0.2125 0.09609375
7 0.06796875 0.87421875 0.01875 0.0140625
0 0.0609375 0.87421875 0.0328125 0.01953125
7 0.12265625 0.87421875 0.07890625 0.01953125
2 0.12578125 0.91171875 0.1296875 0.01796875
2 0.153125 0.95546875 0.1859375 0.04140625
4 0.46171875 0.8171875 0.37109375 0.3296875
0 0.46171875 0.8171875 0.37109375 0.3296875
6 0.46171875 0.996875 0.3609375 0.00625
7 0.675 0.6625 0.01875 0.02109375
7 0.725 0.6625 0.05546875 0.02109375
7 0.78203125 0.6625 0.03203125 0.02109375
7 0.81953125 0.6625 0.0171875 0.02109375
7 0.8625 0.6625 0.04375 0.02109375
7 0.928125 0.6625 0.0625 0.02109375
4 0.8 0.759375 0.26875 0.15625
7 0.946875 0.696875 0.02421875 0.03125
7 0.946875 0.728125 0.02421875 0.03125
7 0.946875 0.759375 0.02421875 0.03125
7 0.946875 0.790625 0.02421875 0.03125
7 0.946875 0.821875 0.02421875 0.03125
7 0.725 0.85703125 0.1171875 0.02109375
7 0.8171875 0.85703125 0.06875 0.02109375
7 0.878125 0.85703125 0.05390625 0.02109375
7 0.93203125 0.85703125 0.05390625 0.02109375
7 0.725 0.8921875 0.1171875 0.02109375
7 0.8171875 0.8921875 0.06875 0.02109375
7 0.878125 0.8921875 0.05390625 0.02109375
7 0.93203125 0.8921875 0.05390625 0.02109375
7 0.725 0.92734375 0.1171875 0.02109375
7 0.8171875 0.92734375 0.06875 0.02109375
7 0.878125 0.92734375 0.05390625 0.02109375
7 0.93203125 0.92734375 0.05390625 0.02109375
7 0.725 0.9625 0.1171875 0.02109375
7 0.8171875 0.9625 0.06875 0.02109375
7 0.878125 0.9625 0.05390625 0.02109375
7 0.93203125 0.9625 0.05390625 0.02109375
7 0.72421875 0.99296875 0.1171875 0.0140625
7 0.8171875 0.99296875 0.06875 0.0140625
7 0.87734375 0.99296875 0.0546875 0.0140625
7 0.93125 0.99296875 0.053125 0.0140625
4 0.5 0.9671875 0.93359375 0.06484375