4 0.075 0.05859375 0.0875 0.1171875
7 0.15546875 0.05859375 0.0453125 0.02578125
0 0.16015625 0.05859375 0.084375 0.06484375
7 0.26171875 0.05859375 0.0921875 0.02578125
0 0.26640625 0.05859375 0.13125 0.06484375
7 0.378125 0.05859375 0.065625 0.02578125
0 0.38359375 0.05859375 0.1046875 0.06484375
7 0.48515625 0.05859375 0.07109375 0.02578125
0 0.4890625 0.05859375 0.109375 0.06484375
0 0.60703125 0.05859375 0.128125 0.06484375
7 0.7203125 0.05859375 0.07109375 0.02578125
0 0.725 0.05859375 0.11015625 0.06484375
0 0.9203125 0.05859375 0.10625 0.0546875
4 0.5 0.55859375 1 0.8828125
2 0.38984375 0.353125 0.2921875 0.08984375
2 0.5 0.47890625 0.51171875 0.0546875
7 0.5 0.525 0.51171875 0.0296875
4 0.8296875 0.3015625 0.0203125 0.10546875
4 0.8296875 0.43125 0.0203125 0.10546875
4 0.8296875 0.5609375 0.0203125 0.10390625
4 0.5 0.6859375 0.6015625 0.07421875
7 0.0390625 0.959375 0.0625 0.02734375
7 0.0390625 0.9796875 0.0625 0.0140625
4 0.1703125 0.96875 0.02421875 0.03125
4 0.3546875 0.96875 0.02421875 0.03125
4 0.53828125 0.96875 0.02421875 0.03125
4 0.7234375 0.96875 0.02421875 0.03125
4 0.9078125 0.96875 0.02421875 0.03125
2 0.5 0.03828125 0.771875 0.0375
7 0.4890625 0.12109375 0.75 0.09375
7 0.18046875 0.1546875 0.065625 0.02578125
7 0.509375 0.1546875 0.5953125 0.02578125
0 0.47890625 0.1734375 0.7296875 0.0640625
0 0.69453125 0.26796875 0.08671875 0.046875
0 0.81171875 0.26796875 0.12890625 0.046875