4 0.5 0.06484375 1 0.1171875
0 0.09921875 0.1625 0.1921875 0.06484375
7 0.25390625 0.1625 0.09765625 0.02109375
0 0.25390625 0.1625 0.1171875 0.06484375
7 0.365625 0.1625 0.0875 0.02109375
0 0.365625 0.1625 0.10859375 0.06484375
7 0.2546875 0.228125 0.0984375 0.02109375
0 0.2546875 0.228125 0.11796875 0.06484375
7 0.365625 0.228125 0.0859375 0.02109375
0 0.365625 0.228125 0.10625 0.06484375
7 0.465625 0.228125 0.0765625 0.02109375
0 0.465625 0.228125 0.0953125 0.06484375
7 0.4546875 0.1625 0.03203125 0.02109375
0 0.4640625 0.1625 0.0703125 0.06484375
1 0.74140625 0.1625 0.24375 0.04453125
7 0.8421875 0.1625 0.02734375 0.02890625
6 0.89375 0.1625 0.04296875 0.021875
7 0.92109375 0.1625 0.0140625 0.021875
6 0.94140625 0.1625 0.0296875 0.021875
7 0.97578125 0.16015625 0.0234375 0.03125
0 0.97578125 0.1625 0.0484375 0.06484375
6 0.01953125 0.22421875 0.02734375 0.04921875
0 0.01953125 0.22421875 0.0375 0.04921875
7 0.06328125 0.21640625 0.03984375 0.015625
7 0.05625 0.23203125 0.02734375 0.015625
7 0.1359375 0.22421875 0.0125 0.01796875
0 0.17578125 0.22421875 0.1796875 0.04921875
7 0.1546875 0.22421875 0.0078125 0.01796875
7 0.21171875 0.21171875 0.0984375 0.025
4 0.1078125 0.22421875 0.0328125 0.04453125
7 0.315625 0.22421875 0.0140625 0.01796875
0 0.3453125 0.22421875 0.1609375 0.04921875
7 0.334375 0.22421875 0.0078125 0.01796875
7 0.38125 0.21171875 0.07890625 0.025
4 0.28671875 0.22421875 0.034375 0.04453125
7 0.47578125 0.22421875 0.0140625 0.01796875
0 0.53828125 0.22421875 0.2265625 0.04921875
7 0.49375 0.22421875 0.0078125 0.01796875
7 0.56640625 0.22421875 0.12890625 0.01796875
6 0.6390625 0.225 0.015625 0.02109375
4 0.446875 0.22421875 0.034375 0.04453125
7 0.7015625 0.22421875 0.0140625 0.01796875
0 0.73046875 0.22421875 0.16015625 0.04921875
7 0.71875 0.22421875 0.0078125 0.01796875
7 0.759375 0.22421875 0.0640625 0.01796875
6 0.79765625 0.225 0.015625 0.02109375
4 0.67265625 0.22421875 0.034375 0.04453125
7 0.86015625 0.22421875 0.0140625 0.01796875
0 0.88359375 0.22421875 0.1484375 0.04921875
7 0.87890625 0.22421875 0.0078125 0.01796875
7 0.9203125 0.21171875 0.06640625 0.025
4 0.83125 0.22421875 0.034375 0.04453125
0 0.978125 0.22421875 0.04296875 0.04921875
4 0.97890625 0.22421875 0.034375 0.04453125
4 0.975 0.22421875 0.0484375 0.04921875
0 0.34375 0.44140625 0.3421875 0.05703125
2 0.40703125 0.6234375 0.284375 0.03515625
7 0.47578125 0.68203125 0.42265625 0.0546875
4 0.1109375 0.6921875 0.221875 0.1703125
0 0.1109375 0.73671875 0.221875 0.26015625
2 0.44453125 0.909375 0.36015625 0.03515625
7 0.47578125 0.96875 0.42265625 0.0546875
4 0.1109375 0.94609375 0.221875 0.1078125
0 0.1109375 0.94609375 0.221875 0.1078125
7 0.98359375 0.8375 0.0234375 0.03125
0 0.98359375 0.834375 0.0234375 0.02578125
4 0.14921875 0.9078125 0.04609375 0.078125
2 0.25859375 0.90234375 0.1453125 0.03359375
7 0.41640625 0.85546875 0.0515625 0.02109375
6 0.484375 0.85546875 0.0859375 0.02109375
7 0.64453125 0.884375 0.5078125 0.078125
0 0.5125 0.96015625 0.24375 0.02734375