2 0.1625 0.0640625 0.2375 0.08359375
7 0.30859375 0.11796875 0.29453125 0.0234375
4 0.725 0.08359375 0.11640625 0.078125
4 0.87109375 0.08671875 0.16484375 0.084375
4 0.50078125 0.45859375 0.99765625 0.4921875
4 0.13125 0.925 0.16328125 0.1359375
4 0.30234375 0.921875 0.16171875 0.13515625
4 0.47421875 0.92109375 0.1640625 0.13125
2 0.203125 0.80234375 0.30703125 0.0484375
2 0.82734375 0.803125 0.25234375 0.05078125
6 0.74765625 0.98203125 0.090625 0.0265625
1 0.828125 0.8765625 0.24609375 0.04140625
1 0.828125 0.9328125 0.24609375 0.04375
5 0.75 0.87890625 0.08125 0.03046875
5 0.75703125 0.934375 0.09765625 0.02734375
2 0.159375 0.39609375 0.18046875 0.0375
2 0.50234375 0.41875 0.2078125 0.08125
2 0.81484375 0.41640625 0.17578125 0.0859375
7 0.17734375 0.47421875 0.215625 0.10078125
7 0.51015625 0.50390625 0.22890625 0.08125
7 0.8328125 0.50234375 0.21328125 0.075
0 0.8890625 0.18203125 0.02890625 0.04375
0 0.93125 0.18046875 0.02890625 0.05234375
0 0.08203125 0.1796875 0.0421875 0.0453125
0 0.15390625 0.18046875 0.059375 0.03984375
0 0.23359375 0.1796875 0.0625 0.04765625
0 0.30703125 0.17890625 0.05234375 0.04140625
0 0.3765625 0.18203125 0.05625 0.04296875
0 0.4640625 0.184375 0.08515625 0.04453125
0 0.55625 0.1828125 0.06953125 0.0390625
0 0.63125 0.18359375 0.04765625 0.046875
0 0.71875 0.18359375 0.09375 0.04296875
0 0.80703125 0.18046875 0.03359375 0.046875
7 0.87421875 0.1125 0.153125 0.02578125
7 0.728125 0.11015625 0.10703125 0.0234375