4 0.2328125 0.08515625 0.23203125 0.14296875
0 0.4890625 0.08828125 0.0890625 0.075
1 0.61171875 0.08828125 0.11171875 0.04296875
5 0.57890625 0.08828125 0.0390625 0.03828125
0 0.653125 0.090625 0.02578125 0.04296875
0 0.7046875 0.09375 0.028125 0.0359375
0 0.75234375 0.0921875 0.0328125 0.03828125
0 0.8390625 0.09609375 0.11328125 0.07734375
0 0.83984375 0.03359375 0.1078125 0.0359375
0 0.49140625 0.16015625 0.04140625 0.03984375
0 0.53671875 0.1578125 0.04296875 0.040625
0 0.59296875 0.16015625 0.065625 0.04140625
0 0.6515625 0.159375 0.04765625 0.03828125
0 0.70625 0.15859375 0.059375 0.04140625
0 0.7703125 0.16015625 0.06796875 0.04375
0 0.8265625 0.15859375 0.04765625 0.0375
0 0.8734375 0.1609375 0.04375 0.04140625
4 0.5015625 0.41015625 0.7921875 0.44296875
7 0.6765625 0.4 0.39765625 0.17421875
2 0.26953125 0.7171875 0.33359375 0.03359375
7 0.34765625 0.803125 0.49140625 0.09921875
7 0.34375 0.88984375 0.4875 0.0375
4 0.653125 0.8171875 0.08125 0.140625
2 0.7484375 0.7203125 0.06328125 0.040625
7 0.7765625 0.78125 0.12890625 0.0203125
7 0.7765625 0.8265625 0.11328125 0.03125
7 0.75390625 0.8671875 0.07734375 0.01796875
7 0.80546875 0.91328125 0.16953125 0.03125
7 0.77734375 0.95078125 0.11875 0.03046875
7 0.80703125 0.9875 0.17421875 0.02421875
7 0.17734375 0.95625 0.05703125 0.02421875
7 0.3421875 0.96171875 0.1484375 0.0203125
7 0.1734375 0.98984375 0.04765625 0.0203125
7 0.334375 0.9875 0.1265625 0.02421875
2 0.5734375 0.95703125 0.121875 0.03359375