4 0.20234375 0.08203125 0.1609375 0.1
2 0.20625 0.07734375 0.15078125 0.034375
7 0.22734375 0.109375 0.1015625 0.025
7 0.47109375 0.0546875 0.321875 0.0265625
7 0.4703125 0.0796875 0.325 0.02890625
7 0.77578125 0.06015625 0.14921875 0.07578125
4 0.3984375 0.22109375 0.1796875 0.13359375
4 0.6015625 0.22265625 0.18203125 0.134375
4 0.8046875 0.22265625 0.18046875 0.13359375
4 0.4 0.38359375 0.18203125 0.1375
4 0.60234375 0.38125 0.18203125 0.134375
4 0.80390625 0.38359375 0.18046875 0.1390625
4 0.3984375 0.54453125 0.18203125 0.13671875
4 0.6015625 0.5453125 0.18125 0.13828125
4 0.8046875 0.5453125 0.18359375 0.140625
0 0.39921875 0.22265625 0.18046875 0.134375
0 0.6015625 0.221875 0.18125 0.1359375
0 0.80390625 0.2234375 0.1796875 0.13984375
0 0.3984375 0.3859375 0.18203125 0.13671875
0 0.60234375 0.38359375 0.18125 0.1421875
0 0.80390625 0.3859375 0.17890625 0.13984375
0 0.39921875 0.54375 0.1796875 0.1359375
0 0.60234375 0.5453125 0.1828125 0.1421875
0 0.80390625 0.546875 0.18203125 0.134375
4 0.3453125 0.7171875 0.0640625 0.08828125
4 0.54921875 0.7171875 0.06484375 0.08828125
4 0.753125 0.721875 0.0578125 0.09140625
2 0.36484375 0.65234375 0.0984375 0.01875
2 0.55078125 0.6484375 0.06953125 0.02109375
2 0.76328125 0.6515625 0.0828125 0.0234375
7 0.825 0.67890625 0.06875 0.01796875
7 0.821875 0.72734375 0.06640625 0.0203125
7 0.634375 0.68515625 0.0953125 0.03125
7 0.434375 0.6921875 0.103125 0.0421875
6 0.43125 0.7046875 0.0234375 0.015625
4 0.19609375 0.7015625 0.178125 0.13359375
2 0.13671875 0.16796875 0.05 0.015625
1 0.18046875 0.18671875 0.14140625 0.0203125
0 0.26328125 0.1875 0.01875 0.02265625
5 0.14765625 0.18671875 0.075 0.0171875
0 0.19453125 0.21953125 0.18046875 0.02578125
0 0.1953125 0.24609375 0.18046875 0.021875
0 0.19609375 0.271875 0.18203125 0.02578125
0 0.19609375 0.29921875 0.1796875 0.0234375
0 0.1953125 0.32578125 0.1828125 0.02265625
0 0.19609375 0.35078125 0.18046875 0.025
0 0.19609375 0.37890625 0.18125 0.025
0 0.1953125 0.40546875 0.18046875 0.0265625
0 0.19453125 0.43046875 0.18125 0.0234375
0 0.19453125 0.459375 0.1796875 0.0234375
0 0.1953125 0.48359375 0.18203125 0.025
0 0.1953125 0.5109375 0.18203125 0.021875
0 0.19453125 0.53828125 0.17734375 0.02265625
0 0.1953125 0.565625 0.17890625 0.02265625
0 0.1953125 0.5921875 0.18125 0.0234375