4 0.34296875 0.203125 0.68203125 0.1171875
4 0.05703125 0.05546875 0.10859375 0.09140625
7 0.3359375 0.409375 0.39375 0.2375
4 0.065625 0.6328125 0.128125 0.734375
6 0.3359375 0.57890625 0.203125 0.0265625
7 0.61640625 0.29609375 0.11640625 0.046875
7 0.61796875 0.3671875 0.11484375 0.0703125
0 0.515625 0.0921875 0.0328125 0.0265625
0 0.5609375 0.0921875 0.0484375 0.015625
0 0.60390625 0.0921875 0.0296875 0.0234375
0 0.6515625 0.09453125 0.05625 0.02109375
0 0.0625 0.13125 0.11484375 0.02734375
0 0.184375 0.13203125 0.11015625 0.02578125
0 0.29609375 0.13046875 0.0890625 0.02890625
0 0.38125 0.128125 0.06484375 0.028125
0 0.44765625 0.13125 0.05546875 0.02421875
0 0.50859375 0.128125 0.05390625 0.02421875
0 0.6046875 0.13046875 0.11484375 0.02578125