2 0.10546875 0.0421875 0.20234375 0.06171875
7 0.26484375 0.0453125 0.09375 0.06015625
0 0.3734375 0.04453125 0.040625 0.0890625
0 0.44453125 0.04296875 0.09453125 0.08203125
0 0.5171875 0.04453125 0.04921875 0.0890625
0 0.57265625 0.04453125 0.0578125 0.0890625
0 0.6515625 0.0453125 0.09453125 0.08359375
0 0.7328125 0.046875 0.0625 0.0828125
0 0.79375 0.04375 0.0578125 0.08359375
2 0.82109375 0.14765625 0.1625 0.03984375
2 0.8734375 0.3625 0.078125 0.0390625
1 0.81953125 0.20625 0.19375 0.0421875
0 0.81796875 0.26328125 0.04375 0.0453125
1 0.82109375 0.48671875 0.17890625 0.059375
1 0.82109375 0.58671875 0.18125 0.0515625
1 0.8203125 0.6859375 0.17890625 0.05703125
1 0.8203125 0.83828125 0.17890625 0.15859375
5 0.759375 0.440625 0.06328125 0.0328125
5 0.77109375 0.54453125 0.08671875 0.034375
5 0.76953125 0.64296875 0.08984375 0.02265625
5 0.77890625 0.74375 0.10078125 0.03203125
4 0.38828125 0.32734375 0.6078125 0.41015625
7 0.23671875 0.6046875 0.2765625 0.1125
2 0.16953125 0.7171875 0.146875 0.0375
2 0.20859375 0.78125 0.22265625 0.0625
2 0.4953125 0.578125 0.1875 0.06015625
2 0.53125 0.6859375 0.2515625 0.04609375
2 0.4734375 0.63671875 0.14375 0.0359375
7 0.49375 0.7390625 0.1765625 0.02578125
7 0.46875 0.80546875 0.13359375 0.08828125
4 0.38984375 0.934375 0.61015625 0.13125