4 0.240625 0.07109375 0.13671875 0.128125
2 0.23984375 0.03359375 0.1296875 0.05390625
7 0.240625 0.07734375 0.13359375 0.0265625
7 0.4015625 0.06640625 0.1578125 0.05
0 0.76875 0.01171875 0.0265625 0.0234375
0 0.80625 0.0109375 0.0453125 0.02109375
7 0.7546875 0.05625 0.15078125 0.0609375
1 0.75078125 0.1109375 0.08671875 0.0203125
0 0.8125 0.11171875 0.02421875 0.02578125
5 0.72578125 0.109375 0.03515625 0.0140625
0 0.721875 0.48515625 0.15234375 0.05390625
4 0.4984375 0.30390625 0.6671875 0.2328125
7 0.27890625 0.27421875 0.14609375 0.034375
7 0.42890625 0.32265625 0.2625 0.05078125
0 0.21953125 0.16640625 0.096875 0.034375
0 0.33671875 0.16796875 0.10078125 0.040625
0 0.46640625 0.16640625 0.12578125 0.03828125
0 0.5765625 0.16640625 0.06640625 0.0375
0 0.665625 0.16484375 0.06953125 0.0453125
0 0.775 0.16328125 0.0953125 0.034375
2 0.2734375 0.4671875 0.20625 0.028125
2 0.31953125 0.64453125 0.09375 0.021875
2 0.5421875 0.64140625 0.11171875 0.02265625
2 0.75234375 0.6421875 0.07578125 0.0234375
7 0.38671875 0.540625 0.4328125 0.1046875
6 0.3171875 0.4984375 0.0640625 0.0171875
6 0.2578125 0.51171875 0.05234375 0.01875
6 0.40546875 0.5640625 0.04140625 0.0203125
6 0.49609375 0.56484375 0.059375 0.02109375
6 0.20078125 0.58203125 0.06015625 0.025
7 0.29765625 0.66171875 0.0546875 0.01796875
7 0.3203125 0.70859375 0.1046875 0.0625
7 0.51796875 0.6609375 0.05625 0.01640625
7 0.54375 0.70859375 0.10390625 0.06640625
7 0.753125 0.6625 0.0765625 0.01796875
7 0.7640625 0.7140625 0.1015625 0.07421875
0 0.2984375 0.7625 0.05625 0.0203125
0 0.5234375 0.7625 0.05546875 0.02421875
0 0.74453125 0.775 0.05546875 0.021875
4 0.225 0.709375 0.07421875 0.15859375
4 0.44921875 0.7078125 0.0703125 0.16484375
4 0.6671875 0.7140625 0.08359375 0.11953125
7 0.26171875 0.84453125 0.178125 0.02109375
7 0.20625 0.884375 0.0671875 0.04609375
7 0.303125 0.88125 0.07890625 0.05
7 0.759375 0.94609375 0.15703125 0.03359375
7 0.74453125 0.90390625 0.16875 0.0359375
0 0.71171875 0.86015625 0.028125 0.03203125
0 0.75 0.86171875 0.040625 0.03203125
0 0.7875 0.86015625 0.02890625 0.02890625
0 0.815625 0.8515625 0.01796875 0.028125