0 0.0484375 0.0328125 0.05859375 0.06484375
1 0.78828125 0.0328125 0.21484375 0.06484375
0 0.8734375 0.0328125 0.0421875 0.06484375
0 0.92890625 0.0328125 0.0171875 0.06484375
0 0.97109375 0.0328125 0.01875 0.06484375
2 0.2140625 0.22109375 0.38984375 0.17734375
7 0.2140625 0.37265625 0.38984375 0.08828125
7 0.0984375 0.4328125 0.1578125 0.02734375
7 0.190625 0.503125 0.3421875 0.0609375
2 0.5 0.7171875 0.9609375 0.046875
6 0.13203125 0.815625 0.22578125 0.0609375
0 0.13203125 0.8921875 0.22578125 0.21484375
4 0.13203125 0.92265625 0.22578125 0.1546875
6 0.37734375 0.815625 0.22578125 0.0609375
0 0.37734375 0.8921875 0.22578125 0.21484375
4 0.37734375 0.92265625 0.22578125 0.1546875
6 0.62265625 0.815625 0.22578125 0.0609375
0 0.62265625 0.8921875 0.22578125 0.21484375
4 0.62265625 0.92265625 0.22578125 0.1546875
6 0.86796875 0.815625 0.22578125 0.0609375
0 0.86796875 0.8921875 0.22578125 0.21484375
4 0.86796875 0.92265625 0.22578125 0.1546875
7 0.9328125 0.94921875 0.0703125 0.03359375
0 0.9328125 0.94921875 0.103125 0.06015625