4 0.5 0.44140625 0.66171875 0.3265625
4 0.76484375 0.6796875 0.084375 0.0953125
4 0.73984375 0.9578125 0.1484375 0.084375
4 0.203125 0.15625 0.0625 0.084375
2 0.265625 0.209375 0.078125 0.03828125
7 0.28828125 0.24140625 0.08671875 0.015625
2 0.3640625 0.65859375 0.38359375 0.04765625
7 0.459375 0.70390625 0.35703125 0.034375
2 0.2484375 0.8046875 0.13984375 0.071875
2 0.4765625 0.8125 0.10625 0.03203125
2 0.7125 0.828125 0.121875 0.071875
7 0.2625 0.8953125 0.16328125 0.03515625
7 0.27734375 0.96328125 0.19765625 0.07265625
6 0.5703125 0.8796875 0.0953125 0.02265625
0 0.234375 0.06328125 0.1171875 0.065625
0 0.3546875 0.06484375 0.1140625 0.06640625
0 0.47109375 0.065625 0.109375 0.06796875
0 0.5953125 0.06640625 0.12734375 0.06953125
0 0.7265625 0.06640625 0.121875 0.06796875
7 0.64375 0.1921875 0.04296875 0.0265625
1 0.7234375 0.19375 0.109375 0.02578125
5 0.70234375 0.1921875 0.06015625 0.01875
0 0.796875 0.19140625 0.03203125 0.03671875