4 0.11875 0.13359375 0.09375 0.1203125
2 0.2359375 0.13515625 0.14375 0.13203125
2 0.59453125 0.9328125 0.1703125 0.05703125
2 0.45546875 0.1015625 0.0609375 0.02578125
2 0.6296875 0.11328125 0.06953125 0.02578125
2 0.828125 0.11328125 0.0515625 0.03125
7 0.21953125 0.02578125 0.259375 0.02421875
4 0.50078125 0.5640625 0.99609375 0.5546875
4 0.28984375 0.95625 0.4046875 0.0875
3 0.97578125 0.95234375 0.0484375 0.0734375
0 0.11640625 0.24765625 0.0640625 0.0515625
0 0.1859375 0.24453125 0.05859375 0.05390625
0 0.2609375 0.24765625 0.071875 0.0546875
0 0.35 0.24765625 0.075 0.0515625
0 0.4328125 0.25 0.06484375 0.05625
0 0.51015625 0.2515625 0.06015625 0.05078125
1 0.8125 0.24921875 0.19140625 0.07265625
5 0.75 0.25234375 0.046875 0.0296875
0 0.88359375 0.24921875 0.03671875 0.04921875
7 0.47734375 0.14375 0.1109375 0.04765625
7 0.659375 0.13828125 0.13203125 0.0328125
7 0.85546875 0.134375 0.11640625 0.02421875
0 0.74765625 0.02578125 0.02890625 0.046875
0 0.77734375 0.0265625 0.02421875 0.053125
0 0.80546875 0.0265625 0.025 0.053125
0 0.83671875 0.02734375 0.0296875 0.0546875
0 0.86484375 0.02734375 0.025 0.04609375
0 0.8921875 0.02734375 0.0296875 0.0546875