4 0.5 0.3453125 0.79453125 0.40546875
4 0.1703125 0.0921875 0.13828125 0.08203125
3 0.5 0.93828125 0.99921875 0.12265625
0 0.84375 0.96640625 0.10390625 0.03515625
2 0.31328125 0.30625 0.31484375 0.05390625
0 0.19609375 0.36640625 0.0796875 0.0390625
0 0.50390625 0.09609375 0.07421875 0.03984375
0 0.58359375 0.09609375 0.06640625 0.04609375
0 0.6453125 0.09375 0.05390625 0.04453125
0 0.703125 0.09375 0.05703125 0.0421875
0 0.76484375 0.0921875 0.0578125 0.0359375
0 0.8484375 0.0953125 0.078125 0.040625
0 0.6984375 0.02265625 0.0546875 0.0296875
0 0.7546875 0.02421875 0.0484375 0.02890625
2 0.14375 0.625 0.07265625 0.0375
7 0.49375 0.715625 0.7921875 0.0734375
7 0.49609375 0.7953125 0.78984375 0.07265625
0 0.85703125 0.8609375 0.07890625 0.03046875