2 0.27890625 0.065625 0.1265625 0.04453125
4 0.4078125 0.47109375 0.065625 0.07890625
4 0.40703125 0.72109375 0.06640625 0.08671875
4 0.4078125 0.98046875 0.06875 0.0390625
2 0.49140625 0.0625 0.26796875 0.0265625
7 0.54140625 0.18046875 0.3671875 0.17734375
2 0.44921875 0.29140625 0.184375 0.0265625
7 0.51640625 0.40703125 0.28203125 0.02265625
7 0.56015625 0.50234375 0.22890625 0.14375
7 0.559375 0.74765625 0.22890625 0.13984375
7 0.45078125 0.6546875 0.15390625 0.02421875
6 0.40625 0.35625 0.0703125 0.01953125
6 0.51796875 0.35546875 0.09921875 0.01484375
6 0.6515625 0.35625 0.11015625 0.0171875
6 0.4234375 0.375 0.10625 0.0140625
6 0.50390625 0.375 0.0453125 0.0140625
6 0.57109375 0.37421875 0.0734375 0.01484375
7 0.278125 0.809375 0.11484375 0.38125
0 0.278125 0.58515625 0.065625 0.021875
0 0.2796875 0.5078125 0.06484375 0.025
0 0.28125 0.35078125 0.10390625 0.021875
7 0.27890625 0.45 0.121875 0.096875
6 0.2796875 0.540625 0.11328125 0.021875
1 0.27890625 0.325 0.1078125 0.02421875
7 0.2671875 0.21484375 0.10234375 0.15625