4 0.50234375 0.16015625 0.6296875 0.21328125
4 0.7296875 0.56953125 0.11015625 0.41171875
4 0.55859375 0.08828125 0.15546875 0.06328125
4 0.559375 0.15625 0.1546875 0.065625
4 0.559375 0.2203125 0.15390625 0.0625
4 0.71171875 0.09453125 0.121875 0.05859375
4 0.7125 0.15859375 0.12109375 0.0578125
4 0.7125 0.21953125 0.125 0.0484375
3 0.5 0.0125 0.996875 0.025
3 0.2796875 0.12265625 0.17109375 0.11796875
7 0.340625 0.28984375 0.02578125 0.01875
2 0.38515625 0.33125 0.1140625 0.021875
7 0.49765625 0.56796875 0.34921875 0.41171875
7 0.55703125 0.82734375 0.3734375 0.01640625
7 0.50546875 0.9625 0.415625 0.07421875
0 0.240625 0.3328125 0.1125 0.03125
0 0.23984375 0.37109375 0.11796875 0.02734375
0 0.240625 0.41015625 0.1234375 0.02890625
0 0.23984375 0.44609375 0.1171875 0.0296875
0 0.240625 0.484375 0.1203125 0.028125
0 0.240625 0.521875 0.11640625 0.03046875
0 0.240625 0.56015625 0.1203125 0.02578125
0 0.24140625 0.59765625 0.11796875 0.03046875