4 0.0625 0.2609375 0.071875 0.2359375
4 0.125 0.33046875 0.06953125 0.2453125
4 0.19609375 0.21953125 0.0796875 0.2765625
4 0.27734375 0.2609375 0.078125 0.24375
4 0.625 0.0734375 0.13828125 0.12265625
7 0.62421875 0.1203125 0.1296875 0.0328125
7 0.0609375 0.15390625 0.07578125 0.08515625
7 0.12578125 0.421875 0.07109375 0.06328125
7 0.1953125 0.11953125 0.07734375 0.0765625
7 0.2765625 0.34921875 0.07421875 0.07109375
7 0.5015625 0.2625 0.09765625 0.02578125
7 0.04609375 0.484375 0.0890625 0.1734375
4 0.1296875 0.4828125 0.06171875 0.05546875
4 0.22734375 0.509375 0.0875 0.0875
4 0.340625 0.509375 0.0859375 0.08828125
4 0.44921875 0.50859375 0.0859375 0.0890625
4 0.53984375 0.50078125 0.05546875 0.08125
4 0.615625 0.5046875 0.05390625 0.078125
4 0.03046875 0.66484375 0.04921875 0.0796875
4 0.03125 0.75546875 0.053125 0.08046875
4 0.09296875 0.66328125 0.0578125 0.08046875
4 0.09609375 0.7546875 0.06171875 0.07734375
2 0.2328125 0.39765625 0.06171875 0.02734375
2 0.2375 0.671875 0.10703125 0.01796875
7 0.36953125 0.7 0.3734375 0.0328125
6 0.52421875 0.72421875 0.03125 0.01796875
7 0.22421875 0.60390625 0.08359375 0.040625
6 0.20859375 0.571875 0.05390625 0.0171875
6 0.32578125 0.57109375 0.06015625 0.01796875
6 0.43515625 0.57265625 0.0625 0.01640625
6 0.521875 0.57265625 0.03046875 0.0140625
6 0.603125 0.57109375 0.04375 0.01875
7 0.33125 0.61171875 0.06953125 0.06328125
7 0.4484375 0.59453125 0.0859375 0.02578125
7 0.5390625 0.60234375 0.06015625 0.04453125
7 0.63359375 0.6421875 0.103125 0.12109375
0 0.2296875 0.49140625 0.0921875 0.140625
0 0.3390625 0.4859375 0.10234375 0.1421875
0 0.45078125 0.48671875 0.096875 0.1453125
0 0.540625 0.48515625 0.065625 0.13515625
0 0.615625 0.48125 0.0625 0.14296875
0 0.3828125 0.1515625 0.07734375 0.02421875
0 0.44765625 0.15234375 0.04140625 0.025
0 0.49921875 0.15078125 0.0546875 0.02421875
0 0.54609375 0.15 0.028125 0.0234375
0 0.596875 0.15078125 0.0578125 0.02265625
0 0.66484375 0.15 0.0578125 0.0234375
0 0.37421875 0.37265625 0.0375 0.02109375
0 0.4171875 0.3703125 0.0328125 0.01640625
0 0.47421875 0.37109375 0.071875 0.02109375
0 0.53203125 0.37109375 0.03125 0.01953125
0 0.58125 0.37265625 0.05703125 0.01640625
0 0.634375 0.371875 0.03828125 0.01796875
0 0.67578125 0.36953125 0.03203125 0.03046875