0 0.08125 0.0234375 0.0796875 0.046875
0 0.16015625 0.0234375 0.078125 0.046875
0 0.2484375 0.0234375 0.09765625 0.046875
0 0.33125 0.0234375 0.06953125 0.046875
4 0.475 0.025 0.025 0.03359375
0 0.49609375 0.0234375 0.06875 0.046875
7 0.82734375 0.025 0.07421875 0.0234375
0 0.8109375 0.0234375 0.121875 0.046875
7 0.93125 0.025 0.0390625 0.0234375
0 0.915625 0.0234375 0.08671875 0.046875
7 0.06796875 0.1296875 0.03828125 0.02734375
0 0.05078125 0.13046875 0.071875 0.03359375
0 0.1171875 0.13046875 0.0609375 0.03359375
7 0.36328125 0.175 0.0703125 0.0171875
7 0.5671875 0.175 0.209375 0.0171875
7 0.86015625 0.1296875 0.0515625 0.02734375
0 0.85234375 0.13046875 0.0953125 0.03359375
7 0.96015625 0.1296875 0.05078125 0.02734375
0 0.94296875 0.13046875 0.08515625 0.03359375
6 0.04375 0.25234375 0.05859375 0.03125
6 0.13203125 0.25234375 0.05859375 0.03125
6 0.2375 0.25234375 0.09375 0.03125
6 0.33671875 0.25234375 0.04609375 0.03125
6 0.42734375 0.25234375 0.07734375 0.03125
6 0.52265625 0.25234375 0.05546875 0.03125
6 0.6171875 0.25234375 0.07421875 0.03125
6 0.7125 0.25234375 0.05859375 0.03125
6 0.8 0.25234375 0.05625 0.03125
6 0.8921875 0.25234375 0.06953125 0.03125
6 0.96328125 0.25234375 0.01484375 0.03125
7 0.1890625 0.32578125 0.17578125 0.02890625
0 0.34453125 0.32578125 0.13671875 0.05234375
7 0.64921875 0.32734375 0.0875 0.025
7 0.78828125 0.32734375 0.1828125 0.025
7 0.06796875 0.43515625 0.08671875 0.03359375
0 0.5 0.43515625 0.9703125 0.0625
2 0.3609375 0.4359375 0.46875 0.0328125
3 0.50703125 0.59609375 0.98515625 0.1953125
2 0.04609375 0.7671875 0.06328125 0.0234375
4 0.096875 0.7671875 0.01640625 0.021875
0 0.096875 0.765625 0.01640625 0.02578125
2 0.3390625 0.85390625 0.6484375 0.11484375
0 0.3390625 0.89296875 0.6484375 0.19296875
6 0.3390625 0.959375 0.6484375 0.06015625
4 0.83828125 0.87578125 0.2921875 0.2484375
4 0.8390625 0.8828125 0.0484375 0.06484375
4 0.83828125 0.87578125 0.2921875 0.2484375
4 0.025 0.040625 0.0234375 0.0328125
4 0.025 0.1046875 0.0234375 0.0328125
4 0.025 0.1671875 0.0234375 0.0328125
4 0.025 0.23125 0.0234375 0.0328125
4 0.025 0.29375 0.0234375 0.0328125
4 0.025 0.3578125 0.0234375 0.0328125
4 0.025 0.4203125 0.0234375 0.0328125
4 0.025 0.48359375 0.0234375 0.0328125
4 0.025 0.54609375 0.0234375 0.0328125
4 0.025 0.61015625 0.0234375 0.0328125
4 0.025 0.67265625 0.0234375 0.0328125
4 0.025 0.7359375 0.0234375 0.0328125