7 0.2875 0.06171875 0.4765625 0.0796875
6 0.2015625 0.0890625 0.0890625 0.025
7 0.28359375 0.103125 0.46953125 0.05234375
0 0.86953125 0.07734375 0.10625 0.025
0 0.71015625 0.0796875 0.096875 0.02578125
4 0.275 0.1359375 0.55 0.090625
2 0.11875 0.12265625 0.07734375 0.03125
2 0.259375 0.12265625 0.20703125 0.03125
7 0.3 0.15 0.4390625 0.02578125
4 0.08984375 0.19375 0.15234375 0.0390625
7 0.21015625 0.190625 0.05546875 0.0328125
0 0.2171875 0.190625 0.0828125 0.0328125
7 0.2984375 0.190625 0.06875 0.0328125
0 0.30546875 0.190625 0.0953125 0.0328125
7 0.3859375 0.190625 0.05390625 0.0328125
0 0.39296875 0.190625 0.08125 0.0328125
7 0.465625 0.190625 0.0515625 0.0328125
0 0.471875 0.190625 0.07890625 0.0328125
7 0.79609375 0.19375 0.0234375 0.03125
0 0.853125 0.19375 0.03046875 0.04453125
6 0.91015625 0.19375 0.0234375 0.03125
2 0.21484375 0.50078125 0.390625 0.0484375
0 0.5 0.48671875 1 0.48984375
2 0.21484375 0.5796875 0.390625 0.0609375
7 0.21484375 0.659375 0.390625 0.06640625
4 0.1703125 0.83671875 0.3203125 0.13125
0 0.1703125 0.7796875 0.3203125 0.01796875
6 0.1703125 0.940625 0.28125 0.021875
2 0.1625 0.98125 0.265625 0.0375
4 0.5 0.83671875 0.3203125 0.13125
0 0.5 0.7796875 0.3203125 0.01796875
6 0.5 0.940625 0.28125 0.021875
2 0.4984375 0.9828125 0.27734375 0.03359375
2 0.83984375 0.803125 0.30078125 0.06640625
2 0.84453125 0.9203125 0.2390625 0.053125
0 0.8296875 0.92109375 0.26875 0.1578125
2 0.84453125 0.9625 0.2390625 0.025