4 0.0203125 0.025 0.021875 0.00546875
0 0.0203125 0.0375 0.021875 0.0296875
0 0.08125 0.0359375 0.07109375 0.02734375
0 0.184375 0.0359375 0.115625 0.05625
6 0.4515625 0.0359375 0.02734375 0.0375
0 0.49453125 0.0359375 0.1140625 0.0375
7 0.5109375 0.0359375 0.08203125 0.01953125
6 0.57734375 0.0359375 0.02734375 0.0375
0 0.60703125 0.0359375 0.08671875 0.0375
7 0.6234375 0.0359375 0.0546875 0.01953125
6 0.67578125 0.0359375 0.02734375 0.0375
0 0.6984375 0.0359375 0.0734375 0.0375
7 0.71484375 0.0359375 0.040625 0.01953125
6 0.7609375 0.0359375 0.02734375 0.0375
0 0.790625 0.0359375 0.08671875 0.0375
7 0.80625 0.0359375 0.0546875 0.01953125
7 0.90703125 0.025 0.1171875 0.0140625
0 0.921875 0.0359375 0.15625 0.071875
7 0.89765625 0.04375 0.09765625 0.0140625
0 0.04375 0.10234375 0.06875 0.0375
0 0.1171875 0.10234375 0.06875 0.0375
0 0.18359375 0.10234375 0.0546875 0.0375
0 0.2359375 0.10234375 0.040625 0.0375
0 0.28203125 0.10234375 0.040625 0.0375
0 0.35546875 0.10234375 0.0953125 0.0375
0 0.4359375 0.10234375 0.0546875 0.0375
0 0.50078125 0.10234375 0.065625 0.0375
0 0.5703125 0.10234375 0.06640625 0.0375
0 0.628125 0.10234375 0.0421875 0.0375
0 0.04765625 0.13984375 0.0765625 0.0375
0 0.12421875 0.13984375 0.06953125 0.0375
0 0.190625 0.13984375 0.05546875 0.0375
0 0.25078125 0.13984375 0.05546875 0.0375
0 0.3046875 0.13984375 0.0453125 0.0375
0 0.3796875 0.13984375 0.096875 0.0375
0 0.4796875 0.13984375 0.096875 0.0375
0 0.5875 0.13984375 0.1109375 0.0375
0 0.77421875 0.1046875 0.10078125 0.025
0 0.7609375 0.1375 0.12578125 0.025
0 0.940625 0.1046875 0.084375 0.025
0 0.9125 0.1375 0.1421875 0.025
0 0.5 0.21640625 0.3125 0.02890625
2 0.10078125 0.28671875 0.18125 0.046875
1 0.246875 0.28671875 0.08203125 0.03125
4 0.325 0.28671875 0.05 0.03359375
4 0.3796875 0.28671875 0.05 0.03359375
4 0.434375 0.28671875 0.05 0.03359375
4 0.4890625 0.28671875 0.05 0.03359375
4 0.54375 0.28671875 0.05 0.03359375
4 0.5984375 0.28671875 0.05 0.03359375
4 0.653125 0.28671875 0.05 0.03359375
4 0.7078125 0.28671875 0.05 0.03359375
4 0.7625 0.28671875 0.05 0.03359375
7 0.03046875 0.38125 0.040625 0.05625
7 0.96953125 0.38125 0.040625 0.05625
0 0.03203125 0.38125 0.06328125 0.103125
7 0.0265625 0.35703125 0.053125 0.04921875
4 0.15546875 0.38125 0.18125 0.1
0 0.28203125 0.38125 0.43671875 0.103125
4 0.1796875 0.38125 0.1328125 0.1
7 0.27578125 0.34296875 0.03828125 0.02734375
7 0.3734375 0.35703125 0.2328125 0.04921875
4 0.5921875 0.38125 0.18125 0.1
0 0.71796875 0.38125 0.43671875 0.103125
4 0.61640625 0.38125 0.1328125 0.1
7 0.7125 0.34296875 0.03828125 0.02734375
7 0.809375 0.35703125 0.2328125 0.04921875
4 0.96875 0.38125 0.0625 0.1
0 0.96796875 0.38125 0.06328125 0.103125
4 0.99296875 0.38125 0.0140625 0.1
4 0.121875 0.63828125 0.225 0.18515625
0 0.5 0.63828125 0.98046875 0.18515625
4 0.121875 0.63046875 0.225 0.16953125
2 0.62734375 0.58515625 0.72734375 0.0796875
6 0.62734375 0.68671875 0.72734375 0.0875
4 0.121875 0.840625 0.225 0.1703125
0 0.5 0.840625 0.98046875 0.1703125
4 0.121875 0.840625 0.225 0.1703125
2 0.62734375 0.775 0.72734375 0.040625
6 0.62734375 0.85859375 0.72734375 0.0875