4 0.08046875 0.06171875 0.08671875 0.115625
0 0.08046875 0.06171875 0.08671875 0.115625
7 0.27734375 0.06640625 0.04296875 0.02578125
0 0.27734375 0.06640625 0.0859375 0.0546875
2 0.17578125 0.234375 0.2890625 0.078125
1 0.17578125 0.3515625 0.2890625 0.0625
1 0.17578125 0.45078125 0.2890625 0.0625
1 0.17578125 0.54921875 0.2890625 0.0625
1 0.17578125 0.6484375 0.2890625 0.0625
4 0.3 0.64609375 0.02421875 0.03125
7 0.0796875 0.7234375 0.09765625 0.021875
0 0.140625 0.72421875 0.0234375 0.0234375
7 0.2203125 0.7234375 0.13671875 0.021875
0 0.0734375 0.75 0.08515625 0.0234375
7 0.11796875 0.74921875 0.003125 0.021875
7 0.175 0.821875 0.06328125 0.02578125
0 0.17578125 0.821875 0.2890625 0.0546875
4 0.175 0.934375 0.11796875 0.0484375
2 0.6734375 0.66171875 0.5203125 0.16640625
2 0.6734375 0.8046875 0.5203125 0.05703125
2 0.40390625 0.74375 0.77265625 0.03515625
7 0.396875 0.84375 0.75859375 0.11484375
6 0.2703125 0.8890625 0.0984375 0.025
7 0.3609375 0.8890625 0.0828125 0.025
6 0.453125 0.8890625 0.1015625 0.025
7 0.525 0.8890625 0.0421875 0.025
7 0.840625 0.93125 0.05859375 0.02578125
0 0.840625 0.93125 0.0625 0.0546875
7 0.93671875 0.93125 0.04765625 0.02578125
0 0.93671875 0.93125 0.090625 0.0546875
4 0.5 0.5 1 1