4 0.11015625 0.0640625 0.109375 0.0390625
0 0.90859375 0.0640625 0.11796875 0.05234375
2 0.1671875 0.2328125 0.2234375 0.04296875
2 0.10234375 0.2796875 0.09296875 0.04296875
4 0.71875 0.52109375 0.5625 0.7453125
7 0.24140625 0.409375 0.37109375 0.10546875
7 0.221875 0.55625 0.109375 0.0328125
0 0.2015625 0.55859375 0.290625 0.078125
4 0.51171875 0.8734375 0.009375 0.01953125
0 0.51171875 0.8734375 0.0390625 0.05234375
4 0.51171875 0.89765625 0.009375 0.01953125
4 0.74609375 0.9109375 0.5078125 0.178125
7 0.8046875 0.7671875 0.321875 0.03359375
7 0.79609375 0.8421875 0.30546875 0.11484375
0 0.9125 0.8890625 0.0875 0.02578125
7 0.9578125 0.8890625 0.0046875 0.02109375
0 0.7171875 0.946875 0.17578125 0.053125
0 0.8921875 0.946875 0.17578125 0.053125