2 0.05859375 0.0578125 0.0875 0.03515625
0 0.05859375 0.05234375 0.0875 0.046875
1 0.32109375 0.05859375 0.4078125 0.06015625
4 0.56953125 0.05859375 0.0234375 0.03125
0 0.56953125 0.05859375 0.0875 0.06015625
7 0.77265625 0.059375 0.04375 0.01953125
0 0.771875 0.059375 0.08125 0.03515625
4 0.853125 0.06015625 0.0265625 0.03359375
0 0.853125 0.0609375 0.03046875 0.046875
4 0.90390625 0.06015625 0.03046875 0.0390625
0 0.92109375 0.05859375 0.065625 0.046875
7 0.92109375 0.06015625 0.065625 0.03125
4 0.03515625 0.134375 0.02734375 0.03671875
7 0.06796875 0.1328125 0.0265625 0.02109375
6 0.14921875 0.1328125 0.08203125 0.02109375
6 0.23359375 0.1328125 0.0359375 0.02109375
6 0.30546875 0.1328125 0.053125 0.02109375
6 0.38125 0.1328125 0.0453125 0.02109375
6 0.453125 0.1328125 0.0484375 0.02109375
6 0.5515625 0.1328125 0.09296875 0.02109375
7 0.63671875 0.1328125 0.025 0.02109375
7 0.66328125 0.12734375 0.025 0.01328125
6 0.734375 0.1328125 0.06875 0.02109375
6 0.82578125 0.1328125 0.06328125 0.02109375
6 0.93125 0.1328125 0.09296875 0.02109375
4 0.2046875 0.3703125 0.3703125 0.2796875
0 0.2046875 0.3703125 0.3703125 0.2796875
4 0.44765625 0.30078125 0.2390625 0.28125
2 0.50859375 0.2953125 0.1984375 0.078125
6 0.50859375 0.384375 0.1984375 0.06640625
7 0.478125 0.44453125 0.1375 0.040625
4 0.4203125 0.4828125 0.021875 0.02734375
7 0.490625 0.48125 0.11015625 0.0171875
4 0.0765625 0.55859375 0.1140625 0.07265625
0 0.0765625 0.590625 0.1140625 0.13671875
2 0.0765625 0.6296875 0.1140625 0.05859375
4 0.2 0.55859375 0.1140625 0.07265625
0 0.2 0.590625 0.1140625 0.13671875
2 0.2 0.6296875 0.1140625 0.05859375
4 0.32265625 0.55859375 0.1140625 0.07265625
0 0.32265625 0.590625 0.1140625 0.13671875
2 0.32265625 0.6296875 0.1140625 0.05859375
4 0.44609375 0.55859375 0.1140625 0.07265625
0 0.44609375 0.590625 0.1140625 0.13671875
2 0.44609375 0.6296875 0.1140625 0.05859375
4 0.56875 0.55859375 0.1140625 0.07265625
0 0.56875 0.590625 0.1140625 0.13671875
2 0.56875 0.6296875 0.1140625 0.05859375
4 0.0984375 0.753125 0.1578125 0.11875
7 0.22578125 0.70546875 0.05 0.0234375
7 0.2921875 0.7078125 0.06640625 0.01953125
2 0.38125 0.76875 0.359375 0.08984375
0 0.3921875 0.75390625 0.38203125 0.0625
7 0.3921875 0.8140625 0.38203125 0.046875
4 0.6078125 0.72890625 0.0203125 0.02578125
0 0.60859375 0.71796875 0.025 0.0484375
4 0.6078125 0.76953125 0.0265625 0.02109375
0 0.60859375 0.771875 0.03515625 0.02578125
4 0.0984375 0.93828125 0.1578125 0.1234375
7 0.23203125 0.88828125 0.06171875 0.0234375
7 0.30546875 0.88984375 0.0703125 0.01953125
2 0.3890625 0.9515625 0.375 0.08984375
0 0.3921875 0.9359375 0.38203125 0.0625
7 0.34375 0.99140625 0.28515625 0.0171875
0 0.3734375 0.99140625 0.34375 0.0171875
4 0.60859375 0.91171875 0.01953125 0.02578125
0 0.60859375 0.9 0.01953125 0.0484375
4 0.6078125 0.9515625 0.0265625 0.02109375
0 0.60859375 0.9546875 0.03515625 0.02578125
2 0.74140625 0.2171875 0.146875 0.025
7 0.6765625 0.26171875 0.01640625 0.02109375
0 0.7234375 0.26171875 0.11015625 0.02109375
7 0.73203125 0.2609375 0.09296875 0.01953125
7 0.6765625 0.296875 0.01640625 0.02109375
0 0.7171875 0.296875 0.09765625 0.02109375
7 0.725 0.29609375 0.07890625 0.01953125
7 0.6765625 0.33203125 0.01640625 0.02109375
0 0.73125 0.33203125 0.12578125 0.02109375
7 0.73984375 0.33125 0.10859375 0.01953125
7 0.6765625 0.3671875 0.01640625 0.02109375
0 0.71328125 0.3671875 0.090625 0.02109375
7 0.721875 0.36640625 0.0734375 0.01953125
7 0.6765625 0.40234375 0.01640625 0.02109375
0 0.74140625 0.40234375 0.146875 0.02109375
7 0.75078125 0.4015625 0.1296875 0.01953125
7 0.82265625 0.26171875 0.01640625 0.02109375
0 0.8875 0.26171875 0.146875 0.02109375
7 0.90390625 0.2609375 0.14375 0.01953125
7 0.82265625 0.296875 0.01640625 0.02109375
0 0.8734375 0.296875 0.1171875 0.02109375
7 0.88125 0.29609375 0.0984375 0.01953125
7 0.82265625 0.33203125 0.01640625 0.02109375
0 0.8875 0.33203125 0.146875 0.02109375
7 0.9109375 0.33125 0.15703125 0.01953125
7 0.82265625 0.3671875 0.01640625 0.02109375
0 0.865625 0.3671875 0.10234375 0.02109375
7 0.87421875 0.36640625 0.08515625 0.01953125
7 0.82265625 0.40234375 0.01640625 0.02109375
0 0.8828125 0.40234375 0.13671875 0.02109375
7 0.89140625 0.4015625 0.11875 0.01953125
4 0.8140625 0.61953125 0.29296875 0.32578125
2 0.71484375 0.834375 0.09375 0.025
0 0.71484375 0.834375 0.09375 0.025
4 0.77421875 0.834375 0.01875 0.025
0 0.77421875 0.834375 0.01875 0.025
7 0.6875 0.87734375 0.0375 0.02109375
0 0.8140625 0.9171875 0.29296875 0.1
4 0.68828125 0.91796875 0.0265625 0.03359375
7 0.67421875 0.9578125 0.0125 0.0171875
7 0.68359375 0.9578125 0.00625 0.0171875
7 0.69609375 0.9578125 0.0140625 0.0171875
7 0.7046875 0.9578125 0.0046875 0.0171875
7 0.77265625 0.87734375 0.0171875 0.02109375
4 0.771875 0.91796875 0.0265625 0.03359375
7 0.75859375 0.9578125 0.0140625 0.0171875
7 0.7671875 0.9578125 0.0046875 0.0171875
7 0.78125 0.9578125 0.0140625 0.0171875
7 0.78984375 0.9578125 0.00625 0.0171875
7 0.85703125 0.87734375 0.0203125 0.02109375
4 0.85703125 0.91796875 0.0265625 0.03359375
7 0.84375 0.9578125 0.0140625 0.0171875
7 0.85234375 0.9578125 0.00625 0.0171875
7 0.865625 0.9578125 0.0140625 0.0171875
7 0.8734375 0.9578125 0.0046875 0.0171875
7 0.94140625 0.87734375 0.025 0.02109375
4 0.940625 0.91796875 0.0265625 0.03359375
7 0.928125 0.9578125 0.0140625 0.0171875
7 0.9359375 0.9578125 0.0046875 0.0171875
7 0.95 0.9578125 0.0140625 0.0171875
7 0.959375 0.9578125 0.00625 0.0171875