0 0.8421875 0.0375 0.03515625 0.01953125
0 0.93125 0.0375 0.08515625 0.01953125
7 0.89921875 0.0890625 0.0828125 0.01953125
0 0.8984375 0.08984375 0.1484375 0.0390625
7 0.88671875 0.16328125 0.125 0.01953125
4 0.8484375 0.196875 0.0484375 0.02109375
7 0.89609375 0.196875 0.03984375 0.01796875
7 0.9578125 0.196875 0.03046875 0.02109375
7 0.88671875 0.2609375 0.125 0.01953125
7 0.8984375 0.29375 0.1484375 0.01953125
7 0.8546875 0.31484375 0.0609375 0.01796875
4 0.9671875 0.26171875 0.0234375 0.03125
4 0.0375 0.03671875 0.015625 0.02109375
0 0.07890625 0.0375 0.0984375 0.0546875
7 0.0796875 0.0375 0.0640625 0.0546875
0 0.1921875 0.0375 0.1296875 0.0546875
7 0.75625 0.0375 0.0625 0.01953125
0 0.75625 0.0375 0.0625 0.01953125
2 0.115625 0.08515625 0.10546875 0.021875
2 0.2046875 0.08515625 0.05 0.021875
6 0.278125 0.08671875 0.07734375 0.01953125
7 0.3390625 0.0875 0.01640625 0.015625
7 0.3546875 0.0875 0.01875 0.015625
7 0.36953125 0.0875 0.0125 0.015625
7 0.38515625 0.0875 0.0125 0.015625
7 0.20703125 0.121875 0.2890625 0.01953125
7 0.27109375 0.153125 0.4171875 0.01953125
7 0.2859375 0.184375 0.446875 0.01953125
7 0.2890625 0.215625 0.453125 0.01953125
7 0.18359375 0.24765625 0.2421875 0.02109375
0 0.17265625 0.24765625 0.2640625 0.02109375
6 0.0765625 0.278125 0.02734375 0.01953125
7 0.1109375 0.278125 0.03203125 0.01953125
6 0.18984375 0.278125 0.028125 0.01953125
7 0.225 0.278125 0.03203125 0.01953125
6 0.3109375 0.278125 0.04375 0.01953125
7 0.3546875 0.278125 0.0328125 0.01953125
7 0.39375 0.278125 0.0328125 0.01953125
7 0.415625 0.278125 0.0140625 0.01953125
4 0.628125 0.1546875 0.11796875 0.1171875
0 0.628125 0.1578125 0.11796875 0.12265625
2 0.6546875 0.24375 0.1703125 0.021875
0 0.6546875 0.25625 0.1703125 0.04921875
2 0.646875 0.26875 0.15546875 0.021875
0 0.21171875 0.3296875 0.04296875 0.0234375
0 0.27890625 0.3296875 0.06328125 0.0234375
0 0.35234375 0.3296875 0.0578125 0.0234375
0 0.41484375 0.3296875 0.04296875 0.0234375
0 0.475 0.3296875 0.05078125 0.0234375
0 0.55390625 0.3296875 0.08203125 0.0234375
0 0.63515625 0.3296875 0.05390625 0.0234375
0 0.69375 0.3296875 0.03984375 0.0234375
0 0.74140625 0.3296875 0.0296875 0.0234375
4 0.1171875 0.3734375 0.13671875 0.13125
0 0.1171875 0.3734375 0.13671875 0.13125
4 0.66875 0.378125 0.0265625 0.0484375
1 0.44140625 0.378125 0.5015625 0.0484375
7 0.73125 0.378125 0.07734375 0.0484375
0 0.73515625 0.378125 0.0859375 0.0484375
7 0.23359375 0.421875 0.08671875 0.02109375
7 0.30625 0.421875 0.0578125 0.02109375
7 0.35234375 0.421875 0.0359375 0.02109375
2 0.08828125 0.4828125 0.0515625 0.0234375
4 0.175 0.528125 0.225 0.0640625
0 0.11640625 0.52890625 0.10859375 0.046875
7 0.1421875 0.52890625 0.0578125 0.046875
6 0.2203125 0.5171875 0.07734375 0.02109375
7 0.2609375 0.5171875 0.0046875 0.02109375
6 0.2125 0.5375 0.0625 0.02109375
2 0.11015625 0.59765625 0.09453125 0.0234375
6 0.08515625 0.63046875 0.0453125 0.02109375
6 0.1828125 0.63046875 0.1125 0.02109375
6 0.0921875 0.66171875 0.05859375 0.02109375
6 0.1953125 0.66171875 0.109375 0.02109375
6 0.08046875 0.69296875 0.0359375 0.02109375
6 0.16171875 0.69296875 0.0890625 0.02109375
2 0.3390625 0.4828125 0.04609375 0.0234375
2 0.38125 0.4828125 0.0375 0.0234375
6 0.35078125 0.515625 0.06953125 0.02109375
2 0.3734375 0.56640625 0.11328125 0.0234375
7 0.3328125 0.61015625 0.03203125 0.04296875
6 0.40859375 0.59921875 0.10625 0.02109375
6 0.42109375 0.61953125 0.13125 0.02109375
7 0.3328125 0.6515625 0.03203125 0.021875
6 0.3796875 0.65078125 0.0484375 0.02109375
6 0.44375 0.65078125 0.0546875 0.02109375
7 0.3328125 0.6828125 0.03203125 0.021875
6 0.3796875 0.68203125 0.0484375 0.02109375
6 0.4546875 0.68203125 0.07890625 0.02109375
2 0.590625 0.4828125 0.040625 0.0234375
4 0.6828125 0.515625 0.225 0.02109375
0 0.615625 0.51640625 0.08984375 0.021875
7 0.6109375 0.51640625 0.08203125 0.021875
6 0.728125 0.51640625 0.1359375 0.021875
4 0.6828125 0.546875 0.225 0.02109375
0 0.596875 0.54765625 0.05390625 0.021875
7 0.59296875 0.54765625 0.04609375 0.021875
6 0.71015625 0.54765625 0.171875 0.021875
4 0.6828125 0.578125 0.225 0.02109375
0 0.63984375 0.57890625 0.1390625 0.021875
7 0.6359375 0.57890625 0.13125 0.021875
6 0.7515625 0.57890625 0.08671875 0.021875
2 0.0828125 0.759375 0.046875 0.03125
7 0.196875 0.79296875 0.275 0.02890625
7 0.86171875 0.765625 0.1375 0.02109375
0 0.846875 0.775 0.18671875 0.0453125
7 0.86171875 0.7859375 0.1375 0.021875
4 0.4953125 0.96953125 0.0265625 0.03515625
0 0.028125 0.97421875 0.03984375 0.02109375
0 0.08046875 0.97421875 0.05 0.02109375
0 0.1375 0.97421875 0.05078125 0.02109375
0 0.18671875 0.97421875 0.0328125 0.02109375
0 0.2390625 0.97421875 0.05546875 0.02109375
0 0.2859375 0.97421875 0.02734375 0.02109375
0 0.33671875 0.97421875 0.0578125 0.02109375
0 0.3890625 0.97421875 0.0328125 0.02109375
0 0.475 0.97421875 0.12578125 0.02109375
0 0.634375 0.97421875 0.17890625 0.02109375
7 0.88203125 0.97421875 0.1015625 0.03359375
7 0.96484375 0.97421875 0.0546875 0.03359375
4 0.86875 0.89609375 0.028125 0.03671875
0 0.91328125 0.89609375 0.13359375 0.05234375
7 0.9265625 0.89609375 0.0890625 0.02578125
7 0.8046875 0.7671875 0.321875 0.03359375
7 0.79609375 0.8421875 0.30546875 0.11484375
0 0.9125 0.8890625 0.0875 0.02578125
7 0.9578125 0.8890625 0.0046875 0.02109375
0 0.7171875 0.946875 0.17578125 0.053125
0 0.8921875 0.946875 0.17578125 0.053125