0 0.5 0.02578125 1 0.0515625
0 0.034375 0.084375 0.0296875 0.0390625
0 0.11015625 0.084375 0.06328125 0.0390625
0 0.1796875 0.084375 0.0765625 0.0390625
0 0.24921875 0.084375 0.06328125 0.0390625
5 0.35 0.084375 0.078125 0.06484375
1 0.796875 0.084375 0.06875 0.06484375
0 0.85546875 0.084375 0.0484375 0.06484375
0 0.940625 0.084375 0.11875 0.06484375
4 0.3078125 0.296875 0.57734375 0.30703125
0 0.3078125 0.4125 0.57734375 0.5390625
2 0.31328125 0.56953125 0.54765625 0.1734375
0 0.0875 0.4515625 0.09765625 0.0328125
7 0.503125 0.7484375 0.1484375 0.01953125
2 0.1734375 0.7484375 0.26953125 0.0296875
2 0.0875 0.78828125 0.09765625 0.02734375
7 0.0875 0.8296875 0.09765625 0.07265625
4 0.05859375 0.871875 0.0390625 0.02734375
7 0.1078125 0.87421875 0.05859375 0.0328125
2 0.3125 0.78828125 0.10546875 0.02734375
7 0.2828125 0.8296875 0.04609375 0.07265625
4 0.2796875 0.871875 0.03984375 0.02734375
7 0.33203125 0.87421875 0.06640625 0.0328125
2 0.52265625 0.78828125 0.06953125 0.02734375
7 0.52265625 0.8296875 0.06875 0.07265625
4 0.50859375 0.871875 0.03984375 0.02734375
7 0.5421875 0.87421875 0.03046875 0.0328125
7 0.3078125 0.915625 0.53828125 0.02578125
6 0.19921875 0.98515625 0.3203125 0.0296875
2 0.79765625 0.19140625 0.3265625 0.04453125
4 0.94140625 0.2921875 0.078125 0.103125
4 0.94140625 0.2921875 0.078125 0.10546875
0 0.79765625 0.28671875 0.365625 0.09140625
2 0.7828125 0.29140625 0.19921875 0.07578125
4 0.94140625 0.396875 0.078125 0.103125
4 0.94140625 0.396875 0.078125 0.10546875
0 0.79765625 0.390625 0.365625 0.09140625
2 0.7828125 0.39609375 0.19921875 0.07578125
4 0.94140625 0.52421875 0.078125 0.15
4 0.94140625 0.52421875 0.078125 0.10546875
0 0.79765625 0.5171875 0.365625 0.13671875
2 0.7828125 0.52421875 0.19921875 0.1234375
4 0.94140625 0.6515625 0.078125 0.103125
4 0.94140625 0.6515625 0.078125 0.10546875
0 0.79765625 0.64609375 0.365625 0.09140625
2 0.7828125 0.65078125 0.19921875 0.07578125
4 0.94140625 0.7671875 0.078125 0.125
4 0.94140625 0.7671875 0.078125 0.10390625
0 0.79765625 0.76015625 0.365625 0.11171875
2 0.7828125 0.7671875 0.19921875 0.09921875
4 0.94140625 0.7671875 0.0484375 0.06484375
4 0.79765625 0.928125 0.365625 0.14296875