4 0.03515625 0.03671875 0.0234375 0.03125
0 0.03515625 0.03671875 0.0234375 0.03125
4 0.109375 0.03671875 0.078125 0.03125
0 0.109375 0.03671875 0.078125 0.03125
1 0.44140625 0.03671875 0.3828125 0.03359375
4 0.66640625 0.03671875 0.0203125 0.02578125
0 0.665625 0.03671875 0.0640625 0.04140625
4 0.76015625 0.03671875 0.02421875 0.03125
0 0.76015625 0.03671875 0.02421875 0.03125
4 0.80703125 0.03671875 0.02421875 0.03125
0 0.80703125 0.03671875 0.02421875 0.03125
4 0.85390625 0.03671875 0.02421875 0.03125
0 0.85390625 0.03671875 0.02421875 0.03125
4 0.9046875 0.03671875 0.02421875 0.03125
0 0.9328125 0.03671875 0.103125 0.05234375
6 0.9484375 0.03671875 0.0484375 0.02109375
4 0.03515625 0.11484375 0.0234375 0.03125
0 0.03515625 0.1265625 0.0703125 0.09609375
7 0.03515625 0.146875 0.02734375 0.01796875
4 0.03515625 0.2109375 0.0234375 0.03125
0 0.03515625 0.22265625 0.0703125 0.09609375
7 0.03515625 0.24375 0.0390625 0.01796875
4 0.03515625 0.30703125 0.0234375 0.03125
0 0.03515625 0.31875 0.0703125 0.09609375
7 0.03515625 0.33984375 0.0609375 0.01796875
4 0.03515625 0.40390625 0.0234375 0.03125
0 0.03515625 0.415625 0.0703125 0.09609375
7 0.03515625 0.4359375 0.0296875 0.01796875
4 0.03515625 0.5 0.0234375 0.03125
0 0.03515625 0.51171875 0.0703125 0.09609375
7 0.03515625 0.5328125 0.03125 0.01796875
7 0.1625 0.13515625 0.1296875 0.03125
4 0.2359375 0.27890625 0.284375 0.21328125
0 0.2359375 0.27890625 0.284375 0.21328125
7 0.35703125 0.36875 0.0265625 0.0171875
4 0.1109375 0.4265625 0.03515625 0.0484375
0 0.1109375 0.4265625 0.03515625 0.0484375
2 0.24765625 0.42890625 0.2140625 0.053125
0 0.24765625 0.42890625 0.2140625 0.053125
0 0.1953125 0.475 0.109375 0.025
7 0.17890625 0.4984375 0.07734375 0.025
7 0.253125 0.4984375 0.0703125 0.025
4 0.53515625 0.27890625 0.28515625 0.21328125
0 0.53515625 0.27890625 0.28515625 0.21328125
7 0.653125 0.36875 0.034375 0.0171875
4 0.4109375 0.4265625 0.0359375 0.0484375
0 0.4109375 0.4265625 0.0359375 0.0484375
2 0.546875 0.42890625 0.21484375 0.053125
0 0.546875 0.42890625 0.21484375 0.053125
0 0.4578125 0.475 0.0359375 0.025
7 0.48046875 0.4984375 0.08203125 0.025
7 0.559375 0.4984375 0.078125 0.025
4 0.834375 0.27890625 0.284375 0.21328125
0 0.834375 0.27890625 0.284375 0.21328125
7 0.95546875 0.36875 0.0265625 0.0171875
4 0.71015625 0.4265625 0.0359375 0.0484375
0 0.71015625 0.4265625 0.0359375 0.0484375
2 0.84609375 0.42890625 0.2140625 0.053125
0 0.84609375 0.42890625 0.2140625 0.053125
0 0.8078125 0.475 0.1375 0.025
4 0.8859375 0.47421875 0.0140625 0.01796875
7 0.78046875 0.4984375 0.08203125 0.025
7 0.859375 0.4984375 0.078125 0.025
4 0.2359375 0.66796875 0.284375 0.21328125
0 0.2359375 0.66796875 0.284375 0.21328125
7 0.35703125 0.75859375 0.0265625 0.0171875
4 0.1109375 0.815625 0.03515625 0.0484375
0 0.1109375 0.815625 0.03515625 0.0484375
2 0.24765625 0.81875 0.2140625 0.053125
0 0.24765625 0.81875 0.2140625 0.053125
0 0.18046875 0.8640625 0.0796875 0.025
4 0.22890625 0.86484375 0.0125 0.01796875
7 0.17890625 0.8875 0.07734375 0.025
7 0.253125 0.8875 0.0703125 0.025
4 0.53515625 0.66796875 0.28515625 0.21328125
0 0.53515625 0.66796875 0.28515625 0.21328125
7 0.65703125 0.75859375 0.0265625 0.0171875
4 0.4109375 0.815625 0.0359375 0.0484375
0 0.4109375 0.815625 0.0359375 0.0484375
2 0.546875 0.81875 0.21484375 0.053125
0 0.546875 0.81875 0.21484375 0.053125
0 0.4765625 0.8640625 0.07421875 0.025
7 0.478125 0.8875 0.078125 0.025
7 0.559375 0.8875 0.08515625 0.025
4 0.834375 0.66796875 0.284375 0.21328125
0 0.834375 0.66796875 0.284375 0.21328125
7 0.95234375 0.75859375 0.0328125 0.0171875
4 0.71015625 0.815625 0.0359375 0.0484375
0 0.71015625 0.815625 0.0359375 0.0484375
2 0.84609375 0.81875 0.2140625 0.053125
0 0.84609375 0.81875 0.2140625 0.053125
0 0.796875 0.8640625 0.115625 0.025
4 0.86328125 0.86484375 0.0140625 0.01796875
7 0.78046875 0.8875 0.08203125 0.025
7 0.8625 0.8875 0.08515625 0.025
2 0.13984375 0.99296875 0.0765625 0.0140625
0 0.13984375 0.99296875 0.0765625 0.0140625