4 0.03515625 0.03671875 0.0234375 0.03125
0 0.03515625 0.03671875 0.0234375 0.03125
4 0.109375 0.03671875 0.078125 0.03125
0 0.109375 0.03671875 0.078125 0.03125
1 0.44140625 0.03671875 0.3828125 0.03359375
4 0.66640625 0.03671875 0.0203125 0.02578125
0 0.665625 0.03671875 0.0640625 0.04140625
4 0.76015625 0.03671875 0.02421875 0.03125
0 0.76015625 0.03671875 0.02421875 0.03125
4 0.80703125 0.03671875 0.02421875 0.03125
0 0.80703125 0.03671875 0.02421875 0.03125
4 0.85390625 0.03671875 0.02421875 0.03125
0 0.85390625 0.03671875 0.02421875 0.03125
4 0.9046875 0.03671875 0.02421875 0.03125
0 0.9328125 0.03671875 0.103125 0.05234375
6 0.9484375 0.03671875 0.0484375 0.02109375
4 0.03515625 0.11484375 0.0234375 0.03125
0 0.03515625 0.1265625 0.0703125 0.09609375
7 0.03515625 0.146875 0.02734375 0.01796875
4 0.03515625 0.2109375 0.0234375 0.03125
0 0.03515625 0.22265625 0.0703125 0.09609375
7 0.03515625 0.24375 0.0390625 0.01796875
4 0.03515625 0.30703125 0.0234375 0.03125
0 0.03515625 0.31875 0.0703125 0.09609375
7 0.03515625 0.33984375 0.0609375 0.01796875
4 0.03515625 0.40390625 0.0234375 0.03125
0 0.03515625 0.415625 0.0703125 0.09609375
7 0.03515625 0.4359375 0.0296875 0.01796875
4 0.03515625 0.5 0.0234375 0.03125
0 0.03515625 0.51171875 0.0703125 0.09609375
7 0.03515625 0.5328125 0.03125 0.01796875
4 0.11328125 0.3734375 0.0234375 0.03125
0 0.11328125 0.3734375 0.0234375 0.03125
3 0.3140625 0.24375 0.44140625 0.3125
4 0.609375 0.321875 0.078125 0.10390625
0 0.609375 0.321875 0.078125 0.10390625
7 0.70390625 0.27890625 0.071875 0.02109375
4 0.96484375 0.27890625 0.0234375 0.03125
0 0.96484375 0.27890625 0.0234375 0.03125
7 0.67890625 0.30859375 0.01484375 0.01796875
0 0.72734375 0.30859375 0.065625 0.0234375
6 0.72578125 0.3515625 0.08515625 0.02109375
0 0.72578125 0.3515625 0.11640625 0.046875
7 0.1625 0.4625 0.1296875 0.03125
4 0.2359375 0.60546875 0.284375 0.21328125
0 0.2359375 0.60546875 0.284375 0.21328125
7 0.353125 0.69609375 0.0328125 0.0171875
4 0.1109375 0.753125 0.03515625 0.0484375
0 0.1109375 0.753125 0.03515625 0.0484375
2 0.24765625 0.75625 0.2140625 0.053125
0 0.24765625 0.75625 0.2140625 0.053125
0 0.18125 0.8015625 0.08203125 0.025
4 0.23125 0.80078125 0.0125 0.01796875
7 0.17890625 0.825 0.07734375 0.025
7 0.259375 0.825 0.084375 0.025
4 0.53515625 0.60546875 0.28515625 0.21328125
0 0.53515625 0.60546875 0.28515625 0.21328125
7 0.653125 0.69609375 0.034375 0.0171875
4 0.4109375 0.753125 0.0359375 0.0484375
0 0.4109375 0.753125 0.0359375 0.0484375
2 0.546875 0.75625 0.21484375 0.053125
0 0.546875 0.75625 0.21484375 0.053125
0 0.4578125 0.8015625 0.0359375 0.025
7 0.48046875 0.825 0.08203125 0.025
7 0.559375 0.825 0.078125 0.025
4 0.834375 0.60546875 0.284375 0.21328125
0 0.834375 0.60546875 0.284375 0.21328125
7 0.95546875 0.69609375 0.0265625 0.0171875
4 0.71015625 0.753125 0.0359375 0.0484375
0 0.71015625 0.753125 0.0359375 0.0484375
2 0.84609375 0.75625 0.2140625 0.053125
0 0.84609375 0.75625 0.2140625 0.053125
0 0.8078125 0.8015625 0.1375 0.025
4 0.8859375 0.80078125 0.0140625 0.01796875
7 0.78046875 0.825 0.08203125 0.025
7 0.859375 0.825 0.078125 0.025
4 0.2359375 0.94375 0.284375 0.11171875
0 0.2359375 0.94375 0.284375 0.11171875
4 0.53515625 0.94375 0.28515625 0.11171875
0 0.53515625 0.94375 0.28515625 0.11171875
4 0.834375 0.94375 0.284375 0.11171875
0 0.834375 0.94375 0.284375 0.11171875