6 0.7859375 0.0171875 0.075 0.02109375
7 0.9125 0.0171875 0.103125 0.021875
4 0.9734375 0.01796875 0.0140625 0.01796875
4 0.0515625 0.075 0.040625 0.05625
0 0.0515625 0.075 0.040625 0.05625
1 0.24375 0.0765625 0.31171875 0.05625
4 0.4203125 0.07265625 0.025 0.03359375
0 0.4203125 0.0734375 0.040625 0.05625
7 0.5 0.07421875 0.0859375 0.0234375
0 0.5 0.075 0.09765625 0.040625
4 0.89296875 0.075 0.0203125 0.02734375
0 0.93359375 0.075 0.1015625 0.05625
7 0.94453125 0.07421875 0.07734375 0.02109375
7 0.11875 0.17421875 0.2046875 0.02890625
7 0.265625 0.17421875 0.0875 0.02890625
7 0.353125 0.17421875 0.0875 0.02890625
7 0.44140625 0.17421875 0.0875 0.02890625
7 0.534375 0.17421875 0.09765625 0.02890625
6 0.03046875 0.2203125 0.02734375 0.01953125
7 0.2921875 0.215625 0.0171875 0.02734375
7 0.3796875 0.215625 0.009375 0.02734375
7 0.46796875 0.215625 0.0171875 0.02734375
6 0.52734375 0.21015625 0.06640625 0.0171875
6 0.5203125 0.2296875 0.0515625 0.0171875
6 0.03828125 0.28125 0.04296875 0.02109375
4 0.0765625 0.2828125 0.02421875 0.0328125
7 0.2921875 0.278125 0.009375 0.02734375
7 0.3796875 0.278125 0.009375 0.02734375
7 0.46796875 0.278125 0.009375 0.02734375
6 0.52734375 0.27265625 0.06640625 0.0171875
6 0.5203125 0.2921875 0.0515625 0.0171875
6 0.046875 0.3453125 0.0609375 0.01953125
7 0.2921875 0.340625 0.009375 0.02734375
7 0.3796875 0.340625 0.009375 0.02734375
7 0.46796875 0.340625 0.009375 0.02734375
6 0.52734375 0.33515625 0.06640625 0.0171875
6 0.5203125 0.3546875 0.0515625 0.0171875
6 0.0546875 0.40625 0.0765625 0.02109375
4 0.11015625 0.4078125 0.02421875 0.0328125
4 0.13671875 0.4078125 0.025 0.0328125
7 0.2921875 0.403125 0.0171875 0.02734375
7 0.3796875 0.403125 0.009375 0.02734375
7 0.46796875 0.403125 0.0171875 0.02734375
6 0.52734375 0.39765625 0.06640625 0.0171875
6 0.5203125 0.4171875 0.0515625 0.0171875
6 0.0484375 0.46875 0.06328125 0.02109375
4 0.09765625 0.4703125 0.025 0.0328125
7 0.2921875 0.465625 0.009375 0.02734375
7 0.3796875 0.465625 0.009375 0.02734375
7 0.46796875 0.465625 0.009375 0.02734375
6 0.52734375 0.46015625 0.06640625 0.0171875
6 0.5203125 0.4796875 0.0515625 0.0171875
6 0.0390625 0.53125 0.0453125 0.02109375
4 0.07890625 0.5328125 0.025 0.0328125
7 0.2921875 0.528125 0.009375 0.02734375
7 0.3796875 0.528125 0.009375 0.02734375
7 0.46796875 0.528125 0.009375 0.02734375
6 0.52734375 0.52265625 0.06640625 0.0171875
6 0.5203125 0.5421875 0.0515625 0.0171875
6 0.0546875 0.5953125 0.0765625 0.01953125
7 0.2921875 0.590625 0.0171875 0.02734375
7 0.3796875 0.590625 0.0171875 0.02734375
7 0.46796875 0.590625 0.0171875 0.02734375
6 0.52734375 0.58515625 0.06640625 0.0171875
6 0.5203125 0.6046875 0.0515625 0.0171875
6 0.0484375 0.6578125 0.06328125 0.01953125
7 0.2921875 0.653125 0.0171875 0.02734375
7 0.3796875 0.653125 0.009375 0.02734375
7 0.46796875 0.653125 0.0171875 0.02734375
6 0.52734375 0.64765625 0.06640625 0.0171875
6 0.5203125 0.6671875 0.0515625 0.0171875
4 0.89296875 0.5 0.2140625 0.33359375
4 0.89296875 0.8328125 0.2140625 0.334375
4 0.89296875 0.5 0.2140625 0.33359375
4 0.89296875 0.8328125 0.2140625 0.334375
4 0.79765625 0.3890625 0.36875 0.453125
4 0.79765625 0.3890625 0.36875 0.453125
4 0.6296875 0.60390625 0.0109375 0.0234375
7 0.93125 0.6046875 0.0546875 0.01953125
7 0.07421875 0.76484375 0.046875 0.01953125
0 0.03125 0.765625 0.01953125 0.03125
7 0.0859375 0.803125 0.0703125 0.01953125
0 0.03125 0.803125 0.01953125 0.03125
7 0.07890625 0.840625 0.05546875 0.01953125
0 0.03125 0.84140625 0.01953125 0.03125
7 0.08828125 0.878125 0.075 0.01953125
0 0.03125 0.87890625 0.01953125 0.03125
7 0.28046875 0.76484375 0.0734375 0.01953125
0 0.225 0.765625 0.01953125 0.03125
7 0.27265625 0.803125 0.05625 0.01953125
0 0.225 0.803125 0.01953125 0.03125
7 0.290625 0.840625 0.09296875 0.01953125
0 0.225 0.84140625 0.01953125 0.03125
7 0.290625 0.878125 0.09296875 0.01953125
0 0.225 0.87890625 0.01953125 0.03125
7 0.496875 0.76484375 0.11875 0.01953125
0 0.41796875 0.765625 0.01953125 0.03125
7 0.50859375 0.803125 0.14140625 0.01953125
0 0.41796875 0.803125 0.01953125 0.03125
7 0.4703125 0.840625 0.065625 0.01953125
0 0.41796875 0.84140625 0.01953125 0.03125
7 0.48125 0.878125 0.0875 0.01953125
0 0.41796875 0.87890625 0.01953125 0.03125
7 0.66484375 0.76484375 0.0671875 0.01953125
0 0.6109375 0.765625 0.01953125 0.03125
7 0.7 0.803125 0.1390625 0.01953125
0 0.6109375 0.803125 0.01953125 0.03125
7 0.684375 0.840625 0.1078125 0.01953125
0 0.6109375 0.84140625 0.01953125 0.03125
7 0.703125 0.878125 0.14453125 0.01953125
0 0.6109375 0.87890625 0.01953125 0.03125
7 0.88125 0.76484375 0.1140625 0.01953125
0 0.8046875 0.765625 0.01953125 0.03125
7 0.89375 0.803125 0.1390625 0.01953125
0 0.8046875 0.803125 0.01953125 0.03125
7 0.8734375 0.840625 0.09765625 0.01953125
0 0.8046875 0.84140625 0.01953125 0.03125
7 0.86796875 0.878125 0.0875 0.01953125
0 0.8046875 0.87890625 0.01953125 0.03125
4 0.49921875 0.965625 0.9671875 0.06875
4 0.93203125 0.98515625 0.0421875 0.0296875