7 0.19375 0.01875 0.0515625 0.01953125
7 0.22734375 0.01875 0.015625 0.01953125
4 0.0875 0.078125 0.1171875 0.109375
0 0.0875 0.078125 0.1171875 0.109375
0 0.1953125 0.075 0.05859375 0.0765625
6 0.4703125 0.0734375 0.015625 0.01953125
6 0.50703125 0.0734375 0.01875 0.01953125
6 0.55625 0.0734375 0.03984375 0.01953125
6 0.60078125 0.0734375 0.0109375 0.01953125
6 0.65390625 0.0734375 0.05546875 0.01953125
6 0.71796875 0.0734375 0.0328125 0.01953125
0 0.80390625 0.0734375 0.08125 0.01953125
0 0.9 0.0734375 0.071875 0.01953125
4 0.96328125 0.07421875 0.01484375 0.02109375
0 0.96328125 0.07421875 0.01484375 0.02109375
0 0.25 0.38671875 0.5 0.546875
4 0.27890625 0.38671875 0.5578125 0.546875
4 0.25 0.38671875 0.5 0.546875
7 0.26484375 0.04453125 0.4109375 0.015625
2 0.23125 0.171875 0.34375 0.22421875
7 0.26484375 0.31484375 0.4109375 0.0390625
6 0.26015625 0.37421875 0.4015625 0.0640625
6 0.25546875 0.45234375 0.39140625 0.0640625
6 0.25703125 0.53046875 0.39453125 0.0640625
6 0.16875 0.5890625 0.21875 0.025
0 0.625 0.38671875 0.25 0.546875
4 0.625 0.38671875 0.615625 0.546875
4 0.625 0.38671875 0.25 0.546875
7 0.63984375 0.4625 0.1609375 0.015625
2 0.63984375 0.54296875 0.16015625 0.13046875
0 0.875 0.25 0.25 0.2734375
4 0.790625 0.25546875 0.41796875 0.51015625
4 0.875 0.25 0.25 0.2734375
7 0.88984375 0.15625 0.1609375 0.015625
2 0.878125 0.253125 0.13671875 0.1625
0 0.875 0.5234375 0.25 0.2734375
4 0.790625 0.5234375 0.41796875 0.52109375
4 0.875 0.5234375 0.25 0.2734375
7 0.88984375 0.4296875 0.1609375 0.015625
2 0.88046875 0.5265625 0.14140625 0.1625
4 0.946875 0.3875 0.01484375 0.01953125
0 0.94609375 0.38671875 0.0484375 0.06484375
3 0.5 0.74453125 0.7109375 0.1171875
2 0.34375 0.865625 0.0625 0.01953125
4 0.075 0.9359375 0.06875 0.06875
6 0.23515625 0.925 0.1921875 0.0484375
7 0.18828125 0.96484375 0.0984375 0.0234375
4 0.39765625 0.9359375 0.06875 0.06875
6 0.54765625 0.9484375 0.1921875 0.0953125
3 0.81171875 0.92734375 0.2921875 0.1453125
4 0.47265625 0.5 0.03515625 0.45546875
3 0.2375 0.49921875 0.475 0.4546875