4 0.03671875 0.0875 0.0734375 0.0390625
0 0.03671875 0.0875 0.0734375 0.0390625
4 0.090625 0.0875 0.03515625 0.0390625
0 0.10859375 0.0875 0.07109375 0.0390625
4 0.1265625 0.0875 0.0359375 0.0390625
2 0.12109375 0.1421875 0.2421875 0.04453125
4 0.1640625 0.32578125 0.328125 0.21875
4 0.1640625 0.3984375 0.328125 0.36484375
4 0.1640625 0.3984375 0.328125 0.36484375
2 0.1640625 0.4140625 0.2828125 0.05703125
7 0.16328125 0.47890625 0.28125 0.046875
7 0.125 0.54453125 0.2046875 0.0234375
4 0.25859375 0.54453125 0.01875 0.03671875
4 0.29609375 0.54453125 0.01875 0.03671875
4 0.5 0.32578125 0.328125 0.21875
4 0.5 0.3984375 0.328125 0.36484375
4 0.5 0.3984375 0.328125 0.36484375
2 0.5 0.4140625 0.2828125 0.05703125
7 0.4875 0.47890625 0.25859375 0.046875
7 0.4609375 0.54453125 0.2046875 0.0234375
4 0.59453125 0.54453125 0.01875 0.03671875
4 0.63203125 0.54453125 0.01875 0.03671875
4 0.8359375 0.32578125 0.328125 0.21875
4 0.8359375 0.3984375 0.328125 0.36484375
4 0.8359375 0.3984375 0.328125 0.36484375
2 0.8359375 0.428125 0.2828125 0.0859375
7 0.834375 0.49453125 0.2796875 0.02109375
7 0.796875 0.54453125 0.2046875 0.0234375
4 0.93046875 0.54453125 0.01875 0.03671875
4 0.96796875 0.54453125 0.01875 0.03671875
7 0.5 0.6640625 0.375 0.04140625
0 0.5 0.71796875 0.1703125 0.01953125
4 0.4453125 0.89296875 0.4390625 0.21328125
4 0.4421875 0.89296875 0.44609375 0.21328125
4 0.4453125 0.89296875 0.4390625 0.21328125
4 0.33203125 0.89296875 0.6640625 0.21328125
2 0.153125 0.85546875 0.26171875 0.0859375
7 0.14609375 0.95546875 0.246875 0.08828125
4 0.8359375 0.89296875 0.328125 0.21328125
4 0.8359375 0.89296875 0.328125 0.21328125
4 0.8359375 0.89296875 0.328125 0.21328125
2 0.83515625 0.97734375 0.2828125 0.0453125
0 0.03359375 0.959375 0.03203125 0.02890625
7 0.8046875 0.7671875 0.321875 0.03359375
7 0.79609375 0.8421875 0.30546875 0.11484375
0 0.9125 0.8890625 0.0875 0.02578125
7 0.9578125 0.8890625 0.0046875 0.02109375
0 0.7171875 0.946875 0.17578125 0.053125
0 0.8921875 0.946875 0.17578125 0.053125