7 0.0328125 0.0234375 0.04375 0.02109375
6 0.090625 0.0234375 0.0765625 0.02109375
4 0.13046875 0.03046875 0.1515625 0.0453125
0 0.13046875 0.0296875 0.1828125 0.059375
0 0.2796875 0.03203125 0.115625 0.0640625
7 0.44296875 0.0328125 0.2140625 0.0640625
0 0.44296875 0.0328125 0.2140625 0.0640625
7 0.63671875 0.0328125 0.17578125 0.0640625
0 0.63671875 0.0328125 0.17578125 0.0640625
0 0.834375 0.03046875 0.1109375 0.0484375
6 0.93046875 0.03125 0.04375 0.02109375
2 0.5 0.1796875 1 0.0625
7 0.5 0.2546875 1 0.03515625
1 0.2484375 0.36875 0.29375 0.0640625
1 0.5484375 0.36875 0.29375 0.0640625
0 0.803125 0.36875 0.1796875 0.0625
2 0.5 0.4859375 0.9375 0.0390625
0 0.19609375 0.5546875 0.16328125 0.046875
0 0.3546875 0.5546875 0.14921875 0.046875
0 0.5125 0.5546875 0.16015625 0.046875
0 0.675 0.5546875 0.15703125 0.046875
0 0.82109375 0.5546875 0.12890625 0.046875
0 0.2125 0.62109375 0.17109375 0.046875
0 0.38125 0.62109375 0.159375 0.046875
0 0.534375 0.62109375 0.13984375 0.046875
0 0.6828125 0.62109375 0.1484375 0.046875
0 0.8171875 0.62109375 0.1125 0.046875
0 0.5 0.6828125 0.8984375 0.025
7 0.49921875 0.7203125 0.20625 0.01953125
4 0.146875 0.91015625 0.13984375 0.02578125
4 0.290625 0.91015625 0.071875 0.02578125
4 0.40078125 0.91015625 0.07109375 0.0390625
4 0.571875 0.91015625 0.19453125 0.02578125
4 0.75234375 0.91015625 0.090625 0.02578125
4 0.8796875 0.91015625 0.08671875 0.02578125
7 0.5 0.96328125 0.9609375 0.02578125