7 0.134375 0.0296875 0.02265625 0.02734375
0 0.5 0.03046875 0.75390625 0.0296875
7 0.47578125 0.03046875 0.64140625 0.0296875
7 0.83671875 0.03125 0.0796875 0.03125
7 0.978125 0.03359375 0.01953125 0.02578125
4 0.12265625 0.109375 0.15703125 0.06484375
0 0.44453125 0.1078125 0.10625 0.0609375
0 0.5484375 0.1078125 0.10234375 0.0609375
0 0.64140625 0.1078125 0.0859375 0.0609375
0 0.71796875 0.1078125 0.06953125 0.0609375
0 0.7859375 0.1078125 0.06875 0.0609375
0 0.88046875 0.1078125 0.121875 0.0609375
4 0.9546875 0.11328125 0.025 0.02890625
2 0.5 0.275 0.9515625 0.0625
7 0.49921875 0.3734375 0.78203125 0.08359375
2 0.5 0.53125 0.9515625 0.0234375
7 0.10234375 0.7515625 0.09453125 0.13046875
0 0.2390625 0.796875 0.4265625 0.37734375
2 0.31171875 0.7078125 0.24140625 0.04296875
6 0.31171875 0.784375 0.24140625 0.09765625
7 0.25703125 0.88359375 0.13125 0.0484375
4 0.51328125 0.64296875 0.06328125 0.08359375
0 0.5765625 0.6640625 0.1890625 0.125
7 0.57890625 0.6203125 0.03828125 0.0375
5 0.615625 0.6546875 0.1109375 0.02734375
6 0.60859375 0.70703125 0.09765625 0.0390625
4 0.76875 0.64296875 0.06328125 0.08359375
0 0.8359375 0.678125 0.196875 0.15234375
7 0.8375 0.6203125 0.0453125 0.0375
5 0.875 0.66796875 0.11875 0.0546875
6 0.8640625 0.734375 0.09765625 0.0390625
4 0.51328125 0.87734375 0.06328125 0.08359375
0 0.58046875 0.9125 0.1984375 0.15234375
7 0.59453125 0.8546875 0.0703125 0.0375
5 0.61953125 0.90234375 0.1203125 0.0546875
6 0.60859375 0.96875 0.09765625 0.0390625
4 0.76875 0.87734375 0.06328125 0.08359375
0 0.825 0.8984375 0.17578125 0.125
7 0.8546875 0.8546875 0.07890625 0.0375
6 0.8640625 0.94140625 0.09765625 0.0390625