0 0.00625 0.0078125 0.01171875 0.015625
6 0.68046875 0.0265625 0.09296875 0.0140625
6 0.7859375 0.0265625 0.0734375 0.0140625
7 0.8765625 0.0265625 0.06328125 0.0140625
6 0.965625 0.0265625 0.05 0.0140625
4 0.07734375 0.09296875 0.1078125 0.0328125
7 0.19375 0.09375 0.06953125 0.015625
0 0.1984375 0.09375 0.096875 0.08359375
0 0.30390625 0.09375 0.1140625 0.08359375
0 0.415625 0.09375 0.109375 0.08359375
0 0.571875 0.09375 0.109375 0.08359375
7 0.6921875 0.09375 0.10078125 0.015625
0 0.79609375 0.09375 0.059375 0.08359375
0 0.915625 0.09296875 0.14921875 0.04296875
7 0.415625 0.1734375 0.49609375 0.02109375
6 0.6984375 0.1734375 0.06875 0.02109375
7 0.78203125 0.1734375 0.1 0.02109375
0 0.9703125 0.17578125 0.0203125 0.02578125
4 0.471875 0.81484375 0.0140625 0.01796875
4 0.49609375 0.81484375 0.0140625 0.01796875
4 0.5203125 0.81484375 0.0140625 0.01796875
4 0.553125 0.81484375 0.02421875 0.03125
0 0.553125 0.81875 0.02421875 0.0390625
7 0.5 0.5671875 1 0.865625
4 0.5 0.5671875 1 0.865625
2 0.3734375 0.31796875 0.52734375 0.078125
7 0.2640625 0.42421875 0.309375 0.0390625
7 0.303125 0.4828125 0.38671875 0.0390625
7 0.315625 0.54140625 0.4125 0.0390625
0 0.2234375 0.64921875 0.1890625 0.0765625
0 0.2140625 0.65 0.209375 0.01796875
7 0.4953125 0.9421875 0.696875 0.115625
0 0.90234375 0.94375 0.1171875 0.06015625
4 0.02265625 0.56875 0.0265625 0.05703125
4 0.97734375 0.56875 0.0265625 0.05703125
7 0.48984375 0.83359375 0.86015625 0.07265625
0 0.10234375 0.88515625 0.0859375 0.02578125
0 0.740625 0.9515625 0.06328125 0.04140625
0 0.81328125 0.9515625 0.0734375 0.04140625
0 0.89453125 0.9515625 0.08203125 0.04140625
4 0.94921875 0.93203125 0.03515625 0.046875
0 0.94921875 0.93203125 0.0546875 0.07265625